2006
2777
3854
4775
5695
6308
6920
7532
7990
8601
9062
9676
9676
9523
9830
10133
10282
10585
10738
10585
10738
11040
11194
11347
11347
11342
11496
11649
11649
11649
11496
11496
11189
11189
11189
11189
11189
11189
11189
11189
11040
11040
11040
11040
11040
11040
11040
11045
10589
10738
10738
10891
11040
11194
11347
11496
11496
11649
11649
11797
11797
11950
11950
11950
11950
11950
12104
12104
12104
12104
12104
12104
12104
12104
12104
12104
12104
12104
12257
12257
12257
12257
12104
12257
12262
12415
12574
12574
12574
11659
10743
10896
11045
11198
11347
11500
11500
11654
11654
11649
11802
11802
11955
11955
11955
11950
11950
12104
12104
12104
12104
12104
12104
12104
12104
12257
12257
12257
12257
12252
12104
12104
12104
12257
12415
12415
12574
12119
10896
10896
11045
11198
11347
11500
11500
11649
11649
11649
11802
11802
11950
11950
11950
11950
11950
