2005
2466
3389
4157
4925
5536
6151
6764
6766
7225
7529
7833
8140
8290
8598
8747
8747
8901
9051
9204
9204
9357
9511
9507
9507
9660
9660
9814
10124
10278
9826
9365
9519
9515
9668
9668
9664
9664
9818
9664
9818
9818
9814
9814
9814
9967
9967
9967
9967
9967
10278
10431
10589
10436
9826
9975
9975
9975
9971
9971
9971
9971
9967
9967
9967
9967
9967
9967
9967
9967
9967
9967
9967
10124
10431
10436
10436
10593
9984
9216
9062
9216
9365
9365
9515
9515
9668
9664
9511
9511
9664
9664
9664
9818
9814
9814
9814
9818
9515
9668
9664
9664
9818
9818
9814
9814
9814
9814
9814
9814
9814
9814
9814
9967
9967
9967
9963
9963
9967
10274
10431
10585
10589
10593
10137
9377
1389
2468
3391
4313
4927
5695
6308
6766
6766
7225
7683
7987
8294
8598
8905
9054
9208
9208
9515
9664
9818
9971
10124
10120
10274
10120
10274
10274
10427
10427
10580
10580
10580
10585
10738
10891
10896
10896
10743
10743
10589
9979
12441
12595
12748
12902
12902
12441
12595
12748
12743
12897
12441
12595
12748
12743
12897
12441
12595
12748
12743
12897
12897
12441
12595
12743
12897
12897
12441
12595
12748
12743
12897
12897
12441
12595
12743
12897
12897
12441
12595
12595
12743
12897
12897
12441
12595
12595
12748
12902
12902
12441
12441
12595
12748
12748
12748
12441
12441
12595
12748
12748
12902
12441
12595
12595
12748
12902
12902
12441
12441
12595
12748
12902
12902
12902
12441
12595
12748
12748
12902
12902
12441
12595
12595
12748
12902
12902
12748
12441
12595
12748
12748
12897
12902
12441
12595
12595
12748
12902
12897
12897
12441
12441
12595
12748
12902
12902
12897
12441
12595
12748
12748
12902
12897
12897
12441
12595
12748
12902
12902
12897
12897
