2161
2776
3854
4775
5695
6461
6766
7225
7836
8294
8751
9212
9515
9822
10129
10589
10896
11049
10440
9830
10133
10286
10589
10743
10891
10891
11045
11194
11347
11500
11496
11496
11649
11649
11649
11802
11802
11955
11802
11950
11950
11950
11950
11950
11950
11950
11950
12104
12104
12104
12104
12104
12262
12262
12420
12420
12420
11352
10896
11045
11198
11347
11347
11500
11649
11649
11649
11649
11802
11802
11955
11955
11955
11950
11950
11950
11950
12104
12104
11950
12104
12104
12104
12104
12104
12104
12104
12104
12104
12104
12257
12262
12420
11352
11352
11352
11500
11654
11654
11649
11802
11649
11802
11802
11802
11950
11950
11950
11950
11950
11950
11950
11950
12104
12104
12104
12104
12104
12104
12104
12099
12099
12099
12099
11950
12104
12104
12104
12104
12262
12415
12114
11198
11352
11352
11500
11654
11654
11807
11802
13505
13505
13499
13499
13505
13505
13499
13340
13340
13182
13182
13023
13023
13023
12864
12864
12864
12864
12864
12864
12859
12859
12706
12706
12706
12706
12706
12706
12706
12706
12706
12706
12706
12706
12553
12553
12553
12553
12553
12706
12553
12553
12706
12711
12864
12870
12262
11955
12109
12104
12257
12257
12410
12252
12405
12405
12405
12405
12405
12558
12405
12405
12558
12558
12553
12553
12553
12553
12553
12553
12553
12553
12553
12553
12553
12553
12553
12553
12553
12706
12553
12553
12553
12553
12711
12864
12870
12262
12415
12410
12410
12410
12405
12558
12405
12558
12558
12558
12558
12558
12553
12553
12553
12553
12553
12553
12553
12553
12706
12553
12553
12553
12553
12553
12553
12553
12553
12553
12553
12553
12553
12706
12706
12706
12553
12706
12711
12864
12870
13028
13028
12415
12897
12897
12897
12897
12897
12897
13056
13050
13050
13050
13050
13050
13050
13050
13050
13050
13050
13050
13050
13050
13050
13050
13050
13050
13050
13050
12891
12738
12732
12732
12574
12574
12420
12415
12415
12415
12262
12262
12257
12257
12257
12257
12257
12257
12104
12104
12104
12104
12104
12104
12104
12104
12104
12104
12104
12104
12104
12104
12104
12104
12104
12104
12104
12104
11950
12109
12262
12267
12267
12262
11807
11352
11347
11500
11500
11649
11649
11802
11802
11802
11797
11797
11797
11950
11950
11797
11950
11950
11950
11950
11950
11950
11950
11950
11950
11950
11950
12104
12104
12104
11950
11950
12104
12099
12099
12099
12099
11950
11950
12109
12262
12267
12420
12420
11812
11049
11198
11352
11352
11500
11654
11654
11654
11649
11802
11802
11802
11802
11955
11955
11955
