2006
2930
4006
5083
6005
6772
6621
7077
7689
8301
8758
9062
9519
9826
10129
10278
10585
10738
10887
11040
11194
11342
11342
11496
11496
11649
11649
11802
11797
11797
11797
11950
11950
11950
11950
11950
11950
11950
12104
12104
12104
12262
11807
11654
11807
11807
11802
11955
11955
11955
11955
11950
12104
12104
12104
12104
12104
12104
12104
12104
12104
12104
12104
12104
12104
12104
12104
12104
12104
11950
12104
12104
12104
12104
12104
12104
12104
12104
12262
12262
12420
12420
12267
11352
11505
11500
11654
11654
11807
11802
11802
11802
11955
11955
11955
11955
11950
11950
11950
11950
11950
12104
12104
12104
12104
12104
12104
12104
12104
12104
12104
12104
12104
12104
12104
12104
12104
12262
12415
12420
11812
11807
11807
11960
11955
11955
12109
12109
12109
12104
12104
12104
12104
12104
12104
12104
10611
10611
10765
10765
10765
10765
10765
10765
10765
10919
10919
10919
10919
10765
10919
10914
10756
10756
10752
10752
10593
10593
10593
10589
10589
10589
10585
10585
10431
10585
10585
10585
10585
10585
10580
10585
10580
10580
10580
10580
10580
10580
10580
10427
10580
10580
10580
10580
10580
10580
10580
9975
10129
10129
10278
10278
10431
10431
10431
9971
10124
10124
10278
10278
10431
10427
10427
10427
10427
10427
10427
10427
10580
10580
10580
10580
10427
10580
10580
10580
10580
10580
10580
10580
10427
10427
10580
10580
10585
10585
10589
10743
10747
10291
9527
9676
9830
9979
10133
10129
10282
10282
10282
10129
10282
10278
10278
10431
10431
10431
10585
10585
10278
10278
10431
10431
10431
10431
10585
10585
10585
10278
10431
10431
10431
10427
10427
10580
10580
10580
10580
9672
9822
9822
9975
10124
10124
10278
10278
10278
10431
10124
10278
10278
10278
10427
10427
10427
10427
10580
10427
10274
10427
10427
10427
10580
10580
10580
10580
10580
10274
10427
10427
10427
10427
10580
10580
10580
10580
10580
10431
13204
13204
13045
12886
12886
12727
12574
12574
12574
12415
12415
12415
12262
12262
12262
12257
12257
12257
12104
12104
12104
12257
12257
12257
12104
12104
12104
12104
12104
12104
11950
12104
12104
12104
12104
12104
12104
12104
12104
12104
12104
12262
12114
11505
11654
11654
11807
11802
11955
11802
11802
11802
11955
11950
11950
12104
11950
11950
11950
12104
12104
12104
12104
11950
11950
12104
12104
12104
12104
12104
12104
12104
12104
12104
12104
12104
12257
12104
12104
12104
12104
12104
12104
12257
11654
11654
11654
11802
11802
11802
11802
11955
11802
11797
11797
11950
11950
11950
12104
11950
11950
12104
12104
12104
12104
12104
12104
11950
12104
12104
12104
12104
12104
12257
12104
12104
12104
12104
12104
12104
12104
12257
12104
12104
12104
12257
12262
12415
12420
12420
11356
11505
11659
11654
11807
11807
11802
11955
13352
13352
13352
13352
13346
13193
13034
13034
12875
12875
12722
12716
12716
12716
12558
12558
12558
12558
12558
12558
12405
12400
12405
12400
12400
12400
12400
12400
12247
12247
12400
12400
12400
12400
12400
12400
12400
12400
12400
12400
12247
12400
12400
12400
12400
12400
12400
11644
11644
11644
11644
11797
11792
11945
11792
11945
11945
12099
12099
12099
12099
12093
12093
12247
12247
12247
12247
12247
12247
12247
12247
12400
12400
12400
12247
12247
12247
12400
12400
12400
12400
12400
12400
12400
12400
12400
12400
12400
12247
12247
12405
12558
12563
12716
12722
11654
11649
11802
11802
11950
11950
12104
12104
11945
12099
12099
12099
12252
12252
12247
12247
12247
12247
12247
12247
12247
12400
12247
12247
12247
12247
12247
12400
12400
12400
12400
12400
12400
12400
12400
12400
12400
12400
