7225
7683
7987
8290
8598
8901
9054
9204
9357
9511
9664
9822
9979
9369
8908
9058
9212
9515
9668
9664
9818
9967
9967
10124
10129
10286
10286
9519
8601
8755
8905
9208
9361
9511
9664
9664
9818
9975
9979
10137
10137
10137
9219
8301
7843
7993
8297
8448
8751
9058
9208
9361
9519
9672
9830
9979
9979
9975
9212
8598
8905
9054
9208
9357
9511
9664
9822
9979
10133
10129
10129
10278
10278
9515
9054
9208
9357
9511
9660
9818
9975
9979
10133
10129
10282
10278
10278
10431
9664
9054
9208
9357
9511
9664
9822
9979
9979
10129
10129
10278
10278
10278
10274
10124
9208
9204
9357
9511
9668
9826
9979
10129
10129
10124
10278
10274
10274
10274
10427
9818
9357
9511
9668
9826
9826
9975
9975
10124
10124
10278
10274
10274
10427
10427
10427
9511
8901
9054
9357
9511
9664
9660
9814
9967
9963
10116
10116
10269
10274
10278
10436
9822
8905
8905
9208
9361
9511
9664
9814
9814
9967
9963
10116
10120
10278
10282
10436
10431
9668
9054
9361
9511
9511
9660
9814
9967
9967
10116
10274
10278
10282
10286
10444
10449
10146
9385
465
1549
2632
3559
4485
5100
5870
6331
6949
7409
7715
8023
8328
8637
8942
9096
8788
9096
9250
9400
9554
9709
9709
9863
10017
10017
10171
10167
10167
10321
10321
10321
10171
10171
10325
10321
10321
10321
10475
10475
10475
10475
10475
10475
10475
10475
10629
10629
10321
10321
10475
10475
10475
10475
10475
10475
10475
10475
10475
10629
10629
10629
10629
10629
10475
10321
10321
10321
10321
10321
10475
10475
10475
10475
10475
10475
10475
10475
10475
10629
10629
10475
10475
10475
10475
10475
10475
10475
10475
10475
10629
10629
10629
10629
10629
10629
10629
10629
10321
10321
10475
10475
10475
10475
10475
10475
10475
10629
10629
10629
10629
10629
10629
10629
10629
10321
10321
10475
10475
10475
10475
10475
10475
10475
10475
10629
10629
10629
10629
10629
10629
10629
10629
13812
13812
13812
13965
13965
13812
13812
13965
13965
13965
13812
13812
13965
13965
13965
13965
13965
13965
13965
13965
13812
13812
13812
13812
13812
13812
13812
13812
13965
13965
13812
13812
13812
13812
13965
13965
13812
13965
13965
13965
13965
13812
13812
13812
13812
13965
13965
13812
13812
13812
13812
13812
13812
13812
13812
13812
13812
13812
13812
13812
13812
13812
13965
13965
13812
13812
13812
13812
13965
13965
13812
13965
13965
13965
13965
13965
13812
13812
13812
13812
13965
13965
13812
13812
13812
13812
13812
13812
13812
13812
13812
13812
13812
13965
13965
13812
13812
13812
13812
13812
13812
13965
13812
13812
13812
13812
13812
13812
13812
13812
13812
13812
13812
13812
13965
12600
12600
12600
12600
12600
12600
12446
12600
12600
12600
12600
12600
12446
12446
12446
12446
12446
12600
12446
12600
12600
12600
12600
12600
12600
12600
12600
12600
12600
12600
12600
12600
12600
12600
12600
12600
12600
12600
12600
12600
12600
12754
12754
12754
12600
12600
12600
12600
12600
12600
12754
12605
12600
12600
12600
12600
12600
12600
12600
12600
12600
12600
12600
12600
12754
12605
12605
12600
12600
12600
12600
12600
12605
12451
12605
12605
12605
12600
12600
12600
12451
12446
12605
12605
12605
12605
12600
12600
12451
12605
12600
12600
12600
12600
12600
12451
12446
12600
12600
12600
12600
12600
12600
12446
12446
12446
12600
12600
12600
12600
12600
12446
12446
12446
12446
12446
12600
12600
12600
12446
12446
12446
12600
12600
12600
12600
12600
12600
12446
12446
12600
12600
12600
12600
12600
12600
12446
12446
12446
12600
12605
12600
12600
12600
