8178
8486
8791
8945
9100
9250
9404
9558
9558
9713
9713
9867
9713
9250
8637
8023
7409
6949
6795
7103
7564
7872
8178
8486
8637
8791
9100
9254
9404
9404
9558
9250
8791
8332
7718
7103
6795
7258
7564
7869
8178
8483
8637
8945
9100
9250
9404
9404
9558
9558
9250
8791
8332
7869
8178
8483
8637
8791
8942
9096
9250
9404
9558
9558
9709
9709
9863
9558
9250
8637
8023
8178
8486
8637
8791
8945
9096
9250
9404
9558
9713
9713
9867
9863
9867
9558
8945
8332
7718
7872
8178
8332
8637
8791
8945
9100
9250
9404
9558
9558
9709
9863
9863
9558
9096
8637
8023
8332
8483
8791
8945
9096
9250
9404
9558
9558
9709
9709
9863
9863
9863
9404
9100
8637
8332
8483
8791
8945
9100
9250
9404
9404
9558
9713
9713
9867
9863
10017
10017
9713
9558
8945
8178
8023
8332
8641
8791
8945
9100
9250
9404
9558
9558
9713
9713
9867
9863
9863
9558
8945
8486
7872
7409
6949
7103
7564
7872
8023
8332
8486
8791
8945
8945
9096
9250
9250
9404
9404
9558
9713
9713
9404
8791
8178
7718
7255
6795
6488
6795
7255
7564
7869
8178
8483
8637
8945
9096
9250
9404
9558
9558
9709
9709
9558
9250
8637
7869
7718
8023
8178
8486
8791
8945
9100
9250
9404
9558
9709
9709
9863
9859
10008
9850
9385
8612
7997
8150
8458
8769
8919
9073
9223
9373
9523
9672
9826
9822
9975
10129
10133
10291
9984
9369
9058
9212
9361
9515
9664
9822
9975
9979
10133
10133
10129
10282
10278
10278
10431
10431
9818
9212
9361
9515
9664
9818
9818
9967
9967
10120
10120
10278
10282
10436
10436
10431
10431
10278
9357
9204
9357
9511
9664
9822
9979
9975
10129
10124
10124
10278
10274
10274
10427
10427
10431
10282
9519
8598
8751
8901
9208
9357
9511
9664
9818
9822
9979
10133
10133
10129
10282
10278
10278
10431
9971
9204
9208
9365
9519
9672
9672
9822
9975
9971
10124
10124
10124
10274
10274
10278
10436
10436
10436
9975
9208
9361
9511
9664
9818
9814
9967
9971
10129
10133
10291
10291
10286
10440
10436
10436
10431
10431
9511
8594
8137
8137
8290
8594
8747
9051
9204
9357
9507
9660
9660
9814
9971
10129
10129
10282
10278
10278
10124
9511
11990
12144
12298
12446
12446
11990
12144
12298
12451
12600
12144
12144
12298
12446
12600
12600
11990
12144
12298
12451
12600
12144
12144
12298
12446
12446
12600
11990
12144
12298
12446
12600
12600
11990
12144
12293
12446
12446
12446
11837
12144
12298
12446
12446
12446
11837
12144
12298
12446
12446
12600
11837
11990
12144
12451
12446
12600
11841
11990
12144
12298
12446
12600
12144
11990
12144
12298
12446
12600
12600
11837
11990
12144
12298
12446
12600
12298
11990
12144
12298
12446
12600
12600
11841
11990
12144
12298
12451
12600
12600
11841
11990
12144
12298
12446
12600
12600
11841
11990
12144
12298
12446
12600
12600
11837
11990
12144
12298
12451
12600
12600
11841
11990
12144
12298
12446
12600
12600
11990
11990
12144
12298
12451
12600
12600
12451
8476
8780
9242
9393
9547
9393
8630
8476
8780
9242
9393
9547
9393
8476
8171
8630
8934
9393
9547
9393
8630
8167
8630
9088
9242
9393
9547
8934
8171
8167
8630
9088
9393
9700
9239
8476
8322
8780
9088
9393
9696
9700
8780
8167
8626
9088
9239
9393
9700
9393
8626
8167
8626
9088
9393
9547
9700
9239
8476
8171
8476
8934
9239
9547
9696
9239
8476
8167
8626
9088
9393
9547
9696
9393
8476
8013
8476
8934
9239
9547
9547
9700
8780
8171
8322
8630
9088
9393
9547
9547
9239
8476
7862
8322
8780
9088
9393
9547
9700
9088
8322
7862
8322
8784
9088
9393
9547
9700
8934
8171
8017
8476
8934
9242
9547
9700
9700
8934
8171
8171
8630
8934
9242
9393
9547
9547
9242
8322
7862
8322
8780
9088
9547
9696
10004
9239
8476
8322
8780
9085
9393
9696
10004
10004
9239
8476
8013
8322
8780
9085
9393
9696
9850
9393
8626
8017
8167
8626
9088
9393
9700
9850
10004
9088
8322
