1853
2623
3700
4775
5697
6464
7231
7385
7692
8304
8762
9219
9523
9826
9826
9979
10282
10589
10738
11045
11194
11040
11194
11347
11496
11649
11649
11802
11649
11802
11802
11955
11950
11950
12104
11950
11950
12104
12104
12104
12257
12257
12104
12104
12104
12262
12262
12420
12267
11356
10747
11049
11203
11352
11505
11654
11807
11198
11352
11500
11500
11654
11807
11955
11955
11955
12109
12109
12109
12257
12257
12257
12109
12109
12262
12257
12257
12410
12410
12410
12257
12257
12257
12410
12410
12410
12410
11654
11807
11807
11955
11955
12109
12109
12109
11802
11802
11955
11955
12104
12104
12257
12257
11950
12104
12104
12257
12257
12257
12257
12410
12104
12104
12104
12257
12257
12257
12410
12410
12104
12104
12257
12257
12257
12257
12257
12262
12420
11812
11812
11960
12114
12109
12262
12262
12262
12257
12109
12109
12262
12257
12410
12410
12410
12563
12410
12410
12410
12410
12563
12563
12563
12558
12558
