2156
2771
3694
4615
5384
6305
6920
7535
7228
6766
7071
7529
7833
8290
8444
8747
9054
9204
9357
9357
9818
10129
10589
10743
10896
10896
10129
9365
9212
9361
9515
9664
9818
9814
9967
10120
10274
9219
9216
9365
9519
9668
9822
9818
9971
10120
10120
9967
9814
9967
10120
10427
10738
11045
11203
10589
9826
9519
9668
9822
9971
9971
10124
10120
10274
10274
10274
9515
9668
9818
9971
9971
10120
10120
10274
10269
10269
10269
10269
10269
10423
10734
11040
11198
11352
11198
10282
9519
9515
9668
9818
9818
9971
9967
10120
10120
10274
10274
10274
923
1691
2768
3535
4456
5070
5683
6297
6755
7216
7523
7980
8137
8140
8444
8751
8901
9054
9357
9511
9664
9660
9814
9967
9967
9814
10120
10431
10738
11045
11045
10891
10891
10887
10278
9357
9357
9511
9664
9814
9967
10120
10431
10738
10896
10440
9519
8755
8444
8598
8905
9054
9208
9357
9511
9664
9818
10278
10436
10129
10129
10278
10278
10278
10431
10427
10427
10427
10427
10427
10427
10427
10580
10891
11045
11352
11510
11510
11352
11352
11198
10431
9664
9357
9511
9664
9818
9814
9967
10278
10585
10891
11203
10444
772
1851
2929
4006
5081
6002
6766
7378
7990
7990
7836
8448
8905
9365
9668
9975
10440
10593
10901
10137
