8486
8641
8795
8945
9100
9254
9404
9558
9558
9713
9713
9867
9863
9713
9250
8791
8178
7564
7258
7564
7872
8178
8486
8637
8791
8945
9254
9250
9404
9558
9713
9404
9254
8637
8023
7409
7258
7564
7872
8178
8486
8637
8791
9100
9250
9404
9404
9558
9713
9558
9250
8791
8178
8178
8332
8637
8791
8945
9100
9250
9404
9558
9713
9713
9863
9863
9713
9250
8791
8178
8178
8483
8637
8945
9096
9250
9404
9404
9558
9709
9709
9709
9863
9709
9096
8637
8328
7869
7255
7409
7718
8023
8332
8483
8791
8945
9096
9250
9404
9558
9713
9713
9713
9558
8945
8178
7564
7103
6488
6795
7258
7564
7872
8178
8486
8637
8791
9100
9254
9404
9404
9558
9713
9404
9100
8637
8178
8178
8486
8637
8791
9100
9254
9404
9404
9558
9713
9713
9867
9863
9863
9867
9713
9250
8637
8791
8945
9100
9250
9404
9558
9558
9713
9867
9863
9863
10017
10017
10017
9863
9558
9100
8332
7718
7258
7103
7409
7718
8023
8332
8483
8791
8945
9096
9250
9404
9558
9554
9709
9709
9554
9250
8637
8023
7564
6949
6486
6334
6795
7255
7564
8023
8178
8483
8791
8945
9096
9250
9404
9558
9709
9709
9554
9250
8637
8178
7564
7255
7564
7869
8178
8483
8637
8945
9100
9250
9404
9404
9558
9713
9713
9863
9863
9558
9250
8791
8178
7718
7872
8178
8486
8637
8945
9100
9250
9404
9404
9558
9713
9713
9863
9863
10017
9863
9558
8945
8178
7564
7103
6643
6949
7409
7718
8023
8332
8486
8791
8945
9100
9250
9404
9558
9713
9713
9863
9867
9558
9100
8486
8332
8637
8791
8945
9100
9250
9404
9558
9713
9713
9867
9863
9863
10017
10017
10017
10017
9558
9100
8637
8178
8332
8637
8791
8945
9100
9250
9404
9558
9713
9713
9867
9863
10017
10017
10017
10017
9709
9250
8791
8483
8023
8178
8483
8637
8945
9096
9250
9404
9404
9558
9709
9709
9863
9863
10017
10017
10017
10017
9863
9554
8945
8637
8791
9096
9250
9400
9547
9696
9692
9842
9838
9988
9984
10137
10295
10295
10295
10295
9984
9216
9365
9519
9668
9822
9975
9979
10137
10133
10282
10282
10278
10278
10278
10427
10427
10427
10431
9979
9058
8444
8747
8901
9204
9357
9511
9664
9822
9979
9979
10129
10129
10124
10278
10278
10278
10274
10427
9822
8780
9242
9547
9854
10004
9547
8630
8934
9242
9547
9854
10004
9088
8784
9088
9393
9700
10004
9700
8780
8784
9088
9547
9700
10004
9547
8784
8780
9242
9547
9854
10004
9547
8630
8934
9242
9547
9854
10004
9547
8784
8934
9242
9547
9854
10158
9700
8934
8934
9242
9547
9850
10158
10004
9088
8780
9242
9547
9854
9850
10004
9547
8784
8630
9088
9393
9700
9850
9850
9547
8626
8630
8934
9239
9547
9850
10158
9393
8630
8934
9239
9547
9850
10158
10158
9239
8626
9088
9393
9696
9696
9692
9688
9684
9531
8758
8605
8755
8755
8905
9216
9523
9830
10137
9523
8758
8758
8755
8908
8905
8905
9058
9054
9054
9361
9672
9216
8448
8448
8598
8751
8751
8901
8901
8901
9054
9054
9361
9365
9212
9212
9212
9208
9208
9208
9208
9204
9204
9204
9204
9357
465
1394
2477
3557
4482
5252
6020
6635
6635
7095
7708
8167
8626
9088
9393
9547
9850
10158
10308
10462
10611
10765
12600
12600
12600
12600
12600
12600
12605
12605
12600
12600
12600
12600
12446
12600
12600
12600
12600
12600
12600
12600
12600
12600
12600
12600
12600
12446
12446
12600
12600
12600
12600
12600
12600
12600
12600
12600
12600
12600
12451
12605
12600
12600
12600
12600
12600
12600
12600
12600
12600
12600
12605
12605
12605
12600
12600
12600
12600
12600
12451
12451
12605
12605
12605
12605
12600
12600
12605
12605
12600
12600
12600
12605
12605
12605
12605
12605
12600
12600
12600
12600
12451
12451
12605
12605
12605
12605
12600
12600
12298
12451
12451
12451
12451
12451
12605
12605
12451
12451
12451
12605
12605
12600
12600
12451
12451
12451
12605
12605
12605
12600
12600
12451
12451
12451
12600
12605
12605
12605
12605
12451
12451
12451
12605
12605
12600
12600
12600
12600
12451
12446
12600
12600
12600
12600
12600
12600
12446
12446
12446
12600
12600
12600
12600
12600
13516
13516
13516
13516
13516
13516
13516
13516
13516
13516
13516
13516
13516
13516
13516
13516
13516
13516
13516
13516
13516
13516
13516
13516
13516
13516
13516
13516
13516
13516
13516
13516
13516
13516
13516
13516
13516
13516
13516
13516
13516
13516
13516
13516
13516
13516
13516
13516
13516
13516
13516
13516
13516
13516
13516
13516
13516
13516
13516
13516
13516
13516
13511
13511
13511
13511
13511
13511
13511
13511
13511
13363
13516
13516
13516
13516
13516
13516
13516
13516
13516
13516
13516
13516
13516
13516
13516
13516
13516
13516
13516
13516
13516
13516
13516
13516
13516
13516
13516
13516
13516
13516
13363
13516
13516
13516
13516
13516
13516
13516
13516
13516
13516
13516
13516
13516
