2007
2777
3854
4931
5853
6621
7234
7234
6775
7080
7538
8150
8758
9062
9523
9216
9216
9672
9975
10282
10585
10738
10738
10891
11040
11194
11347
11500
11496
11347
11500
11649
11649
11802
11802
11955
11649
11649
11802
11802
11802
11955
11955
11955
11802
11802
11802
11955
11960
12114
12119
11356
10440
10593
10896
11049
11198
11352
11500
11198
11045
11198
11347
11500
11500
11654
11802
11654
11649
11802
11802
11802
11802
11955
11955
11802
11802
11955
11955
12109
12109
12109
12104
11802
11802
11955
11955
12109
12109
12109
12104
11955
11960
12114
12119
12119
12272
12277
11975
11059
9988
9073
9377
9680
9984
10286
10593
10743
10896
11045
10743
11045
11198
11194
11347
11500
11649
11649
11649
11802
11802
11802
11955
11955
11950
11950
12104
11955
11950
11950
11950
11950
12104
12104
12104
12104
12104
12104
12104
12104
12109
12109
12267
12272
11812
10747
10896
11049
11198
11352
11500
11654
11654
11807
11347
11500
11654
11654
11802
11802
11955
11955
11955
12441
12595
12748
12748
12902
12441
12595
12748
12902
12902
12441
12595
12748
12748
12902
12595
12595
12748
12748
12902
12897
12595
12595
12748
12897
12897
12441
12595
12748
12897
12897
12897
12441
12595
12743
12897
12897
12743
12595
12595
12748
12897
12897
12595
12595
12748
12902
12897
12897
12441
12595
12748
12748
12902
12902
12441
12595
12748
12748
12902
12902
12441
12595
12748
12748
12902
12902
12748
12595
12595
12748
12902
12902
12902
12441
12595
12748
12748
12902
12902
12441
12595
12595
12748
12902
12902
12902
12441
12595
12748
12748
12902
12897
12748
12441
12595
12748
12902
12902
12748
12441
11832
11985
11985
11832
11832
11678
11678
11678
11375
11529
11678
11678
11524
11524
11524
11524
11222
11068
11222
11524
11673
11822
11970
11965
