1852
2623
3546
4315
5081
5695
6308
6459
6917
7532
7993
8455
8762
8455
8147
8451
8758
9062
9212
9519
9212
9365
9515
9822
9975
9971
10124
10124
10278
10278
10431
10427
10580
10580
10580
10580
10734
10734
10734
10734
10734
10734
10734
10887
10887
10887
10887
10887
10887
10887
10887
10887
10887
11045
11045
11203
11203
11054
10440
9830
9979
10133
10129
10282
10436
10436
10282
10282
10431
10431
10585
10585
10580
10580
10580
10734
10734
10734
10734
10887
10734
10734
10887
10887
10887
10887
10887
10887
10887
10887
10887
10887
10887
10887
10882
10887
10887
10887
11045
11045
11049
11049
10593
9984
10133
10286
10282
10436
10431
10585
10585
10129
10278
10278
10431
10427
10580
10580
10580
10580
10580
10734
10734
10734
10887
10887
10887
10734
10734
10887
10887
10887
10887
10887
10887
10887
10887
10887
10882
10882
10882
10882
10887
11990
12144
12451
12446
12600
11990
12144
12298
12451
12446
11990
11990
12144
12298
12451
12446
11837
12144
12298
12451
12446
11990
11837
12144
12298
12451
12446
11837
11990
12144
12293
12446
12446
11837
11990
12144
12446
12446
12446
11837
11990
12298
12293
12446
12446
11837
11990
12144
12298
12446
12600
11688
11990
12144
12298
12446
12446
11990
11990
12144
12298
12446
12600
12451
11837
11990
12144
12298
12446
12600
11837
11990
12144
12293
12446
12600
12446
11837
11990
12144
12293
12446
12600
12144
11837
12144
12293
12446
12600
12600
11990
11990
12144
12298
12446
12600
12600
11837
11990
12144
12298
12446
12600
12600
11990
11990
12144
12298
12446
12600
12600
12144
11837
11990
12144
12298
12451
12600
12451
11841
11990
12144
12298
12446
12600
12600
11688
