2306
2920
3996
4919
5687
6300
6914
6917
6914
7372
7833
8137
8440
8747
9051
9204
9507
9208
9361
9511
9664
9814
9967
10120
10269
10269
10269
10269
10576
10887
11194
11500
11654
10743
10436
10431
10585
10580
10580
10580
10729
10729
10729
10729
9822
9975
9971
10124
10274
10274
10427
10423
10576
10576
10423
10729
11036
11347
11654
11807
11352
10589
10585
10738
10734
10734
10734
10887
10882
10882
10882
10431
10431
10427
10580
10580
10580
10576
10729
10729
10729
10729
10576
10278
10278
10427
10427
10427
10427
10580
10580
10576
10576
10576
10576
10423
1076
1999
3228
4458
5531
6453
7222
7068
6761
7219
7676
7980
8287
8590
8897
9204
9353
9660
9814
9818
9971
9967
10120
10274
10269
10423
10423
10423
10576
10571
10571
10571
10882
11189
11342
11654
11807
11654
10887
10580
10580
10580
10576
10729
10729
10729
10729
10729
10725
10878
10278
10278
10274
10427
10427
10423
10576
10576
10729
10729
10725
10725
10571
10729
11036
11342
11496
11807
11960
11654
10585
9664
9818
9967
10120
10274
10274
10423
10423
10576
10576
10882
11040
925
2004
3080
4003
4925
5538
6308
6923
7382
7689
7535
8147
8451
8908
9212
9515
9818
9971
10274
10427
