2161
3084
4161
5083
6002
6769
7228
7686
8297
8755
9212
9515
9668
9971
10278
10585
10891
10896
10743
10891
11045
11194
11347
11347
11500
11496
11649
11649
11802
11802
11802
11802
11950
11950
11950
11950
11950
11950
12104
12104
12104
12104
11950
12104
12104
12104
12104
12104
12104
12104
12104
12104
12257
12262
12415
11659
11654
11807
11807
11955
11955
11955
11955
11955
11955
12104
12104
12104
12104
12104
12104
12104
12104
12104
12104
12104
12104
12104
12104
12104
12104
12104
12104
12104
12104
12104
12104
12104
12104
12104
9834
9830
10133
10440
10589
10738
10891
10738
10585
10738
11040
11194
11194
11342
11496
11496
11496
11649
11644
11797
11797
11797
11950
11950
11950
11950
11950
11950
11950
12104
11950
12104
12104
12104
12104
12104
12262
12415
11659
11654
11807
11802
11802
11955
11955
11955
