2932
3547
4623
5697
6615
7228
7225
7990
8448
9058
9515
9818
10124
10427
10734
11036
11342
11491
11644
11644
11792
11945
12099
12099
11945
11950
11950
11950
11797
11797
11797
11194
11194
11347
11347
11342
11496
11496
11649
11797
11950
11950
12099
11945
11945
11797
11945
12099
12252
12252
12405
12252
12252
12252
12400
12252
12252
12099
12252
12252
12252
12405
12405
12400
12553
11347
11347
11496
11649
11802
11950
12104
11797
11950
11945
12099
12252
12252
12405
12405
12405
12400
12553
12553
12553
12553
12553
12553
12706
12706
12706
12706
12706
12706
12706
12706
12706
12706
12706
12859
12104
12104
12104
12252
12405
12405
12405
12558
12252
12405
12405
12553
12553
12553
12553
12553
12553
12706
12706
12706
12706
12706
12706
12706
12706
12706
12706
12706
12706
12859
12706
12706
12706
12706
12859
12859
12864
13017
11380
11529
11683
11837
11985
12139
12139
12293
12446
12600
12595
12600
12595
12595
12595
12595
12748
12748
12748
12748
12748
12748
12748
12748
12748
12748
12748
12748
12748
12589
12436
12431
12431
12426
12426
12420
12420
12267
12267
12262
12262
12262
12262
12262
12262
12262
12257
12257
12257
12257
12257
12410
12257
12257
12257
12257
12257
12410
12410
12410
12257
12257
12257
12410
12415
12420
12574
11965
11049
11203
11352
11505
11654
11807
11807
11960
11807
11955
11955
12109
12109
12262
12257
12109
12109
12262
12262
12257
12410
12410
12410
12410
12410
12410
12410
12410
12563
12563
12563
12257
12257
12410
12410
12410
12415
12574
12574
11663
10593
10896
11049
11352
11505
11654
11654
11807
11807
11802
11955
12109
12109
12262
12257
12257
12410
12257
12257
12257
12257
12410
12410
12410
12410
12410
12410
12410
12410
12410
12405
12405
12558
12563
12410
12410
12563
12568
12568
12574
12574
12574
12420
11510
12748
12748
12902
12902
13050
12902
13056
13056
13204
13204
13204
13204
13204
13204
13204
13204
13204
13204
13357
13357
13204
13045
13039
12886
12886
12727
12574
12420
12420
12415
12415
12415
12415
12262
12257
12257
12257
12257
12257
12104
12257
12257
12257
12257
12257
12257
12104
12104
12104
12104
12257
12257
12104
12104
12104
12257
12257
12257
12257
11654
11654
11654
11802
11802
11955
11955
11955
11955
11950
11950
12104
12104
12104
11950
11950
12104
12104
12104
12104
12104
11950
11950
12104
12104
12104
12104
12104
12257
12104
12104
12104
12104
12104
12104
12257
12104
12104
12104
12104
12262
12415
12420
12119
11659
11812
11807
11960
11960
11960
12109
11955
11802
11955
11955
11955
12109
12109
12109
11955
12109
12109
12104
12104
12104
12257
12257
12104
12104
12104
12104
12104
12257
12257
12257
12595
12748
12748
12902
12902
12902
13050
13050
13050
13050
13050
13050
13050
13050
13204
13050
13204
13204
13204
13204
13050
13204
13204
13204
13204
13056
13050
13050
12891
12886
12732
12579
12574
12420
12420
12415
12415
12262
12262
12262
12262
12257
12257
12257
12257
12257
12257
12257
12257
12257
12104
12104
12257
12257
12257
12257
12257
12104
12104
12104
12104
12257
12257
12104
12104
12104
12104
12257
12262
12415
11960
11807
11807
11807
11955
11955
11955
11955
11955
11950
11950
12104
12104
12104
12104
12104
12104
12104
12104
12104
12104
12104
12104
12104
12104
12104
12104
12257
12257
12104
12104
12104
12104
12104
12257
12257
12257
12104
12104
12104
12257
12257
12257
12415
11960
11807
11960
11960
11955
11955
12109
12109
12109
12104
12104
12104
12104
12104
12104
12104
