2006
2777
3854
4929
5848
6615
6766
7378
7990
8448
8905
9365
9216
9519
9975
10282
10585
10738
10738
10887
11040
11347
11496
11496
11649
11802
11802
11950
11950
12104
12104
12104
12104
12257
12257
12257
12257
12257
12410
12410
12410
12410
12410
12410
12410
12410
12410
12563
12568
11505
11659
11807
11807
11960
11955
12109
12109
12109
12262
12257
12257
12257
12257
12257
12410
12410
12410
12410
12410
12410
12410
12410
12410
12410
12410
12410
12410
12410
12410
12410
12410
12563
12563
12410
12563
12568
12722
12727
12727
12272
11659
11812
11807
11960
11960
12114
12109
12109
12109
12262
12262
12257
12257
12410
12410
12257
12410
12410
12410
12410
12410
12410
12410
12410
12405
12405
12405
12405
12405
12405
12405
12405
12405
12405
12405
12563
12722
12420
12114
12109
12262
12262
12262
12262
12415
12415
9088
9393
9696
10004
10308
9696
8934
9239
9547
9850
10004
10158
9239
8934
9239
9547
9850
10004
9696
8780
8934
9393
9547
9696
9850
9547
8780
8626
9085
9393
9696
10004
9700
8780
8780
9239
9547
9696
9696
9850
8934
8476
8780
9239
9547
9850
10004
9393
8476
8780
9242
9547
9850
10004
9700
8934
8322
8780
9088
9547
9700
10004
9393
8630
8780
9088
9547
9696
9850
10004
9239
8476
8630
8934
9239
9547
9700
9850
9393
8630
8476
8934
9239
9547
9696
9850
9700
8780
8167
8630
9088
9393
9700
10004
9850
9088
8476
8934
9242
9547
9854
10004
10158
9242
8476
8630
9088
9393
9700
9854
10004
9700
8934
8171
8630
9088
9393
9700
9850
10004
9547
8630
8476
8780
9242
9547
9854
10004
10004
9393
8476
8476
8934
9242
9547
9854
9850
10004
9393
8630
8322
8780
9088
9393
9700
10004
10158
9547
8630
8322
8780
9239
9547
9700
9696
9850
9850
8934
8167
9242
9705
10008
10316
10620
10928
10162
9246
9396
9859
10162
10466
10620
10928
10008
9092
9396
9854
10162
10466
10774
10923
10008
9088
9396
9854
10162
10466
10774
11077
10162
9242
9396
9700
10158
10466
10616
10923
10466
9550
9088
9550
10008
10312
10620
10769
10923
9854
9092
9396
9854
10162
10466
10774
10923
10620
9550
8938
9396
9854
10162
10466
10774
11077
10466
9550
9092
9550
9854
10316
10466
10774
11077
10470
9550
9092
9550
9854
10162
10466
10774
10923
10466
9550
8938
9396
9705
10162
10466
10774
10923
10923
10004
9235
9692
9996
10295
10449
10752
10901
11049
10896
11049
11198
11198
11352
11500
11654
11654
11807
11500
11654
11649
11649
11802
11802
11955
11955
11649
11802
11955
11955
12109
12109
12104
12257
11955
11955
12109
12267
12267
12426
12426
12426
11970
11054
10137
10440
10593
10896
11049
11352
11505
11654
11654
11198
11347
11500
11649
11802
11955
11955
12109
11955
12109
12257
12257
12257
12410
12410
12410
12410
12410
12410
12410
12410
12410
12410
12410
12410
