2614
3228
3843
4456
5068
5529
5987
6448
6909
7065
7065
7369
7676
7830
7980
8134
8287
8440
8590
8590
8901
9208
9515
9672
9826
9365
8755
8448
8598
8598
8751
8747
8901
9054
9365
9212
9212
9212
9212
9208
9208
9208
9208
9204
9204
9204
8598
8598
8751
8747
8901
8901
8901
9051
9051
9051
9051
1076
2306
3383
3996
4611
5224
5683
6144
6602
6448
6141
6448
6755
7059
7673
8137
8444
8601
8601
7987
7833
7983
8137
8290
8444
8440
8594
8747
8747
9054
8751
8601
8751
8751
8905
8901
8901
8901
9054
9051
9051
9051
9051
9204
9515
9822
9975
10129
10129
9668
9054
8440
8440
8594
8747
8747
8901
8897
9051
9361
9668
9058
8905
9058
9054
9054
9054
9054
9204
9204
9204
9204
9204
8444
8444
8594
8747
8747
8901
8897
8897
9051
9051
9051
9051
8897
9051
9357
9668
9975
10129
10440
10137
9216
8294
7680
7680
7833
8137
8290
8287
8440
8594
8901
9208
9519
9058
9058
9058
9054
9208
9208
9208
9204
9204
9204
9204
9204
9204
8448
8598
8598
8751
8751
8751
8901
8901
8901
8901
8901
9054
9054
9051
9051
9204
9515
9822
9826
9979
10137
10137
9684
8919
9073
9381
9688
9996
10150
10453
10457
9692
13516
13516
13516
13516
13516
13516
13516
13516
13516
13516
13516
13516
13516
13516
13516
13516
13516
13516
13516
13516
13516
13516
13516
13511
13516
13516
13516
13516
13516
13511
13511
13511
13511
13511
13511
13511
13516
13516
13511
13511
13511
13511
13516
13516
13516
13516
13516
13516
13516
13516
13516
13516
13516
13516
13516
13516
13516
13516
13516
13516
13516
13516
13516
13516
13516
13516
13516
13516
13516
13516
13516
13516
13516
13516
13516
13516
13516
13516
13516
13511
13511
13516
13516
13516
13516
13511
13511
13511
13511
13511
13511
13511
13511
13511
13511
13511
13511
13511
13511
13511
13511
13511
13511
13511
13511
13511
13511
13511
13664
13511
13511
13511
13511
13511
13511
13516
10629
10629
10629
10629
10629
10629
10629
10629
10629
10475
10475
10475
10475
10321
10017
10017
10017
10171
10167
10167
10167
10167
10167
10167
10321
10321
10321
10321
9863
9863
10017
10013
10167
10167
10167
10321
10321
10321
10475
10475
10475
10321
10321
10321
10475
10475
10475
10475
10475
10475
10475
10629
10629
10629
10321
10475
10475
10475
10475
10475
10475
10475
10475
10475
10629
10629
10629
10629
10475
10475
10475
10475
10475
10629
10629
10629
10629
10629
10629
10629
10629
10475
10475
10475
10475
10475
10475
10475
10629
10629
10629
10629
10629
10629
10629
10475
10475
10475
10475
10475
10475
10475
10475
10629
10629
10629
10629
10629
10629
10475
10475
10475
10475
10475
10475
10475
10475
10629
10629
10629
10629
10629
10629
10629
10321
10475
10475
10475
10475
10475
10475
10629
10629
10629
10629
10629
10629
10629
10629
10475
10475
10475
10475
10475
10475
10475
10475
10475
10475
10475
10629
10629
10629
10629
10475
10475
10475
10475
10475
10475
10629
10629
10629
10629
10629
10629
10629
10629
10629
10475
10475
10475
10475
10475
10475
10475
10629
10629
10629
10629
10629
10629
10629
10629
10475
10475
10475
10475
10475
10475
10475
10475
10629
10629
10629
10629
10629
10629
10629
10629
10475
10475
10475
10475
10475
10475
10475
10629
10629
10629
10629
10629
10629
10629
10629
10629
10321
10475
10475
10475
10475
10475
10475
10475
10629
10629
10629
10629
10629
10629
10629
10629
10629
10321
10321
10321
10475
10475
10475
10475
10475
10475
10475
10629
10629
10629
10629
10629
10629
10321
10475
10475
10475
10475
10475
10475
10629
10629
10629
10629
10629
10629
10629
10629
10629
10629
10321
10475
10475
10475
10475
10475
10475
10475
10475
10629
10629
10629
10629
10629
10629
10629
10629
10321
10321
10475
10475
10475
10475
10475
10629
10629
10629
10629
10629
10629
10629
10629
10629
10629
10629
