2015
2631
4176
5255
6025
6177
6946
7712
8325
8938
9550
10008
10312
10769
11077
11380
11688
11837
12144
12298
12446
12446
12600
12754
12754
12907
12907
13061
13056
13209
13209
13209
13209
13209
13363
13363
13363
13363
13363
13363
13363
13516
13363
13511
13511
13511
13511
13516
13516
13516
13516
13516
13516
13516
13516
13516
13516
13516
13516
13363
13516
13516
13516
13516
13516
13363
13363
13516
13516
13516
13516
13363
13516
13516
13516
13516
13516
13363
13516
13516
13516
13516
13516
13516
13516
13516
13516
13516
13516
13516
13363
13516
13516
13516
13516
13516
13516
13516
13516
13516
13516
13511
13511
13516
13516
13516
13511
13511
13511
13511
13511
13511
13511
13511
13511
13511
13511
13659
13659
13659
13659
13659
13659
13659
13659
13659
13659
13659
13659
13659
13812
13812
13812
13812
13812
13812
13812
13812
13812
13812
13812
13812
13659
13812
13812
13812
13812
13812
13812
13812
13812
13812
13812
13812
13812
13812
13812
13812
13659
13812
13812
13812
13812
13812
13659
13659
13659
13659
13659
13664
13664
13664
13659
13812
13812
13659
13659
13659
13659
13659
13664
13664
13659
13659
13812
13812
13812
13659
13659
13659
13659
13812
13812
13812
13812
13812
13812
13812
13812
13659
13659
13659
13659
13659
13659
13659
13659
13659
13659
13659
13659
13659
13659
13664
13664
13659
13659
13659
13659
13659
13659
13659
13659
13659
13659
13659
13659
13659
13812
13812
13812
13812
10629
10475
10629
10629
10629
10629
10629
10629
10629
10629
10629
10629
10629
10475
10475
10475
10475
10475
10475
10629
10629
10629
10629
10629
10629
10475
10475
10475
10475
10475
10629
10629
10629
10629
10629
10629
10629
10629
10475
10475
10475
10475
10475
10475
10629
10629
10629
10629
10629
10629
10629
10475
10475
10475
10475
10475
10475
10629
10629
10629
10629
10629
10629
10629
10629
10475
10475
10475
10475
10475
10475
10629
10629
10629
10629
10629
10629
10629
10321
10475
10475
10475
10475
10475
10475
10629
10629
10629
10629
10629
10629
10629
10321
10475
10475
10475
10475
10475
10475
10629
10629
10629
10629
10629
10629
10629
10629
10475
10475
10475
10475
10475
10475
10475
10629
10629
10629
10629
10629
10629
10629
10475
10475
10475
10475
10475
10475
10475
10629
10629
10629
10629
10629
10629
10629
10629
10475
10475
10475
10475
10475
10475
10629
10629
10629
10629
10629
10629
10629
10629
10629
10475
10475
10475
10475
10475
10475
10475
10629
10629
10629
10629
10629
10629
10629
10629
10475
10475
10475
10475
10475
10475
10475
10629
10629
10629
10629
10629
10629
10629
10629
10629
10321
10321
10321
10475
10475
10475
10475
10475
10475
10475
10475
10629
10629
10629
10629
10629
10475
10475
10475
10475
10475
10475
10475
10629
10629
10629
10629
10629
10629
10629
10629
10629
10475
10475
10475
10475
10475
10475
10629
10629
10629
10629
10629
10629
10629
10629
10629
10629
10321
10475
10475
10475
10475
10475
10475
10475
10629
10629
10629
10629
10629
10629
10629
10629
10629
10321
10475
10475
10475
10475
10475
10475
10629
10629
10629
10629
10629
10629
10629
10629
10629
10475
10475
10475
10475
10475
10475
10475
10475
10475
10475
10629
10629
10629
10629
10629
10629
10629
10629
10475
10475
10475
10475
10475
10475
10629
10629
10629
10629
10629
10629
10629
10629
10629
10629
10629
12600
12600
12600
12600
12600
12754
12605
12600
12600
12600
12600
12600
12144
12144
12298
12298
12298
12451
12451
12298
12298
12451
12451
12451
12451
12451
12451
12451
12451
12605
12605
12605
12451
12451
12451
12605
12605
12605
12451
12451
12605
12605
12600
12600
12600
12451
12451
12451
12605
12605
12605
12600
12451
12451
12451
12600
12600
12600
12605
12451
12451
12605
12605
12600
12600
12600
12451
12446
12446
12446
12600
12600
12600
12446
12446
12446
12600
12600
12600
12600
12600
12446
12446
12446
12600
12600
12600
12600
12446
12446
12446
12446
12600
12600
12600
12600
12446
12600
12600
12600
12600
12600
12600
12600
12451
12446
12600
12600
12600
12600
12600
12600
12451
12451
12451
12605
12605
12605
12600
12600
12451
12451
12451
12446
12600
12605
12605
12605
12451
12451
12451
12605
12600
12600
12600
12600
12600
12451
12451
12605
12605
12600
12600
12600
12600
