2316
2931
4162
5083
6005
6769
7382
7686
8144
8601
9062
9519
9826
10129
9975
10282
10431
10585
10887
11040
11194
10887
11194
11347
11342
11342
11342
11496
11347
11342
11496
11496
11649
11802
11960
11659
11198
11352
11505
11654
11807
11802
11955
11802
11955
11955
12109
12109
12109
12262
12109
12109
12104
12257
12257
12257
12257
12109
12104
12257
12257
12257
12257
12257
12257
12109
12109
12262
12257
12257
12262
12420
11812
10901
10896
11049
11198
11352
11505
11654
11807
11654
11807
11807
11955
11955
11955
11955
12109
11955
11955
12109
12109
12109
12109
12109
12257
12109
12109
12109
12262
12262
12257
12257
12257
12104
12257
12257
12262
12267
12420
12426
12426
11817
10747
10291
10440
10743
10896
11045
11352
11505
11654
11198
11347
11500
11654
11802
11802
11955
11955
12104
11955
11955
12104
12104
12257
12257
12257
12257
12257
12257
12257
12257
12257
12410
12410
12410
12415
11807
11960
11960
11955
11955
12109
12109
12109
12262
8784
9088
9393
9700
10004
9700
8784
9088
9393
9700
10004
10004
9242
8934
9242
9547
9854
10158
9700
8780
8934
9393
9700
9850
10004
9393
8626
8780
9088
9393
9696
10004
9547
8626
8626
8934
9239
9547
9850
9547
8780
8630
8934
9393
9700
9850
9850
8934
8630
8934
9242
9547
9850
10158
9393
8476
8630
9088
9393
9700
9850
10004
9088
8322
8784
9088
9393
9700
10004
9700
8934
8476
8934
9242
9547
9850
10158
9547
8784
8630
9088
9393
9700
10008
10158
9547
8784
8784
9088
9547
9700
10004
10158
9547
8630
8784
9088
9393
9700
9850
10004
9700
8934
8167
8630
9088
9393
9700
10004
10158
9242
8476
8630
8934
9239
9389
9692
9842
9992
9988
10137
10137
10286
10440
10436
10436
10585
10585
10585
10738
10738
10734
10734
10887
10887
10734
10734
10734
10887
10887
10887
10887
10882
10734
10734
10882
10882
10882
10882
10882
11040
12748
12902
12897
13050
13050
12748
12902
12902
13050
13050
12748
12902
12897
13050
13050
12748
12902
12902
13050
13050
13050
12902
12897
13050
13050
13050
12748
12902
13050
13050
13204
12902
12902
12902
13050
13050
13050
12748
12902
12902
13050
13050
13050
12748
12902
12897
13050
13050
13050
12748
12902
12902
13050
13050
12897
12748
12902
12897
13050
13050
13050
12748
12897
12897
13050
13050
13050
12748
12743
12897
13050
13050
13050
12595
12748
12897
12897
13050
13050
12748
12748
12748
12902
13050
13050
13050
12748
12748
12902
12897
13050
13050
12902
12748
12748
12902
13050
13050
13050
12595
12595
12748
12897
12897
12897
12902
12441
12288
12282
12129
11970
11817
11817
11659
11659
11659
11352
11347
11347
11347
11347
11342
11342
11342
11342
11342
