2005
2620
3697
4617
5384
6151
6764
7529
7532
7990
8448
8905
9208
9361
9664
9818
9971
10120
10274
10427
10576
10729
10729
10882
11189
11347
11654
11807
11505
11045
11045
11198
11194
11194
11194
11342
11342
11342
11342
11342
11342
11342
11342
11491
11496
10891
10891
10887
11040
11040
11189
11189
11189
11189
11189
11337
11337
11337
11337
11337
11337
925
2003
3235
4311
5387
6156
6923
6769
7228
7686
7990
8448
8598
8901
9208
9357
9511
9664
9365
9519
9668
9668
9822
9971
9971
10124
10124
10274
10274
10427
10274
10580
10887
11198
11505
11659
11505
10743
10282
10282
10431
10431
10427
10580
10580
10580
10580
10734
11040
10436
10431
10585
10580
10580
10580
10576
10729
10729
10729
10729
10729
775
2013
3095
4173
5250
6329
7095
7554
8322
8934
9547
10004
10466
10769
10923
11226
11534
11683
11990
12144
12144
12293
12600
12600
12754
12907
12907
12907
13056
13056
13056
13209
13209
13209
13209
13363
13363
13363
13363
13363
10475
10475
10629
10629
10629
10629
10629
10629
10629
10629
10629
10629
10475
10475
10475
10475
10629
10629
10629
10629
10629
10629
10629
10629
10629
10475
10475
10629
10629
10629
10629
10629
10629
10629
10629
10629
10629
10629
10629
10629
10629
10629
10629
10629
10629
10629
10629
10629
10629
10629
10629
10475
10629
10629
10629
10629
10629
10629
10629
10629
10629
10629
10629
10629
10475
10475
10475
10629
10629
10629
10629
10629
10629
10629
10629
10629
10629
10629
10629
10629
10629
10629
10629
10629
10629
10629
10629
10629
10629
10629
10629
10629
10629
10629
10629
10629
10629
10629
10629
10629
10629
10629
10629
10629
10629
10629
10321
10321
10321
10321
10475
10475
10475
10475
10475
10475
10475
10475
10475
10475
10321
10321
10475
10475
10475
10475
10475
10475
10629
10629
10629
10629
10629
10629
10629
10475
10475
10475
10475
10475
10475
10475
10475
10475
10629
10629
10629
10629
10629
10629
10475
10475
10475
10475
10475
10475
10475
10475
10629
10629
10629
10629
10629
10629
10629
10321
10475
10475
10475
10475
10475
10475
10629
10629
10629
10629
10629
10629
10629
10629
10629
10321
10475
10475
10475
10475
10475
10475
10475
10629
10629
10629
10629
10629
10629
10629
10475
10475
10475
10475
10475
10475
10475
10475
10475
10475
10629
10629
10629
10629
10629
10629
10629
10475
10475
10475
10475
10475
10475
10475
10475
10475
10629
10629
10629
10629
10629
10629
10629
10475
10475
10475
10475
10475
10475
10475
10629
10629
10629
10629
10629
10629
10629
10629
10629
10475
10475
10475
10475
10475
10475
10475
10475
10475
10629
10629
10629
10629
10629
10629
10629
10629
10475
10321
10475
10475
10475
10475
10475
10475
10475
10629
10629
10629
10629
10629
10629
10629
10629
10475
10475
10475
10475
10475
10475
10475
10475
10475
10475
10475
10475
10629
10629
10629
10629
10629
10629
