3851
4463
5231
5997
6610
7068
7526
7983
8287
8440
8747
9208
9822
10129
10589
10133
9826
9975
9975
10124
10278
10278
10427
10427
10580
463
1698
2930
3852
4775
5695
6308
6766
7532
8144
8758
9219
9676
9527
9676
9979
10282
10589
10891
11045
11045
11194
11347
11500
11649
11802
11802
11802
11955
11955
12109
12104
12104
12257
12257
12257
12257
12257
12257
12257
12257
12410
12410
12410
12410
12410
12410
12410
12410
12568
12722
12727
11965
11505
11659
11654
11807
11807
11955
11955
11955
12109
12109
12109
12257
12257
12257
12257
12257
12257
12257
12257
12410
12410
12257
12410
12410
12410
12410
12410
12410
12410
12410
12410
12410
12410
12563
12568
12267
10752
10747
10896
11203
11352
11505
11654
11654
11347
11500
11654
11649
11802
11955
11955
11955
11955
12104
12104
12104
12257
12257
12257
12257
12257
12257
12257
12410
12410
12410
12410
