2007
2623
3700
4777
5543
6461
7074
7532
7840
8451
8908
9212
9672
9975
10129
10431
10738
10891
11049
11356
11208
10291
9830
10137
10440
10743
10896
11198
11352
11045
11198
11500
11500
11654
11807
11955
11955
12109
12109
12262
12257
12257
12109
12109
12109
12262
12257
12257
12410
12257
12257
12257
12257
12257
12257
12415
11965
11659
11812
11960
11960
12109
12109
12109
11802
11955
11955
12109
12262
12257
12257
12257
12104
12104
12104
12104
12104
12257
12257
12104
12257
12257
12257
12257
12257
12257
12257
12104
12104
12104
12257
12257
12262
12420
12420
11659
10747
10896
11049
11198
11352
11505
11654
11807
11807
11807
11955
11955
11955
12109
12109
12109
12109
12109
12109
12262
12257
12257
12257
12257
12257
12104
12104
12257
12257
12257
12410
12410
12410
12104
12262
12262
12267
12420
12426
12426
12420
12420
11505
10440
10593
10743
10891
11045
11198
11347
11500
11654
11654
11654
11802
11802
11955
11955
12109
12109
12109
