1860
3251
4176
4945
5716
6177
6329
6943
7557
8017
8322
8626
8934
9239
9393
9696
9850
9850
10004
10004
10154
10308
10308
10308
10308
10462
10462
10462
10611
10611
10611
10611
10611
10611
10765
10765
10765
10765
10765
10765
10765
10765
10765
10765
10765
10765
10765
10765
10919
10765
10765
10765
10765
10919
10919
10765
10765
10765
10765
10765
10765
10919
10765
10765
10765
10765
10765
10919
10765
10765
10765
10919
10919
10919
10919
10919
10765
10765
10765
10765
10919
10919
10919
10919
10919
10919
10919
10919
10919
10919
10765
10919
10919
10919
10919
10919
10919
10919
10616
10616
10611
10611
10765
10765
10765
10765
10616
10462
10616
10611
10765
10765
10765
10765
10462
9696
9850
10004
10154
10308
10308
10462
10457
10457
10611
10611
10611
10765
10765
10765
10765
10765
10765
10765
10765
10765
10919
10919
10919
10629
10629
10629
10629
10629
10629
10629
10629
10629
10629
10629
10629
10629
10629
10629
10629
10629
10629
10629
10629
10629
10629
10629
10629
10629
10475
10475
10475
10629
10629
10629
10629
10629
10629
10629
10629
10629
10629
10629
10629
10629
10629
10629
10629
10629
10629
10629
10629
10629
10629
10629
10629
10629
10629
10629
10629
10629
10629
10629
10629
10629
10629
10629
10629
10475
10475
10629
10629
10629
10629
10629
10629
10629
10629
10629
10629
10629
10475
10475
10475
10475
10629
10629
10629
10629
10629
10629
10629
10629
10629
10629
10475
10475
10629
10629
10629
10629
10629
10629
10629
10629
10629
10629
10629
10629
10475
10629
10629
10629
10629
10629
10629
10629
10629
10629
10629
10629
10629
10629
10629
10629
10629
10629
10629
10629
10629
10629
10629
10629
10629
10629
10629
10629
10629
10475
10475
10475
10629
10629
10629
10629
10629
10629
10629
10629
10629
10629
10629
10629
10629
10629
10629
10629
10629
10629
10629
10629
10629
10629
10629
10629
10629
10629
10629
10475
10475
10475
10475
10629
10629
10629
10629
10629
10629
10629
10629
10629
10629
10629
10629
10475
10629
10629
10629
10629
10629
10629
10629
10629
10629
10629
10629
10629
10629
10629
10629
10475
10475
10475
10475
10475
10629
10629
10629
10629
10629
10629
10629
10629
10629
10629
10629
10475
10475
10629
10629
10629
10629
10629
10629
10629
10629
10629
10629
10629
10629
10629
10629
10629
10629
10629
10629
10629
10629
10629
10629
10629
10629
10629
10629
10629
10629
10629
10629
10629
10629
10629
10629
10629
10629
10629
10629
10629
10629
10629
10629
10629
10629
10629
10629
10629
10629
10629
10629
10629
10629
10629
10629
10629
10629
10629
10629
10629
10629
10629
10629
10629
10629
10475
10475
10475
10475
10475
10475
10629
10629
10629
10629
10629
10629
10629
10629
10629
10629
10629
13516
13516
13516
13516
13516
13363
13516
13516
13516
13516
13516
13516
13516
13516
13516
13516
13516
13516
13516
13516
13363
13363
13363
13363
13516
13363
13516
13516
13516
13516
13516
13516
13516
13516
13516
13516
13516
13516
13516
13516
13516
13516
13516
13516
13516
13516
13516
13363
13363
13516
13516
13516
13516
13516
13516
13516
13516
13516
13516
13516
13516
13516
13516
13516
13516
13516
13516
13516
13516
13516
13516
13516
13516
13516
13516
13516
13516
13363
13516
13516
13516
13516
13516
13516
13516
13511
13511
13511
13511
13511
13511
13516
13516
13511
13511
13511
13511
13511
13511
13511
13511
13511
13511
13516
13511
13511
13511
13511
13511
13511
13511
13511
13511
13511
13516
13511
12600
12600
12600
12600
12600
12600
12605
12600
12600
12600
12600
12605
12451
12451
12605
12605
12600
12600
12451
12451
12451
12451
12605
12605
12605
12451
12451
12451
12605
12600
12600
12451
12451
12451
12605
12605
12605
12600
12451
12451
12446
12446
12446
12446
12600
12451
12446
12446
12600
12600
12600
12600
12446
12446
12446
12446
12600
12600
12600
12446
12446
12446
12446
12600
12600
12600
12451
12451
12451
12605
12600
12600
12600
12451
12451
12451
12451
12451
12605
12605
12605
12451
12451
12451
12451
12605
12600
12600
12451
12451
12451
12451
12605
12605
12600
12600
12451
12451
12446
12446
12605
12600
12600
12600
12446
12446
12446
12446
12446
12600
12600
12600
12446
12446
12446
12600
12600
12600
12600
12600
12446
12446
12451
12451
12600
12600
12600
12600
12451
12451
12446
12446
12446
12605
12605
12451
12451
12144
12144
12144
12144
12144
12144
12144
12144
12144
