1853
2315
3393
4469
5389
6310
6920
7228
7686
8297
8908
9365
9826
10133
9680
9676
9979
10286
10589
10738
11045
10738
11045
11198
11347
11500
11654
11802
11649
11802
11802
11955
12109
12109
12109
11955
12109
12104
12104
12257
12257
12104
11950
12104
12104
12104
12257
12257
12257
12104
12104
12257
12257
12257
12257
12415
11807
11807
11960
11955
12109
12109
12109
12257
11955
12109
12109
12257
12257
12257
12410
12257
12257
12257
12257
12257
12410
12410
12410
12257
12410
12410
12410
12410
12410
12410
12257
12410
12410
12410
12563
12563
12563
12563
12410
12410
12410
12563
12568
12568
12727
12426
11510
11659
11812
11807
11960
11955
12109
12109
11807
11802
11955
11955
12109
12104
12257
12257
12104
12257
12257
12257
12410
12410
12410
12410
12410
12257
12257
12257
12257
12410
12410
12410
12410
12257
12257
12257
12257
12257
12257
12257
12257
12415
11659
11807
11807
11960
12109
12109
12109
12109
12262
8780
9242
9547
9854
10004
9854
8934
9088
9393
9700
10004
10158
9242
8934
9242
9547
9850
10158
9854
8934
8934
9239
9547
9850
10158
9547
8784
9088
9393
9700
10004
10158
9393
8780
9088
9547
9854
10004
10312
9393
8784
9088
9547
9700
10004
10158
9393
8630
9088
9393
9700
10004
10158
9700
8780
8934
9239
9547
9850
10158
10004
9088
8626
9088
9393
9696
10004
10154
9700
8780
8780
9239
9547
9850
10004
10158
9393
8630
8630
9088
9393
9700
10004
10158
9547
8630
8780
9242
9547
9854
10004
10158
9547
8630
8780
9088
9547
9700
10004
10004
9700
8780
8322
8780
9088
9547
9700
9850
10004
9396
8476
8171
8630
9088
9396
9393
9547
9850
9393
8630
8322
8780
9088
9547
9700
10004
10004
9242
8322
8780
9242
9547
9854
10004
10312
9854
8934
8476
8934
9242
9547
9850
10158
10308
9846
8927
9077
9381
9531
9834
9984
9984
10133
10286
12144
12298
12451
12600
12600
12144
12298
12451
12446
12600
12144
12144
12298
12451
12600
12600
11990
12144
12298
12446
12600
12144
12144
12298
12451
12600
12600
11841
11990
12298
12298
12446
12446
11990
12144
12298
12451
12600
12600
12144
12298
12451
12600
12600
12600
11990
12298
12451
12600
12600
12600
11990
12144
12298
12446
12600
12600
11990
12144
12298
12446
12600
12600
12144
12144
12298
12451
12600
12600
12600
11990
12144
12298
12446
12600
12600
12144
11990
12144
12451
12446
12600
12754
11990
12144
12298
12446
12600
12600
12600
11990
12144
12293
12446
12600
12754
12600
11990
12144
12293
12446
12600
12600
12600
11990
12144
12298
12446
12600
12754
12600
11990
12144
12298
12446
12600
12754
12754
11990
12144
12298
12446
12600
12754
12754
12144
