2161
2930
4161
5081
6000
6766
7071
7683
8140
8751
9208
9511
9818
10120
10427
10729
11040
11194
10585
10738
10887
11189
11342
11496
11491
11644
11644
11797
11945
11945
11945
11945
11945
12099
12099
12099
12099
12093
12247
12247
12247
12247
12247
12247
12247
12247
12247
12247
12400
12247
12247
12247
12405
12405
12563
12109
12109
12104
12257
12257
12257
12252
12252
12252
12252
12099
11945
12099
12099
12099
12099
12099
12252
12247
12247
12247
12099
12099
12252
12252
12252
12247
12252
12252
12252
12252
12247
12247
12099
12099
11496
11496
11649
11797
11797
11797
11797
11792
11945
11945
11945
12099
12099
12099
12099
11945
12099
12099
12099
12093
12093
12247
12252
12247
12247
12247
12247
12247
12247
12400
12247
12247
12247
12252
12247
12405
12558
11955
12104
12104
12104
12104
12099
12252
12252
11073
11073
11073
11073
11073
10919
10919
10765
10765
10765
10765
10611
10611
10611
10611
10462
10457
10457
10453
10449
10444
10444
10440
9830
9219
9369
9523
9672
9826
9979
9975
10129
10129
10129
10124
10278
10278
10278
10431
10278
10431
10427
10427
10580
10580
10580
10580
10431
10427
10427
10427
10580
10580
10585
10585
10133
9519
9672
9826
9975
9975
10129
10278
10278
10124
10124
10278
10278
10278
10431
10431
10431
10431
10431
10431
10431
10580
10580
10580
10580
10580
10427
10580
10580
10580
10580
10580
10580
10580
10580
10580
10580
10580
10585
10743
10743
10747
10747
9830
8912
9066
9216
9369
9519
9672
9822
9975
9975
9975
9975
10124
10124
10278
10278
10278
10427
10427
10278
10427
10427
10427
10427
10580
10580
10580
10580
10580
10427
10580
10580
10580
10580
10580
10580
10734
10734
10129
10129
10282
10278
10278
10431
10431
10431
10585
10431
10431
10427
10427
10427
10427
10580
10580
10580
10580
10427
10427
10427
10580
10580
10580
10580
10580
10580
10580
10278
10278
10427
10427
10427
10427
10580
10580
10580
10580
