2161
2777
3700
4467
5235
5848
6461
6461
6920
7378
7836
8140
8448
8598
8905
9054
9361
9515
9668
9668
9818
9818
9971
10124
10120
10274
10124
10120
10274
10274
10427
10427
10427
10274
10431
10585
10743
10743
10589
10133
9519
9672
9822
9975
10129
10278
10278
10278
10431
10431
10580
10580
10580
10580
10580
10734
10734
10734
10734
10729
10734
10734
10734
10734
10882
10882
10882
10729
10729
10729
10882
10882
10882
10882
10882
10887
11040
11045
11198
11198
10896
10133
9676
9826
9979
10129
10282
10282
10431
10431
10431
10431
10585
10585
10734
10734
10734
10734
10734
10734
10887
10887
10887
10882
10734
10887
10887
10882
10882
10882
10882
10882
10882
10882
10882
10882
10882
10882
10882
10887
10431
10431
10431
10585
10580
10580
10580
10580
10580
10580
10580
10734
10734
10734
10729
10729
10734
10729
10729
10729
10882
10882
10882
10882
9396
9854
10158
10466
10769
11077
10008
9088
9396
9700
10162
10466
10774
10923
10008
9092
9396
9854
10162
10466
10774
10774
9854
9092
9246
9705
10008
10312
10620
10928
10162
9242
9246
9550
10008
10316
10620
10928
10466
9550
8938
9396
9700
10162
10466
10774
10923
10162
9242
9242
9550
10008
10312
10620
10769
10769
9700
8938
9242
9547
10008
10312
10620
10923
10616
9700
8938
9242
9700
10162
10466
10769
10923
10620
9700
8938
9088
9547
10008
10312
10620
10923
10923
10008
9088
9088
9550
9854
10158
10466
10769
10923
10312
9396
8630
9242
9547
10008
10312
10620
10769
10923
10008
9092
8938
9396
9854
10162
10466
10774
10923
10620
9550
8784
8938
9396
9854
10162
10466
10774
10923
10466
9550
8784
9092
9550
10008
10316
10620
10774
11077
10620
9550
8784
8938
9396
9854
10162
10466
10774
11077
10923
9854
9092
8938
9396
9854
10162
10466
10769
11077
11231
10158
9396
8784
9088
9550
10008
10312
10620
10923
11077
10774
9700
8938
8938
9396
9854
10162
10466
10774
10923
11231
10466
9550
8630
8938
9396
9854
10158
10466
10774
11077
11077
10162
9242
8479
