7866
8171
8479
8633
8788
9092
9246
9400
9554
9554
9709
9709
9863
9709
9250
8483
7869
7255
7100
7564
7869
8178
8332
8637
8791
8945
9096
9250
9404
9558
9558
9404
8945
8483
8023
7564
8023
8178
8486
8791
8945
9100
9250
9404
9404
9558
9713
9713
9713
9558
9100
8486
8486
8791
8945
9100
9250
9404
9558
9558
9713
9867
9863
9863
10017
9867
9558
9404
9100
8791
8332
8178
8486
8637
8791
9100
9250
9250
9404
9558
9709
9709
9863
10013
9854
9239
8623
8007
7391
7237
7542
8000
8304
8608
8758
9066
9216
9527
9680
9834
9834
9984
9830
9066
9066
9216
9369
9519
9672
9672
9822
9975
9975
10129
10133
10291
10291
10440
9676
9066
9216
9369
9519
9672
9826
9826
9975
10129
10129
10129
10282
10282
10440
10291
9373
9219
9369
9523
9672
9826
9979
9975
10129
10129
10282
10282
10278
10278
10436
10133
9979
9979
10133
10129
10282
10282
10282
10278
10431
10431
10431
10431
10431
10585
10431
10278
10436
10440
10440
10440
10440
10589
10589
10589
10589
10585
10585
10585
10585
10585
9668
9212
9361
9515
9672
9830
9984
9984
10133
10133
10286
10282
10282
10282
10436
10436
10282
9365
9058
9212
9365
9515
9668
9826
9984
9984
10137
10133
10286
10282
10282
10436
10436
10282
9519
9519
9668
9822
9822
9975
10129
10129
10282
10286
10291
10440
10440
10440
10436
10436
10436
9519
9216
9519
9519
9672
9822
9975
9975
10129
10129
10282
10286
10444
10444
10440
10440
10440
9826
9523
9672
9826
9826
9975
10129
10129
10129
10282
10278
10278
10278
10436
10440
10598
10593
10286
9523
9216
9369
9519
9672
9826
9822
9975
10129
10129
10282
10282
10278
10278
10431
10436
10440
10286
9523
9216
9369
9523
9672
9826
9826
9975
10129
10129
10129
10282
10278
10278
10431
10431
10431
10589
9979
9979
10129
10129
10282
10282
10282
10436
10431
10431
10431
10431
10585
10585
10585
10585
10585
10431
10436
10436
10440
10589
10589
10589
10589
10585
10585
10585
10585
10585
10585
10585
10585
10585
10585
9971
9212
12441
12595
12748
12748
12902
12441
12595
12748
12748
12902
12441
12595
12748
12748
12902
12595
12595
12595
12748
12902
12897
12441
12595
12748
12902
12902
12441
12595
12748
12902
12902
12897
12441
12595
12748
12902
12902
12595
12595
12748
12748
12902
12897
12441
12595
12595
12748
12897
12897
12441
12595
12748
12743
12897
12897
12441
12595
12595
12748
12897
12897
12441
12595
12748
12743
12897
12897
12595
12595
12595
12748
12897
12897
12897
12595
12595
12748
12902
12897
12897
12441
12595
12748
12902
12902
12897
12902
12441
12595
12748
12902
12897
12902
12441
12595
12748
12748
12902
12897
12897
12441
12595
12748
12902
12902
12902
12897
12595
12595
12748
12902
12897
12748
12748
12139
12288
12441
12595
12748
12748
12902
