9254
9254
9408
9558
9713
9713
9867
9867
10017
10017
10017
10017
10171
9713
9254
8641
8023
7409
6949
7103
7409
7872
8178
8332
8641
8791
8945
9100
9250
9404
9558
9558
9100
8486
8023
7564
7103
7409
7872
8178
8332
8637
8791
8945
9250
9404
9404
9558
9713
9558
9250
8791
8178
8332
8637
8791
8945
9100
9250
9404
9558
9713
9713
9867
9863
9863
9713
9558
8945
8486
8637
8945
9100
9250
9404
9558
9558
9709
9709
9863
9863
10017
10017
9709
9404
8791
8178
7564
7869
8023
8332
8637
8791
8945
9100
9250
9404
9558
9713
9713
9867
9867
9558
9250
8486
7872
7258
7103
7409
7718
8023
8332
8486
8637
8945
9100
9254
9404
9558
9558
9713
9558
9404
8945
8486
7872
7718
8023
8332
8486
8791
8945
9100
9250
9404
9558
9558
9713
9713
9867
9713
9404
8945
8332
7872
7718
8023
8332
8486
8791
8945
9100
9250
9404
9558
9558
9713
9713
9863
9863
9558
9100
8791
8332
8023
8332
8483
8791
8945
9096
9250
9404
9558
9558
9709
9863
9863
9863
10017
9554
8942
8483
7869
7564
7103
6640
6949
7409
7715
8023
8332
8483
8791
8945
9096
9250
9404
9558
9709
9709
9863
9404
8942
8328
7715
7100
6640
6640
6949
7409
7718
8023
8332
8637
8791
8945
9096
9404
9404
9558
9713
9713
9713
9404
9100
8486
7872
8027
8178
8486
8637
8945
9100
9254
9404
9404
9558
9713
9713
9867
9863
10017
10017
9867
9404
8791
8486
8637
8945
9100
9254
9404
9558
9558
9713
9713
9867
9863
10017
10017
10017
10017
10017
9713
9250
8641
7872
7564
7872
8178
8332
8637
8791
8945
9100
9404
9404
9558
9713
9713
9863
9863
10017
9863
9863
9250
8637
7872
7718
8023
8332
8486
8791
8945
9100
9250
9404
9558
9558
9713
9713
9863
9863
10017
10017
9709
9404
8945
8178
7564
7103
7255
7564
7869
8178
8483
8637
8791
9096
9250
9250
9404
9558
9713
9709
9863
9863
9863
9863
9558
9100
8945
9250
9250
9404
9558
9713
9713
9863
9863
9863
10017
10017
10017
10171
10167
10162
10308
9692
9231
8462
7846
7077
6618
6310
6615
7074
7532
7836
8140
8444
8751
8901
9208
9365
9523
9672
9826
9975
9975
10124
9971
9357
8594
8901
9054
9365
9523
9672
9826
9822
9975
9971
10124
10124
10274
10274
10278
10436
10436
10436
9975
9058
12298
12446
12600
12600
12600
12144
12298
12446
12600
12600
11990
12144
12298
12446
12600
12298
12144
12298
12451
12600
12600
11990
12144
12298
12446
12600
12600
11990
12298
12451
12600
12600
12298
12144
12298
12451
12600
12600
12144
12144
12298
12451
12600
12754
12144
12144
12298
12446
12600
12600
12144
12144
12298
12451
12600
12600
12451
11990
12298
12451
12446
12600
12600
11990
12144
12298
12451
12600
12600
12144
12144
12298
12446
12600
12600
12754
11990
12144
12298
12446
12600
12600
12298
12144
12298
12451
12600
12600
12754
11990
12144
12298
12446
12600
12600
12600
11837
11990
12298
12446
12600
12600
12754
11990
12144
12293
12446
12600
12754
12754
11990
12144
12293
12446
12600
12754
12754
12144
12144
12298
12446
12600
12754
12754
12600
12595
12748
12748
12902
12902
12595
12595
12748
12902
12902
12595
12595
12748
12902
12902
12902
12595
12748
12902
12897
12897
12595
12595
12748
12902
12902
12595
12595
12748
12902
12902
12897
12595
12748
12748
12902
12902
12902
12595
12748
12897
13050
13050
12595
12748
12743
12897
13050
13050
12595
12748
12748
12897
12897
12897
12595
12595
12748
12897
12897
12897
12595
12748
12748
12902
13050
13050
12595
12595
12748
12902
12902
13056
13050
12595
12748
12902
12902
13050
13050
12441
12595
12748
12902
12902
13056
12902
12595
12748
12902
12902
13050
13050
12441
12595
12748
12902
12902
13050
13050
12595
12748
12748
12902
13050
13050
13050
12595
12748
12902
12902
13050
13050
13050
12595
12748
12902
12902
13050
13050
12897
