2005
3697
4619
5538
6305
6914
7526
7983
8290
8747
9204
9507
9814
10116
10423
10576
10882
11189
11496
11654
11654
10891
11040
11194
11189
11342
11496
11491
11644
11644
11644
11792
11792
11792
11792
11945
11945
11945
11945
11945
12099
12257
12410
11807
772
1851
3237
4313
5387
6305
6613
7225
7990
8605
9216
9676
9984
9523
9826
10282
10589
10891
11040
11347
11342
11496
11649
11797
11950
12104
12104
12257
12252
12405
12405
12405
12558
12558
12558
12558
12558
12558
12711
12706
12706
12706
12706
12706
12706
12706
12706
12706
12706
12706
12706
12706
12859
12859
12706
12706
12706
12706
12706
12864
12864
771
1541
2617
3692
4767
5534
6300
7219
7987
8448
8294
8598
9054
9357
9664
9814
10120
10269
10423
10571
10725
11031
10431
10580
10734
10887
11036
11036
11184
11184
11337
11333
11333
11486
11486
10887
10882
10882
11031
11184
11184
11333
11333
11333
11486
11486
11486
11639
11036
11184
11184
11337
11337
11333
11486
11486
11486
11486
11634
11634
11639
