7980
8134
8440
8751
8905
9216
9365
9519
9668
9668
9818
9971
9971
9511
8897
9054
9361
9519
9672
9668
9822
9971
9971
10124
10120
10274
10274
9814
8901
8901
9051
9357
9511
9507
9660
9814
9967
9967
10116
10120
10278
10282
9668
9818
9818
9971
9967
10120
10120
10274
10274
10274
10274
10431
10436
10282
9515
8901
9054
9357
9511
9511
9664
9814
9814
9971
10129
10286
10282
10282
10278
9668
9208
9357
9511
9664
9660
9814
9971
10129
10129
10282
10282
10282
10278
10431
9664
9051
9204
9353
9507
9660
9818
9975
10133
10129
10129
10278
10278
10278
10278
10124
9204
9204
9357
9507
9664
9822
9826
9984
9988
10146
10146
10304
10304
10308
10308
9850
8934
8171
7403
616
1387
2463
3386
4307
5077
5692
6308
6920
7378
7683
7987
8290
8594
8901
8747
8137
7830
7980
8440
8598
8908
9062
9365
9515
9515
9664
9818
9818
9967
9967
9967
9967
9507
465
1395
2478
3559
4331
5102
5718
6334
6795
7255
7715
8023
8328
8637
8788
8942
8942
9096
9250
9400
9554
9709
9863
9863
10017
10013
10167
10167
10167
10321
10321
10167
10167
10167
10321
10321
10321
10321
10475
10475
10475
10475
10475
10475
10475
10475
10475
10321
10321
10475
10475
10475
10475
10475
10475
10475
10475
10475
10475
10629
10629
10629
10475
10321
10321
10475
10475
10475
10475
10475
10475
10475
10475
10475
10475
10475
10475
10475
10475
10475
10475
10475
10475
10475
10475
10475
10475
10475
10475
10629
10629
10629
10629
10629
10629
10321
10475
10475
10475
10475
10475
10475
10475
10475
10629
10629
10629
10629
10629
10629
10629
10475
10321
10475
10475
10475
10475
10475
10475
10475
10475
10475
10475
10629
10629
10629
10629
10629
10475
10321
10475
10475
10475
10475
10475
10475
10475
10475
10629
10629
10629
10629
10629
10629
10629
10629
10321
10475
10475
10475
10475
10475
10475
10475
10475
10475
10475
10475
10629
10629
10629
10629
10629
12600
12600
12600
12600
12600
12600
12600
12600
12600
12600
12600
12600
12446
12600
12600
12600
12600
12600
12446
12446
12446
12600
12600
12600
12600
12446
12446
12446
12600
12600
12600
12605
12600
12600
12600
12600
12600
12600
12600
12600
12605
12600
12600
12600
12600
12600
12600
12600
12600
12600
12600
12605
12605
12600
12600
12600
12600
12600
12451
12451
12451
12605
12605
12605
12600
12600
12600
12600
12600
12600
12600
12600
12600
12451
12605
12600
12600
12600
12600
12600
12446
12446
12446
12600
12600
12600
12600
12600
12446
12446
12446
12600
12600
12600
12600
12600
12446
12600
12600
12600
12600
12600
12600
12446
12446
12446
12600
12600
12600
12600
12600
12446
12446
12446
12446
12446
12600
12600
12600
12446
12446
12446
12446
12600
12600
12600
12600
12600
12451
12451
12451
12600
12600
12600
12600
12600
12451
12451
12451
12605
12605
12605
12600
12600
13516
13516
13516
13516
13516
13516
13516
13516
13516
13511
13511
13511
13516
13516
13511
13511
13511
13511
13511
13511
13511
13511
13511
13511
13516
13516
13516
13516
13516
13516
13511
13516
13516
13516
13516
13516
13516
13516
13516
13516
13516
13516
13516
13516
13516
13516
13516
13363
13363
13363
13363
13363
13516
13363
13363
13363
13516
13516
13516
13516
13516
13516
13516
13516
13516
13516
13516
13516
13516
13516
13516
13516
13516
13516
13516
13516
13516
13516
13516
13516
13516
13516
13670
13516
13516
13516
13516
13516
13516
13516
13516
13516
13516
13516
13516
13516
13516
13516
13516
13516
13516
13516
13516
13516
13516
13516
13516
13363
13363
13363
13056
13056
13056
13056
13056
13056
13056
