8332
8637
8791
8945
9100
9250
9404
9558
9713
9713
9863
9863
9863
9558
9100
8791
8945
9250
9250
9404
9558
9713
9713
9709
9863
9863
10017
10017
9713
9404
8791
8178
8023
8332
8486
8637
8945
9100
9254
9404
9404
9558
9713
9713
9867
9558
9100
8637
8178
7564
7103
7409
7718
8023
8332
8637
8791
8945
9100
9250
9404
9558
9713
9713
9558
9100
8486
8178
8486
8637
8945
9100
9250
9404
9558
9558
9713
9713
9863
9863
9863
9404
8945
8486
7872
7258
7409
7718
8023
8332
8483
8791
8945
9100
9250
9404
9558
9713
9713
9713
9404
8945
8332
7718
7103
7255
7564
7869
8178
8483
8637
8945
9096
9250
9404
9404
9558
9709
9709
9404
9096
8637
8023
7409
6949
6334
6488
6949
7409
7718
8023
8332
8483
8791
8945
9100
9250
9404
9558
9558
9558
9254
8791
8332
7872
8178
8332
8637
8791
8945
9100
9250
9404
9558
9713
9713
9867
9863
9863
9713
9250
9100
8486
8178
8332
8637
8791
8945
9100
9250
9404
9558
9713
9713
9867
9863
9863
10017
9713
9254
8791
8332
7872
7872
8178
8486
8637
8945
9100
9250
9250
9404
9558
9713
9713
9867
9863
9863
9558
9100
8637
8178
7718
7103
6643
6949
7409
7718
8023
8332
8641
8791
8945
9100
9250
9404
9558
9558
9713
9709
9558
9250
8791
8178
7564
6949
6486
6795
7103
7409
7869
8178
8328
8637
8791
8942
9096
9250
9404
9558
9713
9713
9863
9863
9404
8791
9100
9096
9250
9404
9558
9713
9713
9867
9863
9863
10017
10017
10017
10017
10171
10171
9713
9250
8637
7872
7409
6795
7103
7409
7872
8023
8332
8641
8791
8945
9100
9250
9404
9558
9558
9713
9713
9867
9404
9100
8945
8178
7564
7103
6643
6795
7258
7718
8027
8332
8486
8791
8945
9100
9254
9404
9404
9558
9713
9713
9867
9713
9404
8945
8332
7718
7103
6643
6334
6488
6949
7258
7718
8023
8332
8486
8791
8945
9100
9250
9404
9558
9558
9713
9713
9867
9713
9250
8486
7872
7255
6795
6640
7103
7409
7869
8178
8483
8637
8791
9096
9250
9250
9404
9558
9709
9709
9863
9863
9709
9404
8945
8483
7869
7409
7872
8178
8332
8637
8791
8945
9096
9250
9404
9558
9713
9713
9867
9863
9863
10017
10017
9863
9558
8945
8332
8023
8178
8486
8637
8791
8945
9100
9250
9404
9558
9558
9713
9867
9863
10017
10017
10017
10171
9863
9558
9100
8332
11985
12134
12288
12441
12595
12134
12288
12441
12441
12288
12288
11524
11832
11985
12288
12441
12139
11985
12139
12288
12441
12595
12293
12441
12595
12595
12748
12595
12293
12441
12595
12595
12748
12441
12293
12441
12595
12748
12902
12293
11985
12139
12293
12139
12139
11985
11375
11375
11683
11832
11985
12139
11985
11678
11985
12139
12293
12446
12595
12139
12293
12441
12595
12595
12748
12139
12139
12293
12446
12595
12748
12595
12139
12293
12441
12595
12595
12748
12139
11837
11985
12139
12293
12293
12139
12139
11683
11832
11985
12139
12293
12441
12293
11832
12139
12293
12441
12441
12595
12441
11985
12139
12446
12441
12595
12748
12595
12139
12293
12288
12441
12595
12748
12748
12288
12441
12441
12441
12288
12134
12134
11985
11222
11375
11678
11832
11985
12288
12441
12134
12144
12298
12451
12446
12600
11990
12144
12298
12451
12600
12298
11990
12144
12298
12451
12600
11995
11990
12144
12298
12446
12600
11841
11837
11990
12144
12298
12451
11534
11688
11990
11837
11837
11837
11688
11077
11380
11688
11841
11990
11990
11380
11688
11837
11990
12144
12144
11534
11077
11380
11688
11837
11990
11990
11226
11534
11683
11837
12144
12298
11990
11688
11837
11990
12144
12293
12446
11688
11534
11683
11529
11524
11520
11361
11361
11203
11198
11198
11045
11198
11505
11659
11817
12124
11970
11059
10598
10593
10743
10743
10738
10738
10738
10734
10887
11040
11045
10743
10738
10738
10738
10734
10887
10887
10882
10882
10882
10882
10585
10580
10580
10580
10729
10729
10729
10729
10729
10729
10882
10278
10431
10427
10427
10580
10576
10576
10729
10729
10729
10729
11036
775
2012
3248
4482
5405
6020
6635
7403
7862
8630
9242
9700
10158
10616
10923
11226
11534
11683
11990
12144
12293
12605
12600
12600
12600
12600
12600
12600
12600
12600
12600
12600
12600
12600
12600
12600
12600
12600
12600
12600
12600
12600
12600
12605
12600
12600
12600
12600
12600
12600
12600
12600
12446
12600
12600
12600
12600
12600
12600
12600
12600
12600
12600
12600
12600
12600
12600
12600
12600
12600
12600
12600
12600
12600
12600
12600
12600
12600
12600
12600
12600
12600
12600
12600
12600
12600
12600
12451
12605
12600
12600
12600
12600
12600
12446
12600
12600
12600
12605
12605
12600
12605
12605
12600
12600
12600
12600
12600
12600
12605
12605
12600
12600
12600
12600
12600
12600
12600
12600
12600
12600
12600
12600
12600
12605
12600
12600
12600
12600
12600
12600
12600
12605
12600
12600
12600
12600
12600
12600
12600
12446
12446
12605
12605
12605
12600
12600
12600
12600
12600
12600
12600
12600
12600
12600
12600
12446
12446
12600
12600
12600
12600
12600
12600
12600
