2313
3082
4157
5079
5844
6610
7222
7680
7983
8440
8897
9204
9664
10124
9975
9975
10124
10427
10580
10729
10882
11031
11031
11031
11184
11337
11333
11486
11486
11639
10882
11036
11036
11184
11337
11337
11486
11486
11486
11486
11486
11639
11639
11639
11787
11792
9676
9672
9826
10129
10278
10580
10734
10882
10580
10729
10882
11031
11184
11184
11333
11333
11337
2619
3695
4769
5690
6610
7378
7990
7840
8297
8601
9058
9361
9664
9971
10274
10423
10576
10729
10878
10878
11031
11184
11337
11491
11194
11189
11342
11342
11491
11491
11644
11639
11639
11639
11639
11792
11792
11792
11787
11787
11940
12099
11496
11644
11644
11644
11639
11792
11792
11792
11792
11792
11792
11787
11787
11787
11940
11940
11940
12099
11496
11496
11491
11644
11644
11639
11792
11792
11792
11792
11639
11639
11787
11787
11787
11787
11787
11945
12099
11496
11496
11644
11644
11644
11644
11639
11639
11792
11792
11792
11792
11792
11792
11787
11787
11940
11940
12099
12257
11496
11496
11496
11644
11644
11644
11639
11792
11792
11792
