2305
2765
3995
4917
5685
6300
6914
7222
6764
6914
7372
7833
8137
8440
8747
9054
9204
9511
8455
8605
8755
9062
9365
9515
9668
9818
9971
9971
9664
10124
10431
10891
11203
11203
10436
10129
10129
10278
10278
10431
10427
10427
10580
10734
4148
4609
5376
5987
6602
7213
7980
8594
8905
8751
9058
9208
9515
9664
9818
9971
9967
10120
10274
10274
10427
10887
11040
11352
11659
11352
10589
10431
10585
10585
10580
10580
10734
10734
10734
10734
11040
9979
9979
10129
10129
10278
10278
10431
10427
10427
10580
10427
10274
10580
10891
11198
11352
11352
11198
11198
10585
10124
10124
10278
10427
10427
10427
10580
10734
11040
11198
10589
10589
10738
10738
10738
10734
10734
10734
10734
10882
10882
10882
10882
11194
11347
11654
11812
11965
11659
10589
9668
9361
9511
9664
9818
9971
9967
10120
10427
10891
11045
10738
10738
10738
10734
10734
10734
10734
10734
10734
10580
10580
10580
10580
10129
10129
10124
10124
10124
10124
10124
10124
10124
10120
10274
10274
10274
10120
10124
9668
9822
9822
9971
10124
10124
10278
10278
10427
10427
10427
10580
10580
10580
10427
10734
11045
11198
11352
11203
11203
11198
11045
10585
9971
10124
10124
10278
10274
10427
10427
10427
10734
11040
11352
8938
9396
9854
10162
10466
10774
9854
9092
9092
9396
9854
10162
10466
10774
9854
9092
9092
9550
10008
10316
10620
10928
10008
9092
8938
9396
9854
10162
10466
10774
10312
9396
8784
9242
9700
10008
10312
10620
10769
9854
9092
8938
9396
9854
10158
10466
10769
10620
9700
8784
9092
9396
9700
10162
10466
10774
10162
9396
8633
8938
9396
9705
10162
10466
10774
10316
9396
8633
8938
9550
9700
9850
9846
9996
9992
10141
10137
9523
9519
9672
9668
9822
9975
10282
10589
10896
10901
10133
9826
9975
9975
10129
10124
10124
10278
10278
10274
10427
10427
772
1852
2930
4006
5081
5848
6615
7382
7532
7378
7990
8601
9058
9365
9668
9975
10278
10278
10585
10734
11040
11194
11342
11496
11649
11342
11496
11496
11649
11802
11802
11802
11955
11960
11198
11352
11500
11654
11807
11802
11955
11955
11955
11955
11955
12109
12109
12104
12104
12104
12257
11955
12109
12109
12104
12257
12257
12257
12257
12257
11955
11955
11955
12109
12109
12109
12104
12104
12257
11198
11198
11352
11500
11654
11807
11802
11955
11955
11500
