2006
2776
3854
4929
6005
6772
6772
7231
7840
8297
8908
9212
9365
9822
10124
10427
10580
10882
10882
11036
11184
11337
11491
11644
11644
11792
11792
11945
11945
11945
11945
12099
12099
12099
12099
12099
12099
12099
12099
12099
12252
12410
11955
11802
11955
11955
11950
12104
12104
12104
12099
12099
12099
11950
11797
11797
11644
11644
11644
11491
11491
11491
11496
11342
11342
11342
11342
11342
11342
11342
11342
11342
11342
11189
11189
11189
11189
11189
11194
11198
11049
10589
10743
10891
11194
11347
11342
11496
11496
11644
11797
11797
11950
11945
11945
11792
11945
11945
11945
12099
12099
12099
12099
12093
12247
12247
12247
12247
12247
12247
12247
12247
12247
12247
12247
12247
12400
11644
11644
11797
11797
11797
11945
11945
12099
12099
12099
12099
12099
12247
12247
12247
12247
12247
12247
12247
12247
12247
12247
12099
11945
