1859
2632
3712
4791
5716
6483
7252
7403
8171
8784
9242
9700
10008
10158
10466
10769
10923
11231
11380
11226
11534
11688
11688
11841
11990
11990
11841
11990
11990
12144
12144
12298
12144
12144
12298
12298
12451
12446
12446
12298
12293
12293
12446
12446
12446
12446
12451
12446
12446
12446
12446
12446
12446
12446
12451
12451
12451
12605
12600
12600
12451
12451
12451
12446
12446
12605
12605
12451
12451
12451
12605
12605
12600
12600
12451
12451
12451
12451
12451
12605
12605
12600
12451
12451
12451
12451
12446
12605
12605
12451
12451
12451
12605
12605
12605
12600
12600
12451
12451
12451
12451
12605
12605
12605
12600
12451
12451
12451
12451
12451
12451
12451
12451
11990
11534
11688
11688
11688
11841
11841
11837
11990
11990
11841
11841
11990
11990
12144
12144
12298
12298
12144
12144
12298
12298
12298
12446
12446
12446
12446
12293
12446
12446
12446
12446
12600
12600
12600
11837
11837
11837
11837
11837
11837
11832
11832
11832
11832
11832
11832
11832
11832
11832
11832
11832
11832
11832
11832
11832
11832
11832
11837
11837
11837
11837
11837
11837
11837
11837
11837
11837
11837
11837
11837
11837
11837
11837
11837
11837
11837
11837
11837
11837
11837
11837
11837
11837
11837
11837
11837
11837
11837
11837
11837
11837
11837
11837
11837
11837
11837
11837
11837
11837
11837
11837
11837
11837
11837
11837
11837
11837
11837
11837
11832
11832
11832
11832
11832
11832
11832
11832
11832
11832
11832
11832
11832
11832
11832
11832
11832
11837
11837
11837
11837
11837
11837
11837
11837
11837
11837
11837
11837
11837
11837
11837
11837
11837
11837
11837
11837
11837
11837
11837
11837
11837
11837
11837
10629
10629
10629
10629
10629
10629
10629
10629
10629
10629
10629
10629
10475
10475
10475
10475
10475
10475
10475
10629
10629
10629
10629
10629
10629
10475
10475
10475
10475
10475
10475
10475
10629
10629
10629
10629
10629
10629
10475
10475
10475
10475
10475
10475
10629
10629
10629
10629
10629
10629
10629
10321
10321
10475
10475
10475
10475
10475
10475
10475
10475
10475
10629
10629
10629
10321
10475
10475
10475
10475
10475
10475
10475
10475
10629
10629
10629
10629
10475
10475
10475
10475
10475
10475
10475
10475
10629
10629
10629
10629
10629
10629
10475
10475
10475
10475
10475
10475
10475
10629
10629
10629
10629
10629
10629
10629
10475
10475
10475
10475
10475
10475
10629
10629
10629
10629
10629
10629
10629
10629
10629
10475
10475
10475
10475
10475
10475
10475
10629
10629
10629
10629
10629
10629
10629
10629
10475
10475
10475
10475
10475
10475
10475
10475
10475
10629
10629
10629
10629
10629
10629
10321
10475
10475
10475
10475
10475
10475
10629
10629
10629
10629
10629
10629
10629
10629
10321
10475
10475
10475
10475
10475
10475
10475
10475
10629
10629
10629
10629
10629
10629
10475
10475
10475
10475
10475
10475
10475
10475
10629
10629
10629
10629
10629
10629
10629
10629
10475
10475
10475
10475
10475
10475
10629
10629
10629
10629
10629
10629
10629
10629
10629
10629
10475
10475
10475
10475
10475
10475
10475
10629
10629
10629
10629
10629
10629
10629
10629
10629
10629
10321
10321
10475
10475
10475
10475
10475
10475
10475
10475
10629
10629
10629
10629
10629
10629
10475
10321
10475
10475
10475
10475
10475
10475
10475
10629
10629
10629
10629
10629
10629
10629
10629
10475
10475
10475
10475
10475
10475
10629
10629
10629
10629
10629
10629
10629
10629
10629
10629
10629
10475
10475
10475
10475
10475
10475
10475
10475
10629
10629
10629
10629
10629
10629
10629
10629
10629
10629
13965
13965
13965
13965
14119
13965
13965
13965
14119
14119
13965
14119
14119
14119
14119
14119
14119
14119
14119
14119
14119
14119
14119
14119
14119
14119
14119
14119
14119
14119
14119
14119
14119
14119
14119
14119
14119
14119
14119
14119
14119
14119
14119
14119
14119
14119
14119
14119
14119
14119
14119
14119
14119
14119
14119
14119
14119
14119
14119
14119
14119
14119
14113
14119
14119
14119
14119
14119
14119
14113
14119
14119
14119
14119
14119
14119
14119
14119
14119
14119
14119
14119
14119
14119
14119
14119
14119
14119
14119
14119
14119
14119
14119
14119
14119
13965
13965
14119
14119
14119
14119
14119
14119
14119
14119
14119
14119
14119
14119
14119
14119
14119
14119
14119
14119
