8927
9085
9239
9393
9393
9547
9700
9700
9700
9859
9859
10013
10013
9859
9400
8788
8174
7560
6946
6946
7409
7715
8023
8328
8637
8791
8945
9096
9250
9404
9558
9558
9250
8791
8332
7718
7258
7409
7718
8023
8332
8483
8791
8945
9096
9250
9404
9558
9558
9709
9404
8945
8328
7715
7255
6949
7409
7715
8023
8328
8637
8791
8945
9096
9250
9404
9558
9558
9558
9100
8637
8178
7564
7103
6643
6949
7258
7718
8023
8332
8486
8791
8945
9100
9250
9404
9558
9558
9404
9100
8637
8178
7564
7409
7718
8023
8332
8486
8791
8945
9100
9250
9404
9558
9713
9713
9863
9558
9100
8486
8023
7718
8023
8332
8486
8791
8945
9100
9250
9404
9558
9558
9713
9863
9863
9713
9558
8945
8332
8486
8637
8791
9100
9254
9404
9404
9558
9713
9713
9863
9863
10017
10017
9713
9404
8791
8178
8023
8178
8486
8637
8945
9100
9250
9250
9404
9558
9713
9713
9863
9863
9863
9404
8945
8483
8023
7409
6949
6486
6949
7409
7715
8023
8328
8637
8791
8942
9250
9404
9558
9558
9709
9709
9558
9250
8791
8486
8637
8791
9100
9250
9404
9404
9558
9713
9713
9863
9863
9863
10017
10017
9863
9558
9254
8791
8023
8023
8023
8332
8637
8791
8945
9100
9250
9404
9558
9713
9713
9867
9863
9863
10017
9713
9404
8791
8178
7718
7872
8178
8486
8637
8791
9100
9250
9404
9558
9558
9713
9867
9863
10017
10017
9713
9250
8637
7872
7255
6795
6334
6179
6488
6949
7255
7718
8023
8332
8486
8791
8945
9100
9250
9404
9558
9558
9713
9713
9558
9100
8486
7872
7258
7103
7409
7718
8023
8332
8637
8791
8945
9096
9250
9404
9558
9558
9709
9709
9863
9863
9558
9096
8483
7869
7255
6795
6334
6334
6795
7103
7564
7869
8178
8332
8637
8791
9100
9250
9404
9558
9558
9709
9863
9863
9404
8945
8178
7564
7103
6640
7103
7409
7718
8023
8332
8483
8791
8945
9100
9250
9404
9558
9558
9713
9713
9863
9558
9100
8637
8332
8023
7409
6949
7409
7718
8023
8332
8486
8791
8945
9100
9250
9404
9558
9558
9713
9863
9863
9863
9863
9558
8942
8174
7406
6792
6174
6480
6937
7240
7699
8003
8308
8612
8916
9066
9219
9369
9523
9680
9834
9992
9992
10141
9527
8608
7997
8147
8455
8758
8912
9216
9369
9519
9672
9822
9822
9979
10137
10137
10286
10286
10286
10282
9672
