2161
3084
4006
4929
6005
6772
6926
7385
7997
8455
8912
9216
9216
9519
9822
10129
10431
10585
10734
10887
11040
11189
11189
11342
11342
11496
11496
11649
11649
11797
11644
11797
11797
11797
11797
11797
11797
11797
11797
11950
11955
12109
11807
11049
11198
11352
11347
11500
11500
11649
11649
11649
11649
11802
11802
11797
11797
11797
11797
11797
11950
11950
11950
11950
11950
11950
11950
11950
11950
11950
11950
11950
11950
11950
11950
11950
11950
11950
12104
12109
12262
12267
12420
11505
11045
11198
11347
11347
11500
11496
11649
11649
11649
11649
11802
11802
11797
11797
11797
11950
11950
11950
11950
11950
11950
11950
11950
11950
11950
11950
11950
11950
11950
11950
11950
11950
11950
12104
12109
12262
12114
11659
11654
11654
11807
11807
11802
11802
11955
11802
11802
11955
11955
11955
11950
11950
