8181
8332
8641
8791
8945
9100
9254
9404
9558
9558
9713
9713
9867
9558
9100
8486
7872
7258
6949
7258
7718
8027
8178
8486
8637
8945
9100
9254
9404
9404
9558
9404
9100
8486
7872
7258
6795
6949
7409
7718
8023
8332
8641
8791
8945
9100
9254
9404
9404
9558
9404
8945
8486
7872
8027
8178
8486
8637
8945
9100
9254
9404
9404
9558
9713
9713
9867
9558
9404
8945
8332
8641
8791
8945
9100
9250
9404
9558
9558
9713
9713
9863
9863
10017
9713
9250
8791
8023
7409
6949
7255
7564
8023
8178
8483
8637
8945
9096
9250
9404
9404
9558
9713
9558
8945
8637
8178
7718
7564
7258
7409
7718
8027
8178
8486
8637
8791
8945
9100
9250
9404
9404
9558
9709
9709
9558
9250
8945
8332
7718
8023
8178
8483
8637
8791
9096
9096
9250
9404
9558
9558
9709
9709
9863
9709
9096
8483
7866
7097
6483
6786
7092
7548
7853
8308
8458
8766
9073
9227
9381
9531
9680
9834
9830
9672
8905
8751
9062
9216
9527
9523
9676
9826
9979
9975
10129
10124
10124
10278
10282
10286
9676
8755
7987
7987
8290
8440
8747
9058
9216
9369
9519
9672
9822
9822
9971
9971
10124
10120
9664
9208
9361
9511
9664
9818
9818
9967
10120
10120
10120
10278
10282
10436
10436
10436
10431
9664
9204
9357
9511
9660
9818
9822
9975
10133
10129
10129
10278
10278
10278
10431
10427
10427
9818
9208
9208
9361
9511
9664
9664
9814
9967
9967
10120
10120
10278
10282
10436
10436
10436
10278
9511
9511
9664
9664
9814
9967
9971
10129
10286
10282
10282
10282
10431
10431
10431
10427
10427
9814
9058
9208
9361
9511
9664
9818
9967
9967
10120
10120
10120
10274
10278
10436
10436
10436
10431
9818
9204
9357
9511
9660
9814
9967
9971
10129
10286
10282
10282
10278
10278
10431
10431
10427
10427
9814
8751
8901
9054
9357
9511
9511
9660
9814
9814
9967
10120
10120
10278
10282
10436
10436
10431
10124
9357
9357
9511
9660
9814
9967
9967
10124
10282
10282
10282
10278
10278
10431
10427
10427
10427
10427
9660
8901
9208
9357
9511
9511
9660
9814
9967
9967
10120
10116
10269
10274
10431
10436
10436
10431
10431
9511
9242
9700
10008
10466
10774
10923
10008
9092
9396
9854
10162
10466
10774
10774
9705
8938
9396
9854
10162
10620
10928
10620
9705
9092
9550
10008
10316
10620
10928
10774
9859
8938
9396
9859
10162
10466
10774
11082
10008
9092
9246
9705
10162
10466
10774
10923
10466
9550
9092
9550
10008
10316
10620
10928
11077
10008
9092
9246
9550
10008
10316
10620
10928
10774
9859
8938
9092
9396
9705
10008
10316
10620
10316
9705
8938
8938
9396
9859
10316
10620
10928
10774
9859
8938
8938
9396
9859
10162
10620
10928
10928
10008
9092
8938
9396
9859
10316
10620
10928
11077
10466
9550
8784
9396
9700
10162
10466
10774
11077
11077
10008
9092
8938
9396
9700
10162
10466
10774
10923
10928
9854
9092
8938
9396
9854
10162
10466
10774
11077
10928
9854
9092
8938
9550
9854
10316
10620
10928
11077
10928
9859
9092
8938
9396
9854
10162
10466
10774
11077
11077
10008
9246
8479
9092
9550
10008
10316
10620
10928
11077
10620
9705
8784
9246
9550
10008
10316
10620
10928
11077
11077
10162
9246
8784
9246
9550
9854
10162
10620
10928
11077
10466
9705
8938
