2159
2929
3851
4773
5384
6151
6610
7222
7683
7833
8290
8751
9054
9357
9511
9818
9822
9975
10124
10278
10427
10580
10734
10729
10729
10729
10882
11036
11036
11031
11184
11184
11184
11337
11496
11649
11960
11659
11045
11045
11194
11194
11194
11347
11342
11342
11342
11342
11342
11342
11342
11496
11491
11491
11337
11496
11649
11807
11960
12119
11812
11049
11045
11045
11194
11194
11194
11189
11342
11342
11342
11342
11342
11337
11337
11337
11491
11491
10585
10585
10738
10887
10887
11036
11036
11189
11189
10882
11036
11036
11184
11184
11184
11337
11337
11337
11337
11649
11802
11960
12114
12267
11812
10896
10891
11045
11045
11194
11194
11194
11189
11342
11342
11342
11342
11342
11342
11337
11491
11491
11496
11649
617
2005
3391
4467
5235
6000
6613
7225
7529
7680
8140
8598
8901
9208
9511
9818
9967
10120
10274
10423
10576
10576
10729
11036
11347
11500
11654
10747
616
1232
2463
3386
4306
5228
6149
7071
7686
8297
7990
8144
8601
8751
9054
9208
9511
9664
9814
9967
10120
10120
10427
