2615
3383
4150
4919
5531
6144
6758
7216
7523
7980
8134
8440
8901
9361
9822
10133
10286
9523
8755
7987
8294
8598
8751
9054
9208
9361
9822
10129
9523
8755
8908
9058
9212
9361
9515
9668
9822
9971
9971
9668
9365
9361
9515
9668
9664
9818
9971
9971
10120
10120
9814
9967
10278
10585
10891
11203
11356
11049
9979
9058
8598
8751
8901
9054
9208
9357
9822
10129
10436
9979
9365
9519
9668
9822
9822
9971
9971
10124
10124
10278
10431
9672
9826
9826
9975
9975
9971
10124
10124
10278
10274
10274
10120
10274
10585
10891
11045
11356
11510
11356
10440
9519
8601
8444
8598
8901
9054
9208
9515
9822
10129
10440
10133
9365
8905
9058
9208
9361
9515
9664
9818
9818
9971
10278
10436
9975
10129
10129
10124
10278
10278
10278
10274
10427
10427
10427
10427
10274
10580
10891
11045
11352
11198
11198
11045
11045
10585
9818
9204
9357
9511
9664
9814
9967
10278
10585
10896
11049
10589
9672
9822
9975
9975
10124
10124
10124
10278
10274
10274
10427
10580
10129
10278
10278
10278
10278
10427
10427
10427
10427
10427
10580
10580
10580
10427
10734
11040
11198
11352
11352
11198
11045
11045
10891
10431
9515
9208
9357
9511
9664
9818
9971
10431
10585
10896
11203
10598
772
2005
3237
4313
5235
6154
6766
7532
7990
8297
