2006
2776
3852
4775
5695
6618
7077
7077
7689
8147
8605
9062
9519
9519
9822
10129
10278
10585
10734
10887
11040
11194
11342
11342
11496
11496
11496
11649
11649
11802
11797
11797
11797
11950
11950
11950
11950
11950
11950
11950
11950
12109
12262
11960
11198
11352
11505
11500
11654
11654
11649
11649
11802
11802
11955
11955
11955
11955
11955
11950
11950
11950
11950
12104
11950
11950
12104
12104
12104
12104
12104
12104
12104
12104
12104
12104
12104
12104
12104
12262
12262
12420
12420
12420
12114
11049
10440
10743
10896
11045
11198
11347
11347
11347
11500
11496
11649
11649
11802
11802
11802
11802
11802
11802
11950
11950
11950
11950
11797
11950
11950
11950
11950
11950
12104
12104
11950
11950
11950
12109
12262
12267
12420
11812
10747
10743
10896
11045
11198
11347
11347
11500
11500
11500
11649
11649
11802
11802
11802
11802
11802
13045
13045
13198
13198
13198
13198
13352
13352
13352
13505
13505
13505
13505
13505
13499
13499
13499
13499
13653
13653
13505
13659
13659
13659
13659
13659
13659
13653
13499
13340
13335
13182
13182
13023
13023
13023
13017
12864
12864
12864
12864
12859
12859
12706
12706
12706
12706
12706
12706
12706
12706
12706
12553
12553
12553
12553
12553
12553
12553
12553
12553
12553
12553
12553
12558
12711
12870
12870
13028
12568
12114
12109
12262
12262
12257
12257
12410
12410
12405
12405
12405
12558
12558
12558
12405
12558
12553
12553
12553
12553
12553
12553
12553
12553
12553
12553
12553
12553
12553
12553
12553
12553
12553
12553
12553
12706
12553
12711
12711
12870
12870
13028
13023
11807
11807
11955
12109
12104
12257
12257
12257
12252
12252
12405
12405
12405
12558
12558
12553
