2006
2931
3854
4775
5697
6461
7228
7228
7840
8451
8908
9365
9822
10129
10124
10431
10738
10887
11040
11347
11194
11347
11496
11649
11649
11802
11955
11352
11500
11654
11807
11807
11955
11955
11955
12109
12109
12104
12104
12257
12257
12257
12257
12257
12410
12410
12410
12410
12257
12257
12257
12257
12410
12410
12410
12257
12257
12257
12257
12257
12257
12257
12257
12257
12257
12257
12257
12415
12420
12267
11356
11049
11203
11352
11505
11659
11807
11960
11654
11500
11654
11807
11802
11955
11955
12109
12109
12109
12262
12262
12257
12257
12257
12410
12257
12257
12257
12410
12410
12410
12410
12410
12410
12410
12410
12410
12410
12563
12563
12563
12415
12415
12420
12574
12579
12579
12574
12420
11510
10593
10593
10743
11049
11198
11352
11500
11654
11649
11654
11802
11802
11955
12109
12109
12104
12257
12104
12104
12104
12257
12257
12257
12257
12257
12257
12104
12104
12257
12257
12104
12257
12257
12257
12257
8934
9242
9547
9700
9854
9547
8630
8784
9088
9393
9700
10004
9242
8630
9088
9393
9700
10004
9854
8934
8934
9239
9547
9850
10004
9547
8780
8934
9393
9700
9850
10004
9547
8626
8934
9239
9547
9850
10004
9547
8626
8780
9088
9393
9696
10004
9850
8934
8780
9088
9393
9700
10004
10004
9242
8630
9088
9393
9700
10004
10158
9547
8630
8934
9242
9547
9850
10004
10004
9242
8476
8780
9242
9547
9854
10004
9854
9088
8630
9088
9393
9700
9850
10158
9700
8934
8784
9088
9393
9700
10004
10158
9700
8934
8630
9088
9393
9700
10004
10158
9854
8934
8630
9088
9393
9700
9850
10158
10004
9242
8476
8934
9242
9547
9850
10158
10158
9547
8784
8476
8934
9242
9547
9854
9850
10004
9393
8630
8171
8476
8780
9242
9547
9854
10004
9393
8630
8630
9088
9393
9700
9850
10158
10312
9393
8476
8780
9088
9393
9696
10004
10154
10158
9239
8476
