2007
2777
3854
4775
5697
6461
7228
7382
7993
8605
9062
9365
9822
9975
10129
10431
10585
10887
11040
11194
11194
11347
11496
11649
11649
11802
11802
11198
11352
11347
11500
11500
11654
11654
11802
11500
11500
11649
11649
11802
11802
11955
11802
11955
11950
12104
12104
12104
12104
12104
12257
12257
12257
12257
12257
12257
12104
12257
12257
12257
12257
12257
12257
12257
12262
12415
12420
12420
12426
12420
12267
11356
10286
10589
10743
11045
11198
11347
11500
11654
11654
11649
11802
11955
11955
12109
12109
12109
12109
12104
12257
12257
12257
12257
12410
12109
12257
12257
12257
12410
12410
12410
12410
12257
12257
12410
12415
12415
12574
12574
12579
11817
10747
10593
10743
11049
11203
11352
11505
11654
11807
11807
11807
11955
11955
11955
11955
11955
11955
11955
11347
11500
11500
11496
11649
11649
11649
11649
11649
11649
11496
11496
11649
11649
11802
11802
11802
11797
11955
11654
11352
11500
11654
11807
11955
11955
11955
12109
12104
