2159
2775
3697
4619
5384
5997
6610
6914
7222
7680
8137
8444
8747
9054
9357
9511
9660
9814
9967
10274
10585
10743
10129
10282
10436
10431
10585
10585
10734
10734
10734
10734
10734
10882
10882
10882
10882
10882
10882
10882
11036
11189
11347
11352
11198
10589
10589
10585
10585
10738
10734
10734
10887
10734
10580
10734
10734
10729
10882
10882
10882
10882
10882
10882
11189
11347
11352
11352
11352
10896
10129
10129
10282
10431
10431
10585
10580
10734
10734
10734
10734
10729
10882
10882
10882
10882
10882
11189
10585
10431
10431
10431
10431
10427
10427
10427
10427
10427
10427
10580
10576
10729
10729
10729
10882
10882
10882
10882
10278
10278
10278
10274
10274
10274
10274
10274
10274
10274
10274
10274
10427
10423
10576
10576
10729
10729
10882
10882
772
2005
3084
4161
5081
5848
6615
7225
7840
8297
8755
9212
9515
9822
10124
10431
10431
10734
10887
11040
11189
11342
11342
11496
11496
11496
11649
11649
11802
11955
12114
11812
11352
11505
11654
11654
11807
11802
11802
11955
