8332
8486
8791
8945
9100
9254
9404
9558
9558
9713
9713
9867
9863
9558
8945
8486
8027
7872
8178
8332
8637
8791
8945
9254
9250
9404
9558
9713
9713
9863
9404
8945
8483
8023
7409
7564
8023
8178
8483
8791
8945
9096
9096
9250
9404
9404
9558
9558
9709
9709
9558
9096
8637
8332
8178
8332
8486
8791
8945
9100
9254
9404
9558
9558
9713
9713
9713
9867
9863
9863
9863
9863
10017
9863
9404
9100
9100
9100
9250
9404
9404
9558
9558
9709
9709
9709
9863
9863
9863
9863
10017
10017
10017
9863
9558
9558
9100
9254
9404
9404
9558
9713
9713
9867
9867
10021
10021
10021
10021
10021
10017
10171
10171
10171
10171
10021
9713
9254
8949
8641
8795
8945
9100
9254
9408
9558
9713
9867
9867
10021
10017
10171
10171
10171
10325
10325
10325
10325
10171
10021
9867
9713
9562
9562
9713
9867
9867
10021
10021
10175
10171
10171
10171
10171
10171
10171
10171
10171
10017
9867
9713
9404
9250
9100
8791
8791
8945
9100
9254
9404
9558
9558
9713
9713
9867
9867
9867
10021
10021
10017
10017
10017
10017
10021
9408
8791
8332
7872
8027
8332
8486
8795
8945
9100
9254
9254
9408
9558
9558
9713
9713
9713
9867
9867
9713
9558
9250
9100
9100
8791
8332
8486
8637
8945
9100
9100
9250
9404
9558
9558
9713
9713
9713
9867
9867
10021
10017
10017
9867
9713
9558
9254
8791
8486
8637
8791
9100
9100
9250
9404
9558
9713
9709
9863
9863
9863
10017
10017
10017
10017
9863
9558
9404
9100
8791
8332
8023
8332
8486
8791
8945
9100
9250
9404
9404
9558
9558
9713
9713
9863
9863
10017
10017
10017
9863
9558
9250
8945
8637
8178
8178
8332
8641
8791
8945
9100
9254
9404
9404
9558
9713
9709
9859
9850
10000
9996
9992
9834
9834
9834
9373
9523
9523
9672
9822
9822
9818
9975
9979
10133
10133
10133
10282
10282
10278
10278
10278
10120
9975
9515
9054
8440
7827
7366
7065
6909
6909
7059
7520
7823
8130
8284
8594
8905
9054
9208
9357
9511
9664
9660
9660
9814
9818
9975
9822
9515
8901
8440
8590
8744
9051
9204
9361
9519
9676
9672
9826
9822
9822
9971
9971
9967
9967
10124
10129
10129
9971
9357
9051
8437
8130
8284
8594
8751
9062
9058
9212
9361
9515
9511
9664
9818
9814
9967
9971
10129
10282
10282
10282
9822
9208
8897
9051
9357
9511
9664
9668
9822
9979
9975
10129
10124
10278
10278
10278
10274
10427
10427
10120
9515
9515
9515
9664
9818
9971
9967
10120
10120
10120
10274
10269
10278
10431
10436
10436
10431
10585
10278
9357
12298
12451
12600
12600
12754
12144
12298
12451
12600
12600
12298
12298
12446
12446
12600
12600
12144
12293
12446
12600
12600
12144
12293
12446
12600
12754
12754
12144
12139
11985
11980
11827
11668
11510
11510
11356
11198
11045
11045
11040
11040
11194
11505
11659
11356
10896
10891
10891
10891
10887
10887
10887
10887
10887
10887
10734
10734
11040
11347
11505
11659
11812
11352
10589
10585
10585
10738
10734
10734
10734
10734
10734
10734
10734
10278
10278
10431
10427
10580
10580
10580
10580
10576
10576
10729
10576
10729
10729
11036
11347
11654
11807
11812
10891
10585
10585
10738
10734
10734
10734
10734
10734
10734
10729
10729
1080
2313
3390
4311
5233
5997
6610
7222
7680
8137
8444
8901
9208
9511
9818
10124
10585
10743
10282
10436
10585
10585
10738
10887
10887
11040
11036
11189
11189
11189
11189
11189
11342
11649
11807
11960
11352
11352
11352
11347
11347
11347
11347
11496
11496
11496
11342
11342
11496
11496
11491
11649
11802
11960
11965
11203
11045
11198
11198
11194
11194
11347
11342
11342
11342
11189
