2315
3239
4315
5235
6154
6920
7378
7987
8444
8901
9361
9818
9971
10274
10576
10729
11036
11184
11184
11337
11491
11639
11639
11792
11950
12104
12262
12415
12415
11654
11807
11807
11802
11955
11955
12104
12104
12104
12104
12104
12252
12252
12252
12252
12252
12252
12252
12405
12252
12252
12405
12400
12400
12400
12247
12247
12247
12247
12400
12400
12400
12247
12247
12405
12558
12563
12716
12415
11955
12109
12109
12104
12257
12257
12252
12252
12252
12252
12252
12252
12252
12252
12252
12247
12400
12400
12400
12400
12247
12247
12247
12252
12099
12099
11945
11945
11797
11644
11797
11792
11945
11945
12104
12257
11654
11802
11802
11950
11950
11950
12099
12099
12099
12099
12099
12252
12252
12252
12247
12247
12247
12247
12247
12247
12247
12400
12247
12247
12400
12400
12400
12400
12400
12400
12897
13050
13050
13050
13050
13050
13050
13050
13050
13204
13050
13050
13204
13204
13204
13204
13204
13204
13204
13204
13050
13204
13050
13045
12886
12886
12732
12574
12574
12568
12568
12415
12415
12415
12415
12410
12257
12257
12257
12257
12257
12257
12257
12257
12257
12104
12104
12257
12257
12257
12257
12104
12104
12104
12104
12104
12104
12257
11347
11347
11500
11496
11649
11649
11802
11496
11649
11649
11797
11797
11950
11950
11797
11950
11950
11950
11950
11950
12104
11950
12104
12104
12104
12104
12104
12104
12104
12104
12104
12104
12104
12104
12257
12104
12104
12257
12262
12415
12420
12420
12114
11505
11654
11654
11807
11802
11955
11955
11955
11802
11802
11950
11950
11950
11950
12104
11950
11950
12104
12104
12104
12104
12104
12104
12104
12104
12104
12099
12099
12252
12252
12252
