2307
3229
4150
4917
5683
6294
6909
7366
7823
7977
8130
8590
9204
9818
10124
10278
9515
8905
9054
9357
9511
9664
9814
9967
10120
10274
10269
10423
10734
11040
11347
11654
11500
10585
10124
10124
10274
10274
10427
10427
10576
10576
10576
10576
10124
10124
10274
10274
10427
10423
10576
10576
10576
10576
10423
10576
10576
10882
11036
11342
11654
11194
10734
10734
10734
10734
10729
10729
10882
10882
10882
10882
10882
10882
11189
11342
11654
11807
11659
11505
10585
10278
10278
10274
10427
10427
10423
10576
10576
10576
10729
10729
10278
10124
10274
10274
10427
10423
10576
10576
10576
10729
10729
10576
10423
10571
10882
11036
11194
11194
11198
10743
463
1543
2776
3852
4773
5541
6459
7071
7529
7987
8598
9054
9515
9818
10274
10427
10729
10882
11036
11337
11496
11802
11654
11045
11352
11500
11649
11802
11802
11950
11950
12104
12099
12099
12252
12252
12405
12405
12405
12400
12400
12400
12400
12553
12553
12400
12400
12553
12553
12553
12553
12553
12553
12553
12553
12553
12553
12553
12553
12553
12553
8322
8780
9242
9547
9700
9700
8780
8630
8934
9393
9547
9850
9393
8630
8780
9088
9393
9700
10004
9242
8630
8934
9239
9547
9700
9854
9242
8476
8784
9088
9393
9547
9850
9393
8476
8784
9088
9393
9547
9700
9700
8934
8322
8780
9088
9393
9700
10004
9242
8476
8780
9242
9547
9700
10004
9547
8784
8630
9088
9393
9700
10004
10158
9242
8476
8780
9242
9393
9547
9700
9850
9088
8322
8630
8934
9393
9547
9850
10004
9088
8322
8626
8934
9239
9547
9850
9696
9085
9239
9543
9850
10158
10308
10462
9700
8934
8780
9088
9393
9700
9696
9850
10004
9088
8322
8476
8780
9242
9547
9700
9850
9700
8780
8171
8630
9088
9393
9547
9700
9850
9547
8784
8322
8630
9088
9393
9547
9854
10004
9547
8630
8322
8780
9088
9393
9547
9700
9854
9700
8780
8171
8476
8780
9242
9547
9854
10004
9854
8934
8171
8476
8780
9242
9393
9700
9700
9850
9393
8630
8938
9396
9854
10162
10466
10774
10162
9246
8784
9242
9705
10008
10316
10620
10162
9246
8784
9242
9705
10162
10466
10774
10316
9396
8633
9092
9550
10008
10316
10620
10774
9705
8938
8938
9396
9854
10162
10466
10774
10162
9246
8633
9092
9550
10008
10316
10620
10774
9700
8938
8630
9092
9550
9854
10312
10620
10466
9700
8784
8784
9396
9854
10158
10466
10769
10620
9700
8784
9088
9547
10008
10312
10620
10923
10620
9700
8784
8784
9242
9700
10162
10466
10769
10923
10008
9088
8784
9242
9705
10008
10466
10774
10923
10466
9550
8630
8784
9246
9550
10008
10316
10620
10928
10162
9246
8633
9092
9550
10008
10316
10620
10928
10774
9859
8938
8479
8938
9242
9550
10008
10316
10620
10466
9705
8938
8325
8938
9396
9854
10162
10466
10774
10928
10008
9092
8479
8784
9246
9550
9854
10316
10620
10774
10162
9396
8479
8784
9242
9705
10008
10466
10774
10923
10466
9550
8784
8479
8630
9092
9550
10008
10312
10620
10923
10312
9396
8630
8938
9242
9700
10162
10466
10774
11077
10774
9854
9092
8479
8938
9550
9854
10312
10620
10769
11077
10769
9854
8938
