1860
2787
3868
4793
5870
6637
7252
7560
8325
8938
9396
9854
10162
10466
10774
10923
11231
11534
11534
11688
11841
11990
12144
12298
12144
12144
12144
12298
12451
12451
12451
12451
12451
12451
12600
12600
12600
12446
12600
12605
12600
12600
12600
12600
12451
12451
12451
12600
12600
12605
12605
12451
12451
12605
12605
12605
12600
12600
12451
12451
12451
12451
12605
12605
12600
12451
12605
12600
12600
12600
12600
12600
12605
12605
12600
12600
12600
12754
12600
12446
12446
12600
12605
12605
12600
12600
12754
12600
12600
12600
12600
12600
12754
12754
12600
12600
12600
12600
12600
12600
12600
12600
12600
12600
12600
12600
12754
12754
12754
12754
12754
12754
12600
12600
12600
12754
12754
12754
12600
12600
12600
12600
12600
12600
12600
12600
12446
12600
12600
12600
12600
12600
12600
12600
12446
12446
12600
12600
12600
12600
12600
12600
10629
10629
10629
10629
10629
10629
10629
10629
10629
10629
10629
10629
10629
10629
10629
10629
10629
10629
10629
10629
10629
10629
10629
10629
10629
10629
10629
10629
10629
10629
10629
10629
10629
10629
10629
10629
10629
10629
10475
10475
10475
10629
10629
10629
10629
10629
10629
10629
10629
10629
10629
10629
10629
10629
10629
10629
10629
10629
10629
10629
10629
10629
10629
10629
10475
10475
10475
10475
10629
10629
10629
10629
10629
10629
10629
10629
10629
10629
10475
10475
10475
10475
10475
10475
10475
10629
10629
10629
10629
10629
10629
10629
10475
10475
10475
10475
10475
10475
10475
10475
10475
10629
10629
10629
10629
10629
10321
10321
10475
10475
10475
10475
10475
10475
10475
10629
10629
10629
10629
10629
10321
10321
10475
10475
10475
10475
10475
10475
10475
10475
10629
10629
10629
10629
10629
10321
10475
10475
10475
10475
10475
10475
10475
10475
10475
10475
10475
10629
10629
10629
10321
10475
10475
10475
10475
10475
10475
10475
10475
10629
10629
10629
10629
10629
10629
10475
10475
10475
10475
10475
10475
10475
10475
10475
10629
10629
10629
10629
10629
10629
10629
10475
10475
10475
10475
10475
10475
10475
10475
10629
10629
10629
10629
10629
10629
10629
10629
10321
10475
10475
10475
10475
10475
10475
10629
10629
10629
10629
10629
10629
10629
10629
10629
10321
10475
10475
10475
10475
10475
10475
10475
10475
10629
10629
10629
10629
10629
10629
10629
10321
10321
10321
10321
10475
10475
10475
10475
10475
10475
10475
10475
10475
10629
10629
10629
10629
10321
10321
10475
10475
10475
10475
10475
10475
10475
10475
10629
10629
10629
10629
10629
10629
10629
10321
10321
10475
10475
10475
10475
10475
10475
10475
10629
10629
10629
10629
10629
10629
10629
10629
10321
10475
10475
10475
10475
10475
10475
10475
10475
10629
10629
10629
10629
10629
10629
10629
10629
11837
11837
11837
11837
11837
11837
11837
11837
11837
11837
11837
11837
11837
11837
11837
11837
11837
11837
11837
11837
11837
11837
11837
11837
11837
11837
11837
11837
11837
11837
11837
11837
11837
11837
11837
11837
11837
11529
11683
11683
11683
11683
11683
11683
11683
11837
11837
11837
11683
11837
11837
11837
11837
11837
11837
11837
11837
11837
11837
11837
11683
11837
11837
11837
11837
11837
11683
11837
11837
11832
11837
11837
11837
11837
11832
11832
11832
11832
11837
11678
11832
11832
11837
11832
11832
11837
11832
11832
11832
11832
11832
11678
11683
11837
11837
11832
11832
11832
11683
11837
11837
11837
11837
11837
11837
11837
11837
11837
11837
11837
11837
11837
11837
11837
11837
11837
11837
11837
11837
13516
13516
13516
13516
13516
13516
13516
13516
13516
13516
13516
13516
13516
13516
13516
13516
13516
13516
13516
13511
13516
13511
13511
13511
13516
13516
13516
13511
13511
13511
13363
13357
13357
13357
13511
13516
13363
13516
13511
13511
13511
13511
13511
13511
13511
13511
13511
13516
13511
13511
13511
13511
13511
13516
13516
13516
13516
13516
13363
13516
13516
13516
13516
13516
13516
13516
13516
13516
13516
13516
13516
13516
13516
13516
13516
13516
13516
13516
13516
13516
13516
13516
13516
13516
13516
13516
13516
13516
13516
13516
13516
13516
13516
13516
13516
13516
13516
13516
13516
13516
13516
13516
13516
13516
13516
13516
13516
13516
13516
13516
13516
13516
13516
13516
13516
13516
