2005
2775
3851
4771
5690
6456
7068
7526
7830
8440
9054
9515
9975
10282
9822
10129
10431
10580
10734
10882
11036
11184
11337
11337
11491
11486
11639
11639
11792
617
1697
3083
4313
5387
6000
6305
7071
7680
8290
8901
9361
9664
10120
10427
10729
11036
11184
11491
11491
11644
11792
11945
12099
12104
11500
11649
11802
11950
12104
12104
12252
12252
12252
12405
12405
12558
12558
12553
12553
12706
12706
12706
12706
12706
12706
12706
12706
12706
12706
12859
12859
12706
12859
12859
12859
12859
12859
12859
12859
12859
12859
12859
12859
12859
465
1704
2785
3865
4636
5405
6174
6786
6940
7708
8472
9085
9696
10308
10765
11073
11375
11678
11985
12293
12441
12595
12748
12902
13050
13204
13357
13357
13357
13511
13511
13664
13664
13812
13659
13812
13812
13812
13812
13511
13204
12902
11832
11837
11837
11837
11990
11837
11837
11837
11837
11837
11837
11837
11837
11837
11837
11837
11837
11837
11837
11837
11837
11837
11837
11837
11837
11837
11837
11837
11837
11837
11837
11837
11837
11837
11683
11683
11683
11529
11529
11529
11529
11380
11226
11073
10919
11073
11073
11226
11380
11380
11380
11380
11529
11529
11529
11683
11529
11683
11683
11683
11683
11837
11683
11683
11683
11837
11837
11837
11683
11837
11837
11837
11837
11837
11837
11837
11837
11837
11837
11837
11837
11837
11832
11832
11832
11832
11832
11678
11837
11837
11832
11832
11832
11832
11832
11832
11832
11832
11832
11832
11837
11832
11832
11832
11832
11832
11832
11832
11832
11832
11832
11832
11832
11683
11837
11837
11837
11837
11832
11832
