2468
3546
4469
5235
6156
6766
7382
7077
7535
7993
8605
8912
9369
9672
9672
9975
10278
10431
10734
10887
11040
11194
11342
11496
11496
11649
11649
11644
11797
11797
11797
11950
11797
11797
11950
11950
11950
12104
11950
11950
11950
12104
12262
12262
11960
11198
11352
11500
11500
11654
11649
11802
11802
11802
11802
11955
11950
11950
11950
11950
11950
12104
12104
12104
12104
12104
12104
12104
12104
12104
12104
12252
12104
12104
12104
12104
12104
12104
12257
11347
11347
11347
11496
11496
11649
11649
11649
11496
11496
11649
11644
11797
11797
11950
11797
11797
11797
11950
11950
11950
12104
11950
11950
12104
12104
12104
12099
12104
12104
12104
12104
12104
12104
12104
12257
12257
12262
11807
11807
11807
11955
11955
11955
12109
12104
12104
12104
12104
12104
12104
12104
12104
12257
12104
12257
12257
12257
12257
12257
12257
12104
13204
13045
12891
12886
12732
12727
12574
12574
12420
12415
12415
12415
12262
12262
12257
12257
12257
12257
12257
12257
12257
12257
12257
12257
12257
12257
12257
12257
12104
12104
12104
12104
12104
12104
12257
12104
12104
12257
12262
12415
12420
12272
12114
12114
12114
12267
12262
12262
12109
12109
12109
12109
12104
12104
12104
12104
12104
12104
12104
12257
12257
12104
12104
12104
12104
12257
12257
12257
12104
12104
12257
12257
12104
12104
12104
12104
12104
12104
12104
12257
12415
12267
11807
11807
11807
11802
11955
11955
11955
11955
11955
12104
12104
12104
12104
12104
11950
12104
12104
12104
12104
12104
12104
12104
12104
12104
12104
12104
12104
12104
12257
12104
12104
12104
12104
12257
12257
12104
12104
12104
12262
12262
12420
12420
12574
12420
11659
11352
11505
11500
11654
11654
11807
11802
11802
10914
10914
10914
10914
11068
11068
11068
11068
11068
11068
11068
11068
11068
10914
10910
10905
10905
10747
10747
10743
10743
10743
10743
10738
10738
10738
10738
10738
10738
10738
10734
10734
10734
10734
10734
10580
10580
10734
10734
10734
10734
10734
10734
10580
10580
10580
10580
10580
10734
10734
10734
10580
10585
10743
10743
10747
10747
10747
10743
9984
9066
8912
9216
9369
9519
9672
9822
9822
9975
9975
10129
10129
10278
10278
10431
10431
10431
10278
10431
10431
10431
10431
10585
10585
10580
10580
10431
10427
10580
10580
10580
10580
10580
10580
10431
10431
10431
10585
10589
10593
10593
10747
10743
10286
9369
8912
9062
9216
9519
9672
9822
9822
9975
9971
9975
9971
10124
10278
10278
10278
10427
10427
10427
10278
10278
10274
10427
10427
10427
10580
10580
10580
10580
10427
10427
10427
10427
10580
10580
10580
10580
10580
9979
9975
10129
10129
10278
10278
10431
10431
10431
10431
10431
10431
10427
10580
10580
10580
10580
10580
10580
10580
10580
10580
10580
10580
10580
10580
10580
10580
10580
10580
12589
12738
12738
12891
12891
12891
13045
13045
13198
13198
13198
13198
13198
13352
13352
13198
13198
13352
13352
13352
13352
13352
13352
13346
13346
13034
13034
12875
12875
12875
12870
12563
12563
12563
12558
12558
12558
12405
12405
12405
12405
12405
12400
12400
12400
12400
12400
12400
12400
12400
12247
12252
12405
12405
12405
12400
12400
12252
12247
12247
12400
12400
12400
12252
12405
12405
12405
12558
12563
12716
11960
11955
12109
12109
12104
12257
12257
12257
12257
12252
12252
12252
12252
12252
12252
12252
12252
12405
12405
12405
12405
12405
12400
12400
12400
12400
12400
12400
12400
12400
12400
12400
12400
12400
12400
12400
12247
12247
12400
12400
12400
12400
12400
11496
11649
11644
11797
11797
11945
11945
11945
11792
11945
11945
11945
12099
12099
11945
11792
