1860
2632
3559
4329
5100
5868
6174
6635
7249
7862
8322
8780
8626
9088
9393
9696
10004
10004
10308
10462
10616
10765
10919
10919
11073
11073
11226
11226
11226
11226
11380
11375
11529
11380
11529
11529
11529
11683
11683
11529
11529
11683
11683
11683
11683
11683
11683
11683
11683
11683
11683
11683
11683
11683
11683
11837
11683
11683
11837
11837
11837
11832
11683
11837
11837
11837
11837
11832
11837
11837
11832
11832
11832
11832
11832
11683
11837
11837
11837
11837
11837
11683
11683
11837
11837
11837
11837
11683
11837
11837
11837
11837
11837
11837
11683
11837
11837
11837
11837
11837
11837
11837
11837
11837
11832
11832
11832
11837
11837
11832
11832
11832
11832
11832
11832
11832
11832
11832
11832
11837
11837
14119
13965
13965
13965
14119
13965
13965
13965
13965
14119
13965
13965
13965
13965
13965
13965
13965
13965
14119
14119
13965
13965
13965
13965
13960
13965
13965
13965
14119
14119
13965
13965
13965
13965
14119
14119
13965
13965
14119
14119
14119
13965
13965
14119
14119
14119
14119
13965
13965
13965
13965
13965
13965
13965
13965
13965
13965
13965
13965
13965
13965
13965
13965
13965
13965
13965
13965
13965
13965
13965
13965
13965
13965
13965
13965
14119
13965
13965
13965
13965
13965
13965
13965
13965
13965
13965
14119
14119
14119
13965
13965
13965
13965
13965
13965
13965
13965
13965
13965
13965
13965
14119
13965
13965
13965
13965
14119
14119
13965
13965
13965
13965
13965
13965
14119
12600
12600
12600
12600
12600
12754
12605
12605
12600
12600
12600
12600
12600
12451
12605
12605
12605
12600
12600
12446
12600
12600
12600
12600
12600
12446
12446
12600
12600
12600
12600
12600
12446
12446
12446
12600
12600
12600
12446
12446
12600
12600
12600
12600
12600
12446
12446
12451
12605
12600
12600
12600
12451
12451
12451
12600
12600
12600
12605
12451
12451
12451
12451
12605
12605
12600
12298
12451
12451
12451
12451
12600
12600
12600
12446
12446
12446
12446
12446
12600
12600
12600
12600
12600
12600
12600
12600
12600
12600
12600
12600
12600
12600
12600
12600
12600
12600
12600
12600
12600
12600
12600
12600
12600
12605
12605
12600
12600
12600
12600
12600
12600
12600
12600
12600
12600
12600
12600
12754
12754
12600
12600
12600
12600
12600
12600
12600
12600
12600
12600
12600
12600
12600
12600
12600
12600
12451
12605
12605
12600
12600
12600
12600
12600
12600
10475
10475
10629
10629
10629
10629
10629
10629
10629
10629
10629
10629
10629
10475
10629
10629
10629
10629
10629
10629
10629
10629
10629
10629
10629
10475
10475
10629
10629
10629
10629
10629
10629
10629
10629
10629
10629
10629
10475
10475
10475
10475
10475
10475
10475
10629
10629
10629
10629
10629
10629
10475
10475
10475
10629
10629
10629
10629
10629
10629
10629
10629
10629
10629
10475
10475
10475
10475
10475
10629
10629
10629
10629
10629
10629
10629
10629
10629
10475
10475
10475
10475
10475
10475
10629
10629
10629
10629
10629
10629
10629
10629
10475
10475
10475
10475
10475
10475
10475
10629
10629
10629
10629
10629
10629
10629
10321
10475
10475
10475
10475
10475
10475
10475
10629
10629
10629
10629
10629
10629
10629
10321
10475
10475
10475
10475
10475
10475
10475
10475
10475
10629
10629
10629
10629
10475
10475
10475
10475
10475
10475
10475
10629
10629
10629
10629
10629
10629
10629
10629
10475
10475
10475
10475
10475
10475
10475
10475
10629
10629
10629
10629
10629
10629
10629
10629
10321
10475
10475
10475
10475
10475
10475
10629
10629
10629
10629
10629
10629
10629
10629
10321
10475
10475
10475
10475
10475
10475
10475
10475
10629
10629
10629
10629
10629
10629
10629
10475
10475
10475
10475
10475
10475
10475
10629
10629
10629
10629
10629
10629
10629
10629
10629
10321
10475
10475
10475
10475
10475
10475
10475
10475
10475
10629
10629
10629
10629
10629
10629
10475
10475
10475
10475
10475
10475
10475
10475
10629
10629
10629
10629
10629
10629
10629
10629
10629
10321
10475
10475
10475
10475
10475
10475
10629
10629
10629
10629
10629
10629
10629
10629
10629
10629
10321
10475
10475
10475
10475
10475
10475
10475
10475
10629
10629
10629
10629
10629
10629
10629
10629
10321
10321
10475
10475
10475
10475
10475
10475
10475
10475
10629
10629
10629
10629
10629
10629
10629
10629
