8027
8178
8486
8641
8945
9100
9254
9404
9558
9558
9713
9713
9863
9558
9096
8637
8023
7564
7409
7564
7869
8178
8483
8637
8945
9096
9250
9404
9404
9558
9713
9404
9096
8637
7869
7409
7564
7872
8178
8486
8637
8945
9100
9250
9404
9404
9558
9713
9713
9250
8945
8332
7718
7103
6949
7258
7718
8023
8178
8483
8788
8938
9239
9389
9539
9535
9684
9680
9069
8455
7990
8297
8601
8751
9058
9208
9361
9519
9672
9826
9826
9975
9975
10129
9361
8440
8594
8751
9058
9212
9361
9515
9664
9664
9818
9971
9967
10124
10129
10286
9672
9515
9668
9818
9818
9971
9971
10120
10124
10282
10286
10436
10436
10436
10431
9664
8901
9051
9204
9515
9672
9826
9826
9979
9975
10129
10124
10124
10278
10274
10274
9664
9361
9515
9664
9818
9818
9967
9967
10120
10120
10116
10274
10278
10436
10436
10436
9668
9054
9361
9511
9511
9664
9818
9975
10129
10133
10133
10282
10282
10278
10278
10431
9818
9051
9208
9361
9519
9676
9834
9830
9984
9979
10133
10129
10282
10278
10278
10278
10278
9515
8751
7983
8290
8440
8747
9051
9204
9357
9511
9664
9822
9979
9979
10129
10129
10124
10278
9664
8897
9204
9357
9511
9668
9672
9830
9984
9984
10133
10133
10282
10282
10278
10278
10431
9818
9054
8444
8444
8594
8901
9054
9204
9357
9511
9660
9814
9814
9971
10129
10133
10282
10282
10282
9515
9054
9204
9357
9511
9660
9814
9818
9975
10133
10129
10282
10278
10278
10278
10274
10427
10120
9353
9051
9357
9515
9672
9822
9822
9971
9971
10124
10124
10120
10274
10274
10274
10427
10427
10431
9668
9515
9515
9664
9818
9971
9971
10120
10120
10120
10274
10274
10431
10436
10436
10436
10431
10431
9511
9204
9357
9511
9664
9814
9814
9971
10129
10133
10137
10295
10295
10299
10304
10457
10462
10462
9696
8780
8017
7403
1079
2003
2925
3848
4613
5380
5992
6610
7071
7532
7836
8140
8448
8751
8901
9208
9357
9357
8747
8294
8290
8598
8901
9054
9204
9357
9511
9660
9814
9971
9975
10129
10129
10278
10278
10278
10274
9818
