7872
8332
8486
8791
8945
9100
9254
9404
9558
9558
9713
9713
9867
9558
9100
8486
8023
8332
8486
8791
8945
9100
9250
9404
9558
9558
9713
9713
9863
9558
9250
8637
7872
7409
6795
6643
7103
7409
7872
8178
8332
8637
8791
9100
9250
9404
9558
9558
9404
9100
8637
7869
8178
8486
8637
8945
9100
9254
9404
9404
9558
9713
9713
9867
9863
9713
9404
8791
8023
7409
7718
8023
8332
8483
8791
8945
9096
9250
9404
9558
9558
9709
9709
9709
9558
8945
8178
7564
7564
7869
8178
8483
8637
8945
9096
9250
9404
9404
9558
9713
9713
9867
9404
8945
8637
8178
8332
8486
8791
8945
9100
9250
9404
9558
9558
9713
9713
9863
9863
10017
9713
9404
8945
8178
7872
8023
8332
8486
8791
8945
9100
9250
9404
9558
9558
9713
9713
9867
9863
9713
9100
8641
8027
7409
6795
7103
7409
7718
8023
8332
8637
8791
8945
9100
9250
9404
9558
9713
9867
9713
9404
8945
8332
8178
8332
8486
8791
8945
9100
9250
9404
9558
9558
9713
9713
9863
9863
10017
10017
9558
9100
8332
8023
8332
8486
8791
8945
9100
9250
9404
9558
9558
9713
9709
9863
9863
9863
9709
9250
8791
8328
8023
7564
7564
7715
8023
8332
8637
8791
8945
9096
9250
9404
9558
9558
9713
9863
9863
9863
9713
9250
8791
8023
8023
8178
8486
8791
8945
9100
9250
9404
9558
9558
9713
9863
9863
10017
10017
10017
9558
9100
8486
7872
7258
6949
7258
7564
7872
8178
8486
8637
8945
9100
9250
9404
9404
9558
9713
9713
9863
9713
9250
8791
8332
7872
7409
7409
7718
8023
8332
8641
8791
8945
9100
9250
9404
9558
9713
9713
9867
9863
10017
9863
9558
8945
8486
7718
7872
8178
8486
8637
8791
9100
9254
9404
9404
9558
9713
9713
9867
9863
10017
10017
10017
9713
9250
8637
8023
7564
7869
8023
8332
8637
8791
8945
9096
9250
9404
9558
9554
9709
9709
9863
9863
10017
9863
9558
9250
8637
8023
7564
7872
8178
8332
8637
8791
9100
9254
9404
9404
9558
9713
9713
9867
9863
9863
10017
10017
9713
9404
8945
8332
8023
8332
8641
8791
8945
9100
9250
9400
9547
9696
9846
9842
9992
9988
10137
10137
10295
10295
9680
8912
8448
8755
8905
9054
9365
9519
9676
9834
9834
9988
9984
10133
10133
10282
10282
10278
10278
10282
9826
8905
9242
9705
10008
10466
10774
10928
10008
9092
9550
10008
10466
10774
10923
10466
9550
9396
9705
10162
10466
10774
11077
10158
9396
9088
9550
9854
10162
10466
10769
10162
9396
8938
9396
9854
10158
10466
10769
10466
9550
8784
8938
9396
9854
10162
10466
10769
10162
9242
8938
9396
9854
10158
10620
10923
10769
9854
8938
9088
9547
10008
10312
10620
10923
10620
9700
8784
9242
9547
9854
10312
10620
10923
10312
9550
8630
8784
9242
9700
10008
10466
10769
10620
9700
8938
9088
9547
10008
10466
10774
10923
10923
10008
9092
8938
9396
9854
10162
10466
10774
11077
10466
9550
8784
9088
9396
9854
10312
10620
10923
10769
10008
9088
8938
9396
9854
10312
10620
10923
11231
10620
9705
8784
9242
9700
10162
10466
10774
10923
11231
10466
9550
8784
9242
9700
10008
10312
10620
10923
11231
10466
9550
8784
8938
9396
9700
10008
10312
10466
10769
10312
9547
8784
8476
8784
9242
9700
10162
10466
10774
10923
10162
9242
8633
9092
9550
10008
10312
10620
10923
11231
10620
10008
9396
9396
9705
9854
10162
10312
10466
10620
10774
10923
10466
9854
8938
