2006
2468
3546
4469
5235
5848
6461
6920
6920
7378
7683
7990
8448
8601
8905
8905
9212
9361
9515
9668
9818
9818
9975
9519
9672
9826
9975
9975
10129
10124
10278
10124
10124
10278
10278
10278
10431
10431
10427
10431
10427
10427
10427
10580
10580
10580
10427
10427
10427
10580
10580
10580
10580
10580
10427
10580
10580
10580
10585
10589
10743
10747
10440
9676
9826
9979
9979
10129
10129
10282
10282
10129
10282
10278
10431
10431
10431
10431
10431
10585
10431
10431
10585
10585
10585
10580
10580
10580
10580
10580
10580
10580
10580
10580
10580
10734
10734
10129
10129
10282
10278
10278
10431
10431
10431
10585
10431
10431
10427
10580
10580
10580
10580
10580
10580
10580
10580
10580
10580
10580
10580
10580
10580
10580
10580
10580
10580
10580
10580
10734
10734
10734
10734
9975
9975
10129
10129
10278
10278
10431
10431
10431
10427
10124
10278
10278
10278
10427
10427
10427
10580
10580
10427
10427
10427
10580
10580
10580
10580
10580
10580
10580
10427
10580
10580
10580
10580
10580
10580
10580
10734
10738
10282
13198
13198
13198
13352
13352
13198
13352
13352
13352
13346
13352
13193
13193
13034
13034
12875
12875
12870
12716
12716
12716
12711
12558
12558
12558
12558
12558
12405
12405
12553
12553
12553
12553
12400
12400
12400
12400
12400
12400
12400
12400
12400
12400
12400
12400
12400
12400
12400
12400
12558
12558
12716
12109
12109
12104
12257
12257
12252
12252
12252
12252
12099
12099
11950
11950
11797
11797
11792
11945
11945
11945
12099
12099
12099
12099
12252
12099
12099
11945
11792
11792
11644
11644
11644
11491
11491
11491
11491
11491
11491
11337
11342
11194
11198
11198
11203
11203
11203
10747
10896
11045
11198
11347
11500
11649
11649
11802
11797
11950
11950
12099
12099
12099
12099
12099
12252
12252
12247
12247
12247
12247
12247
12247
12400
12400
12400
12400
12400
12247
12400
12400
12400
12400
12400
12400
12400
13050
13050
13050
13204
13204
13204
13204
13204
13204
13204
13050
12891
12886
12732
12732
12574
12574
12574
12568
12568
12415
12415
12410
12257
12257
12257
12257
12257
12257
12257
12257
12257
12257
12257
12257
12257
12257
12257
12257
12257
12104
12104
12104
12257
12257
12257
12104
12104
12104
12104
12257
12415
12262
11960
11960
11955
11955
12109
12109
11950
11950
12104
12104
12104
12104
12104
12104
12104
12104
12104
12104
12104
12104
12104
12104
12104
12104
12104
12104
12104
12104
12104
12104
12104
12104
12257
12257
12104
12104
12104
12104
12104
12104
12104
12109
11347
11500
11500
11649
11649
11802
11802
11797
11797
11797
11797
11950
11950
11950
12104
11950
12104
12104
12104
12104
12099
12099
12104
12104
12104
12104
12104
12257
12257
12257
12104
12104
12104
12104
12257
12257
12257
12257
