1853
2314
3239
4161
4927
5695
6000
6154
6766
7225
7683
8140
8448
8448
8751
9058
9208
9515
9664
9515
9818
9971
9971
10278
10436
10133
9672
9826
9975
10129
10282
10282
10282
10431
10431
10585
10585
10580
10734
10580
10580
10734
10734
10734
10734
10580
10734
10734
10734
10734
10734
10734
10580
10580
10734
10734
10734
10734
10734
10580
10580
10580
10580
10580
10580
10738
10743
9979
10133
10129
10282
10436
10431
10431
10431
10431
10431
10585
10585
10585
10580
10580
10580
10580
10580
10580
10580
10580
10580
10580
10580
10580
10580
10580
10580
10580
10580
10580
10427
10427
10580
10580
10580
10580
10580
10580
10427
10585
10585
10743
10896
10901
10896
10286
9369
9216
9369
9672
9672
9822
9975
10129
10124
10124
10278
10278
10431
10431
10431
10427
10580
10427
10580
10580
10580
10580
10580
10580
10580
10427
10427
10427
10580
10580
10580
10580
10580
10580
