2161
2931
4006
4927
5848
6613
6917
7529
8140
8598
9054
9511
9818
10120
10427
10576
10882
11189
10738
10887
11040
11189
11342
11491
11644
11644
11797
11792
11945
11945
11945
11945
12099
12099
12099
12252
12247
12247
12247
12247
12247
12247
12247
12247
12247
12247
12400
12400
12400
12247
12400
12400
12405
12558
12563
11807
11802
11802
11955
11950
12104
12104
11950
11950
11945
12099
12099
12099
12099
12099
12252
12252
12247
12247
12247
12247
12247
12247
12093
11945
11792
11792
11639
11486
11337
11337
11184
11184
11184
11184
11036
11040
11040
10738
10738
10887
10887
10887
10887
10887
10882
11036
10734
10734
10882
11036
11036
11189
11337
11337
11337
11491
11639
11639
11792
11945
11945
11945
11945
12093
12093
12093
12093
12093
12247
12099
12252
12247
12252
12405
12410
12563
12262
11802
11802
11955
11950
12104
12104
12104
12099
10308
10457
10457
10611
10611
10765
10765
10765
10765
10765
10765
10919
10919
10919
10919
10919
10919
10919
10919
11073
10919
10914
10914
10910
10905
10905
10901
10747
10747
10743
10743
10743
10738
10738
10738
10585
10585
10585
10585
10585
10580
10580
10580
10431
10431
10431
10585
10585
10580
10580
10580
10278
10431
10431
10431
10427
10585
10585
10585
10282
10133
10129
10282
10282
10278
10431
10431
10431
10124
10278
10278
10431
10431
10427
10427
10580
10427
10427
10427
10580
10580
10580
10580
10580
10580
10580
10580
10580
10580
10580
10580
10580
10580
10580
10427
10580
10580
10580
10585
10589
10743
10747
10593
9676
9672
9826
9975
10129
10129
10278
10278
10278
10124
9975
9975
10124
10278
10278
10278
10431
10431
10431
10278
10431
10431
10431
10585
10585
10580
10580
10580
10431
10580
10580
10580
10580
10580
10580
10580
10734
10738
9979
9979
10129
10282
10282
10278
10431
10431
10431
10585
10278
10278
10431
10431
10427
10427
10427
10580
10580
10580
10427
10427
10427
10580
10580
10580
10580
10580
10580
10580
