2006
2623
3700
4775
5695
6459
6766
7378
8144
8758
9369
9830
9676
10133
10436
10585
10887
11040
11194
11342
11496
11644
11797
11950
11950
11945
12099
12099
12099
12252
12099
12099
12252
12252
12252
12405
12405
12400
12400
12400
12400
12553
12400
12400
12400
12252
12104
11950
11802
11654
11649
11649
11496
11496
11496
11496
11342
11036
11036
11036
11036
11036
11036
11189
11189
11036
11036
11036
11189
11189
11189
11184
11184
11342
11189
11337
11337
11337
11337
11337
11337
11337
11337
11337
11342
11347
11198
11352
11505
11505
10896
11045
11352
11500
11500
11649
11802
11802
11950
11950
12104
12104
12252
12252
12252
12252
12252
12405
12405
12405
12405
12400
12400
12400
12400
12400
12400
12553
12553
12553
12553
12553
12553
12553
12553
12711
12109
11955
11955
11950
12104
12104
12252
12252
12099
12252
12252
12252
12400
12400
12400
12400
