2157
3079
4001
4923
5846
6613
7382
7382
6769
6308
6308
6764
7222
7683
7987
8290
8594
8901
9361
9062
9212
9361
9515
9664
9818
9818
9967
9967
10120
9967
10274
10585
10891
11045
11049
11049
10738
10129
9212
9208
9361
9511
9664
9818
9967
10278
10585
10282
9672
9822
9975
9975
10124
10124
10278
10274
10274
10427
10274
9668
9822
9818
9971
9971
10120
10120
10274
10274
10269
10423
10269
10580
10887
11198
11352
11505
11352
10891
9975
9361
9515
9664
9818
9818
9967
9967
10274
10585
10738
10129
9975
10129
10124
10278
10278
10274
10274
10427
10427
10427
10576
9975
9971
9971
10124
10120
10274
10274
10274
10423
10423
10423
10423
10423
10734
10887
11198
11352
11505
11510
11198
10282
9365
8448
8294
8598
8751
9054
9208
9357
9664
9971
10436
10589
9979
9672
9668
9822
9971
9971
10120
10120
10274
10274
10269
10423
10427
9971
9971
10124
10120
10274
10274
10269
10423
10423
10423
10423
10576
9515
9511
9664
9814
9967
9967
10120
10116
10269
10269
10269
10423
10423
10423
10734
10887
11198
11352
11505
11663
11659
10743
9826
8908
8140
8294
8598
8905
9054
9208
9357
9511
9971
10282
10589
10593
9672
9672
9668
9822
9975
9971
10124
10120
10274
10274
10427
10427
10427
10124
9822
9822
9971
9971
10124
10120
10274
10274
10274
10423
10423
10423
10423
9967
12134
12288
12441
12595
12595
12288
12441
12595
12748
12743
12288
12441
12595
12743
12743
12441
12441
12595
12743
12897
12897
12441
12595
12743
12897
12897
12441
12595
12595
12743
12897
12897
12441
12441
12282
12124
12119
11965
11960
11960
11802
11802
11797
11644
11644
11644
11797
11950
12104
11955
11649
11649
11649
11644
11644
11644
11639
11639
11639
11639
11486
11486
11486
11639
11950
12104
12257
12262
11654
11649
11649
11496
11491
11491
11644
11644
11644
11639
11639
11486
11486
11639
11797
11950
11955
11960
11960
617
1543
2776
4006
5237
6005
6618
6772
6772
7382
8147
8605
9216
9519
9975
9971
10278
10580
10887
11036
11189
11337
11491
11644
11797
11797
11945
12099
12099
12252
12252
12252
12252
12405
12405
12405
12405
12405
12400
12553
12553
12553
12553
12553
12553
12553
12558
12716
12716
12568
12415
12262
11960
11654
11802
11955
11955
12104
12104
12257
12257
12144
12298
12446
12600
12600
11990
12144
12446
12446
12600
12144
12144
12298
12446
12600
12600
12144
12298
12446
12600
12600
11990
12144
12298
12446
12600
12600
11990
12144
12298
12446
12600
12446
12144
12298
12451
12600
12600
12451
12144
12298
12451
12446
12298
12144
11380
11534
11841
11990
12298
12298
11688
11837
12144
12298
12446
12446
12144
11990
12298
12451
12600
12600
12600
11990
12144
12298
12446
12600
12595
12134
12129
12124
12277
12272
12272
12267
12267
12267
12415
12415
12415
12415
12410
12410
12410
12410
12410
12410
12410
12410
12563
12410
12410
12410
12410
12410
12563
12563
12410
12410
12410
12563
12558
12558
12558
12405
12405
12563
12415
12267
12267
12272
12426
11663
11203
11505
11505
11654
11807
11807
11955
11955
12109
12109
12262
12262
12262
12257
12410
