8181
8332
8641
8795
8945
9100
9254
9404
9558
9558
9713
9863
9863
9558
9096
8332
7718
7100
6795
7100
7564
7869
8178
8328
8637
8791
9100
9250
9250
9404
9558
9404
8945
8637
8178
8023
8332
8486
8791
8945
9100
9250
9404
9558
9558
9713
9713
9863
9713
9250
8637
8023
7409
6949
7409
7718
8023
8332
8486
8791
8945
9100
9250
9404
9558
9558
9713
9250
8791
8332
7872
7258
7103
7564
7872
8178
8332
8637
8791
8945
9100
9250
9404
9558
9713
9558
9250
8945
8486
7718
7258
6795
6949
7409
7718
8023
8332
8637
8791
8945
9100
9250
9404
9558
9713
9558
9404
8945
8332
8023
8332
8483
8791
8945
9100
9250
9404
9558
9713
9713
9863
9863
10017
9863
9250
8791
8178
7564
8023
8178
8483
8637
8945
9096
9250
9404
9404
9558
9709
9709
9863
9863
9709
9404
8945
8483
8637
8945
9100
9250
9404
9558
9558
9713
9713
9863
9863
9863
10017
10017
9867
9404
8791
8023
7409
6949
6488
6488
6949
7409
7718
8023
8332
8641
8791
8945
9100
9250
9404
9558
9558
9713
9558
9100
8332
7718
7103
6643
6949
7258
7718
8023
8332
8486
8791
8945
9100
9250
9404
9558
9558
9713
9713
9713
9404
8791
8178
7564
7872
8178
8332
8637
8791
8945
9100
9250
9404
9558
9713
9713
9863
9863
10017
9713
9250
8945
8332
7718
7409
7718
8023
8332
8486
8791
8945
9100
9250
9404
9558
9558
9713
9863
9863
9863
9863
9404
8791
8178
8023
8178
8483
8791
8945
9096
9250
9404
9404
9554
9709
9709
9863
9863
10017
10017
9863
9400
8938
8164
7391
7388
7692
8000
8462
8769
8919
9073
9223
9373
9523
9676
9826
9822
9975
10133
10133
9984
9062
8294
7983
8290
8440
8747
9058
9216
9369
9519
9672
9822
9822
9971
9971
10124
10124
10278
10282
9519
8751
8444
8594
8901
9051
9204
9357
9515
9826
9826
9979
9975
10129
10129
10278
10278
10278
10274
9664
9058
9208
9361
9511
9664
9818
9967
9967
9967
10120
10120
10278
10436
10436
10436
10431
10431
10278
9357
9357
9357
9507
9664
9822
9979
9979
10129
10129
10278
10278
10278
10274
10274
10427
10427
10431
10129
9212
8901
9054
9204
9357
9511
9664
9814
9814
9971
10129
10133
10282
10282
10278
10278
10431
10431
10274
9511
8476
8934
9242
9547
9850
9547
8780
8780
9088
9393
9700
10004
9239
8630
8934
9393
9547
9850
9850
8934
8626
9088
9393
9696
10004
9696
8934
8780
9085
9393
9543
9696
9850
8934
8322
8780
9239
9547
9696
10004
9085
8476
8780
9239
9547
9850
10004
9393
8630
8780
9088
9393
9700
10004
9700
8934
8630
8934
9393
9700
9850
10004
9393
8630
8476
8934
9242
9547
9854
10004
9242
8476
8630
8934
9239
9547
9850
10004
9242
8322
8630
9088
9393
9700
10004
10004
9242
8476
8784
9088
9393
9700
10004
10004
9393
8630
8630
8934
9242
9547
9700
9700
9854
9088
8325
8322
8630
9088
9242
9393
9547
9700
9088
8322
8017
8476
8934
9242
9547
9850
9850
9088
8322
8476
8780
9242
9547
9850
10004
9850
8934
8167
8476
8934
9242
9547
9854
10158
9854
8934
8322
8630
8780
9239
9547
9850
10004
9700
8934
8167
8476
8780
9239
9393
9393
9547
9696
9547
8626
8017
12144
12298
12446
12600
12600
12144
12293
12446
12600
12600
12144
12298
12446
12600
12600
12446
12298
12293
12446
12600
12600
12144
12293
12446
12600
12754
12600
12144
12298
12446
12600
12600
12298
12144
12298
12446
12600
12754
12144
12144
12298
12446
12600
12600
11990
12144
12298
12446
12600
12600
12144
12144
12293
12446
12600
12600
12298
12144
12293
12446
12600
12754
12600
12144
12293
12446
12600
12600
12754
11990
12144
12293
12446
12600
12600
12446
11990
12144
12298
12446
12600
12600
12144
12144
12298
12451
12446
12600
12600
11837
12144
12298
12451
12600
12600
12754
11990
12144
12298
12446
12600
12600
12754
11990
12144
12298
12446
12600
12600
12754
11837
12144
12298
12451
12600
12754
12754
11990
12144
12298
12451
12600
12600
12754
12451
9242
9550
10008
10316
10620
10928
10316
9396
9242
9705
10008
10312
10620
10923
10162
9242
9396
9705
10162
10466
10620
10923
10162
9242
9242
9705
10008
10316
10620
10928
10466
9550
9246
9550
9854
10316
10620
10774
10620
9705
8938
9242
9705
10008
10466
10774
10923
10162
9242
9092
9550
9854
10316
10620
10774
10928
9854
9092
9092
9550
10008
10316
10620
10774
10774
9854
8938
9092
9396
9854
10162
10466
10774
10774
9854
9092
9088
9550
10008
10312
10620
10769
11077
10162
9242
9242
9547
10008
10312
10620
10923
11077
10312
9396
8784
9242
9700
10008
10466
10620
10923
10923
10008
9092
9092
9550
10008
10316
10620
10928
11077
10620
9705
8784
9092
9396
9854
10162
10466
10774
11077
10466
9550
8784
9092
9550
9854
10316
10620
10928
11077
10466
9550
8784
9092
9550
9854
10162
10620
10928
11077
10774
9705
8938
9092
9550
9854
10162
10466
10774
11077
11077
10008
9092
8784
9242
9705
10008
10312
10620
10928
11077
10620
9705
8784
9092
9550
10008
10316
10620
10774
11077
11231
10162
9396
8633
9092
9550
10008
10316
10620
10774
11077
11077
10162
9246
