2007
2469
3393
4315
5083
5695
6308
6615
7074
7532
7990
8294
8598
8905
9058
9361
9515
9668
9818
9971
10124
10124
10274
10274
10427
10274
10427
10427
10580
10431
10436
10436
9979
10133
10129
10282
10282
10282
10431
10278
10431
10431
10431
10431
10585
10580
10427
10580
10580
10580
10580
10580
10580
10427
10427
10580
10580
10580
10580
10580
10427
10427
10427
10427
10580
10580
10580
10580
10585
10585
10743
10896
10901
10901
10440
9676
9369
9523
9672
9826
9975
10129
10129
10129
10278
10278
10431
10431
10431
10580
10580
10580
10580
10580
10734
10734
10734
10734
10580
10580
10580
10580
10580
10580
10734
10734
10580
10580
10580
10734
10734
10891
10891
10896
10286
9979
10133
10129
10282
10282
10282
10431
10431
10431
10278
10278
10278
10278
10278
10431
10431
10427
10278
10124
10278
10274
10427
10427
10580
10580
10734
10580
10734
10729
10729
10729
10729
10729
10729
11837
11990
12144
12451
12451
11841
11990
12144
12298
12451
11990
11990
12144
12298
12451
12451
11841
11990
12298
12451
12446
12144
11990
12144
12298
12451
12451
11841
11990
12144
12298
12451
12446
11841
11990
12144
12298
12446
12600
11837
11990
12298
12446
12446
12600
11837
11990
12144
12293
12446
12600
11683
11990
12144
12293
12446
12446
11990
11837
12144
12298
12446
12446
12446
11837
12144
12298
12446
12446
12600
11837
11990
12144
12298
12446
12600
12600
11837
11990
12298
12298
12446
12600
12144
11837
12144
12298
12451
12600
12600
11990
11837
11990
12298
12451
12600
12600
11990
11990
12144
12298
12451
12600
12600
11990
11837
12144
12298
12451
12600
12600
11990
11226
11534
11841
11990
12144
12298
12451
11688
11841
11990
12144
12298
12446
12446
12144
8784
9242
9705
10008
10312
10620
10008
9092
9092
9550
9854
10316
10620
10774
10008
9092
9246
9705
10008
10312
10620
10923
10008
9246
8938
9242
9705
10008
10466
10774
10316
9396
8633
9092
9396
9700
10008
10312
10316
9550
8938
8938
9396
9854
10162
10466
10774
10312
9396
8784
9246
9705
10008
10312
10620
10923
10162
9242
8784
9242
9705
10008
10312
10620
10923
10162
9242
8938
9396
9854
10158
10466
10769
11077
10162
9242
8938
9396
9700
10158
10466
10769
10923
10312
9396
8630
9242
9705
10008
10312
10620
10923
10774
9700
8938
8784
9242
9705
10162
10466
10774
10923
10466
9550
8630
9092
9550
9854
10162
10620
10774
11077
10316
9396
8784
9246
9705
10008
10316
10620
10928
11077
10162
9242
8633
9092
9550
9854
10316
10620
10774
11077
10316
9396
8633
9092
9550
9854
10162
10466
10774
11077
10620
9705
8784
8938
9396
9705
10162
10466
10620
10923
11077
10162
9246
8633
9092
9550
10008
10316
10620
10774
11077
10774
9705
8938
8784
9242
9705
10008
10312
10620
10923
11077
10466
9550
8784
8784
9242
9700
10008
10312
10620
10923
11077
10466
9547
8784
