2461
3383
4150
4919
5685
6297
6758
7216
7673
7980
8134
8594
9054
9668
10129
10436
9822
9361
9511
9664
9814
9967
10120
10120
10274
10580
10129
10124
10278
10274
10427
10427
10423
10576
10576
10576
10576
10882
11189
11500
11654
11654
11040
10278
10427
10427
10427
10580
10576
10576
10729
10882
10887
10431
10431
10580
10580
10580
10729
10729
10729
10729
10882
10878
10882
11189
11496
11649
11807
11807
11045
10738
10734
10734
10734
10734
10882
10882
10882
10882
11189
10585
10585
10585
10734
10734
10734
10729
10729
10882
10882
10882
10729
11036
11342
11654
11807
11807
11654
10891
10278
10278
10427
10427
10580
10580
10576
10729
10729
11036
10887
10734
10734
10734
10887
10882
10882
10882
10882
10882
10878
10878
10878
11189
11496
11649
11807
11807
11654
11500
10734
10278
10427
10427
10427
10580
10576
10576
10729
10882
11194
10891
10589
10585
10585
10580
10580
10734
10729
10729
10729
10882
10882
10878
10124
10120
10274
10274
10423
10423
10576
10576
10729
10725
10725
10725
9818
9971
10124
10274
10274
10427
10423
10576
10576
10576
10576
10729
10725
620
1703
2940
4173
5405
6329
6940
6786
7554
8322
8931
9543
10154
10611
10475
10629
10629
10629
10629
10629
10629
10629
10629
10629
10629
10629
10475
10475
10475
10475
10475
10629
10629
10629
10629
10629
10629
10629
10629
10475
10475
10475
10475
10475
10475
10629
10629
10629
10629
10629
10629
10629
10475
10475
10475
10475
10475
10475
10475
10629
10629
10629
10629
10629
10629
10475
10475
10475
10475
10475
10475
10475
10629
10629
10629
10629
10629
10629
10321
10475
10475
10475
10475
10475
10475
10475
10475
10475
10475
10629
10629
10629
10321
10475
10475
10475
10475
10475
10475
10629
10629
10629
10629
10629
10629
10629
10475
10475
10475
10475
10475
10475
10475
10629
10629
10629
10629
10629
10629
10629
10475
10475
10475
10475
10475
10475
10475
10629
10629
10629
10629
10629
10629
10629
10629
10475
10475
10475
10475
10475
10475
10475
10475
10475
10321
10321
10321
10321
10321
10321
10321
9863
10017
10017
10017
10167
10167
10167
10321
10321
10321
10475
10475
10475
10475
10475
10475
9863
9863
10013
10013
10167
10167
10167
10321
10321
10321
10321
10475
10475
10475
10475
10475
10321
10321
10475
10475
10475
10475
10475
10475
10475
10629
10629
10629
10629
10629
10629
10475
10475
10475
10475
10475
10475
10475
10629
10629
10629
10629
10629
10629
10629
10629
10629
10321
10475
10475
10475
10475
10475
10475
10629
10629
10629
10629
10629
10629
10629
10629
10629
10321
10475
10475
10475
10475
10475
10475
10475
10475
10629
10629
10629
10629
10629
10629
10629
10321
10475
10475
10475
10475
10475
10475
10475
10629
10629
10629
10629
10629
10629
10629
10629
10629
10321
10321
10475
10475
10475
10475
10475
10475
10475
10475
10629
10629
10629
10629
10629
10629
10629
10321
10321
10475
10475
10475
10475
10475
10475
10629
10629
10629
10629
10629
10629
10629
10629
10629
10321
10475
10475
10475
10475
10475
10475
10475
10475
10629
10629
10629
10629
10629
10629
10629
10629
10475
12600
12600
12754
12754
12754
12600
12600
12600
12600
12605
12605
12600
12451
12605
12605
12600
12600
12600
12451
12451
12451
12451
12605
12605
12600
12451
12451
12600
12600
12600
12600
12451
12451
12451
12605
12600
12600
12600
12451
12451
12446
12446
12600
12605
12605
12451
12451
12605
12600
12600
12600
12600
12451
12451
12451
12600
12600
12600
12600
12446
12446
12600
12600
12600
12600
12600
12446
12446
12600
12600
12600
12600
12600
12446
12446
12446
12446
12600
12600
12600
12600
12451
12451
12446
12446
12600
12600
12600
12451
12451
12451
12605
12600
12600
12600
12600
12451
12451
12451
12451
12605
12605
12600
12600
12451
12451
12451
12451
12446
12451
12605
12605
12451
12451
12451
12605
12600
12600
12600
12600
12451
12451
12451
12605
12605
12600
12600
12600
12451
12451
12451
12451
12605
12605
12605
12600
12605
12451
12605
12600
12600
12600
12600
12600
12605
