8641
8641
8641
8791
8945
9100
9254
9404
9558
9713
9713
9867
9863
9713
9404
8791
8178
7564
7872
8178
8486
8637
8945
9100
9250
9404
9404
9558
9713
9709
9709
9713
9558
9100
8637
8637
8791
8945
9096
9250
9404
9558
9558
9709
9863
9859
10008
10000
9846
9227
8612
8150
8455
8758
8916
9223
9377
9527
9676
9826
9826
9975
9975
10124
9971
9212
8908
9058
9208
9361
9511
9664
9814
9814
9967
10120
10124
10282
10282
10278
9668
9361
9515
9511
9664
9814
9967
9971
10129
10282
10282
10282
10278
10431
10431
9515
9054
9361
9511
9664
9822
9979
9979
10133
10129
10129
10278
10278
10278
10427
9818
8901
9058
9365
9523
9672
9826
9822
9975
9971
10124
10124
10274
10274
10274
10431
9975
9365
9515
9668
9664
9818
9967
9967
10120
10116
10274
10278
10436
10436
10436
10431
9668
9208
9361
9511
9664
9814
9814
9967
10124
10129
10282
10278
10278
10431
10427
10427
9818
9051
9204
9357
9511
9668
9826
9979
10133
10129
10124
10278
10278
10274
10427
10427
10120
9204
8601
8598
8905
9054
9204
9357
9511
9660
9814
9967
9963
10120
10124
10282
10286
10286
9676
8908
7990
8294
8598
8905
9054
9208
9357
9511
9664
9822
9979
10133
10129
10129
10278
10278
9818
9054
9208
9357
9511
9664
9818
9975
9979
10133
10129
10282
10278
10278
10431
10427
10427
10120
9204
9357
9511
9668
9826
9826
9979
10129
10129
10278
10278
10274
10274
10427
10427
10423
10423
9668
9515
9664
9664
9818
9967
9967
10120
10120
10269
10269
10269
10423
10431
10431
10585
10585
10124
9208
8901
9208
9357
9511
9660
9814
9814
9967
10124
10129
10286
10286
10291
10286
10440
10436
10282
9365
8601
7836
7833
8290
8444
8747
9054
9212
9369
9523
9672
9826
9975
9975
10124
10124
10274
10274
10274
9357
8901
9204
9361
9519
9676
9834
9834
9992
9996
10150
10150
10308
10308
10312
10312
10466
10466
10162
9246
8479
7712
768
1537
2612
3535
4458
5226
5841
6453
6912
7369
7830
8134
8440
8590
8897
9051
9200
9353
9357
8751
