2005
2775
3697
4619
5384
6151
6764
7375
7680
8137
8598
8901
9361
9822
10129
9979
10129
10278
10431
10585
10734
10734
10887
10882
10882
11036
11036
11036
11189
11184
11184
11184
11337
11337
11649
11802
11807
10896
10891
10891
11045
11040
11194
11194
11189
11040
11036
11036
11189
11189
11189
11342
11342
11342
11337
11337
11496
11802
11960
12114
11505
11045
11045
11198
11194
11194
11347
11347
11342
11189
11189
11189
11342
11342
11342
11342
11337
11491
11337
11496
11802
11960
12114
12272
11812
11049
11049
11045
11198
11194
11194
11347
11342
11342
11189
11189
11189
11342
11337
11337
11337
11337
11491
10580
10734
10734
10882
10882
11036
11036
11189
11184
11036
11036
11031
11184
11184
11184
11337
11337
11337
11337
11337
11644
11802
11955
12114
12114
12114
11352
11045
11198
11194
11194
11347
11342
11342
11342
11342
11342
11342
11491
11491
11491
11491
11491
11491
11644
11649
775
2013
3249
4482
5561
6483
7097
7249
7862
8630
9242
9700
10158
10620
10629
10629
10629
10629
10629
10629
10629
10629
10629
10629
10629
10629
10629
10475
10475
10475
10475
10475
10475
10475
10629
10629
10629
10629
10629
10475
10475
10475
10475
10475
10475
10475
10475
10475
10475
10475
10475
10629
10475
10475
10475
10475
10475
10475
10475
10629
10629
10629
10629
10629
10629
10475
10475
10475
10475
10475
10475
10475
10629
10629
10629
10629
10629
10629
10629
10321
10475
10475
10475
10475
10475
10475
10475
10475
10629
10629
10629
10629
10475
10475
10475
10475
10475
10475
10475
10475
10629
10629
10629
10629
10629
10629
10321
10475
10475
10475
10475
10475
10475
10629
10629
10629
10629
10629
10629
10629
10475
10475
10475
10475
10475
10475
10475
10475
10629
10629
10629
10629
10629
10629
10629
10017
10171
10171
10171
10321
10321
10321
10321
10475
10475
10475
10475
10475
10475
10475
10321
10321
10475
10475
10475
10475
10475
10475
10475
10629
10629
10629
10629
10629
10629
10321
10475
10475
10475
10475
10475
10629
10629
10629
10629
10629
10629
10629
10629
10629
10475
10475
10475
10475
10475
10475
10475
10475
10629
10629
10629
10629
10629
10629
10629
10629
10475
10475
10475
10475
10475
10475
10475
10629
10629
10475
10475
10475
10475
10321
10321
10321
10321
10167
10167
10167
10167
10167
10167
10167
10167
10321
10321
10321
10321
10475
10475
10475
10475
10475
10167
9709
9863
9863
10017
10013
10167
10167
10321
10321
10321
10321
10475
10475
10475
10475
10475
10321
10321
10321
10321
10475
10475
10475
10475
10475
10475
10475
10629
10629
10629
10629
10629
10629
10321
10321
10475
10475
10475
10475
10475
10475
10629
10629
10629
10629
10629
10629
10629
10629
10629
10321
10475
10475
10475
10475
10475
10475
10475
10475
10629
10629
10629
10629
10629
10629
10629
10629
10321
10475
10475
10475
10475
10475
10475
10629
10629
10629
10629
10629
10629
10629
10629
10629
10629
10475
13659
13659
13659
13659
13659
13659
13659
13664
13659
13659
13659
13659
13659
13659
13659
13659
13659
13659
13664
13659
13659
13659
13659
13659
13659
13659
13659
13659
13659
13659
13664
13659
13659
13659
13659
13812
13659
13659
13659
13659
13659
13664
13659
13659
13659
13812
13812
13659
13659
13659
13659
13664
13664
13664
13664
13664
13664
13659
13664
13659
13659
13659
13664
13664
13664
13664
13664
13659
13659
13659
13659
13659
13659
13659
13659
13659
13659
13659
13659
13659
13659
13659
13659
13659
13659
13659
13659
13659
13659
13659
13659
13659
13659
13659
13659
13659
13659
13659
13659
13659
13659
13812
13659
13659
13659
13659
13659
13659
13664
13664
13659
13659
13659
13659
13659
