2005
2466
3543
4465
5235
6002
6618
6926
6769
7382
7840
8297
8601
9058
9365
9515
9822
9971
10124
10274
10427
10580
10729
10882
11040
11347
11659
11812
11659
11203
11198
11198
11198
11347
11347
11347
11342
11342
11342
11342
11342
11496
11496
11491
11496
10891
10887
11040
11040
11189
11189
11189
11189
10882
11036
11036
11189
11184
11184
11184
11337
925
2158
3236
4157
5077
5844
6610
7068
7680
7830
8290
8747
9054
9515
9975
10436
9979
770
1695
2617
3540
4461
5226
5992
6761
7529
8144
8144
8448
8751
9054
9208
9511
9664
9814
9967
9967
10120
1079
2157
3079
4001
4921
5687
6300
6758
7369
7676
8134
8440
8594
9054
9668
10129
10436
10896
10747
9834
10141
10449
10756
11063
11371
11678
10914
11222
11529
11832
11985
12293
12446
12293
12441
12595
12748
12902
12902
12902
13056
13056
13209
13209
13363
13363
13209
13363
13363
13363
13363
13363
13363
13363
13516
13516
13516
13516
13516
10629
10629
10629
10629
10629
10629
10629
10629
10629
10629
10629
10629
10629
10475
10629
10629
10629
10629
10629
10629
10629
10629
10629
10629
10629
10475
10475
10629
10629
10629
10629
10629
10629
10629
10629
10629
10629
10629
10475
10629
10629
10629
10629
10629
10629
10629
10629
10629
10629
10629
10629
10475
10629
10629
10629
10629
10629
10629
10629
10629
10629
10629
10629
10629
10629
10629
10629
10629
10629
10629
10629
10629
10629
10629
10629
10629
10629
10629
10629
10629
10629
10629
10629
10629
10629
10629
10629
10629
10629
10629
10629
10629
10475
10629
10629
10629
10629
10629
10629
10629
10629
10629
10629
10629
10629
10629
10475
10475
10475
10475
10629
10629
10629
10475
10629
10629
10629
10629
10629
10629
10475
10475
10475
10475
10629
10629
10629
10629
10629
10629
10629
10629
10629
10629
10629
10475
10475
10475
10475
10629
10629
10629
10629
10629
10629
10629
10629
10629
10629
10629
10475
10475
10629
10629
10629
10629
10629
10629
10629
10629
10629
10629
10629
10629
10629
10629
10629
10629
10629
10629
10629
10629
10629
10629
10629
10629
10629
10629
10629
10629
10629
10629
10629
10629
10629
10629
10629
10629
10629
10629
10629
10629
10629
10629
10629
10629
10629
10629
10629
10629
10629
10629
10629
10629
10629
10629
10629
10629
10629
10629
10629
10629
10629
10629
10629
10629
10629
10629
10629
10629
10629
10629
10629
10629
10629
10629
10629
10629
10629
10629
10629
10629
10629
10629
10629
10629
10629
10629
10629
10629
10629
10629
10629
10629
10629
10629
10629
10629
10629
10629
10629
10629
10629
10629
10629
10629
10629
10629
10629
10629
10629
10629
10629
10629
10629
10629
10629
10629
10629
10629
10629
10629
10629
10629
10629
10629
10629
10629
10475
10475
10475
10475
10629
10629
10629
10629
10629
10629
10629
10629
10629
10629
10629
10629
10629
10629
13659
13659
13659
13659
13659
13659
13659
13659
13659
13659
13664
13659
13659
13659
13659
13659
13659
13659
13659
13659
13659
13659
13659
13659
13659
13659
13659
13659
13659
13659
13659
13659
13659
13659
13659
13812
13659
13659
13659
13659
13659
13659
13664
13664
13664
13659
13659
13664
13664
13659
13659
13659
13659
13664
13664
13664
13664
13664
13664
13664
13664
13659
13659
13659
13664
13664
13664
13664
13659
13659
13659
13659
13659
13659
13659
13659
13659
13659
13659
13659
13659
13659
13659
13659
13659
13659
13659
13659
13659
13659
13659
13659
13659
13659
13659
13659
13659
13659
13659
13659
13659
13659
13659
13659
13659
13659
13659
13659
13659
13659
13664
13659
13659
13659
13659
