2469
3086
3854
4621
5389
6002
6615
6920
6766
7225
7683
7990
8294
8601
8905
8905
9058
9361
9515
9668
9818
9971
9971
9818
9971
10129
10133
10286
10286
10440
9830
8912
8605
8912
9216
9369
9519
9672
9822
9672
9822
9975
9975
10129
10124
10278
10278
10124
10124
10278
10278
10431
10431
10431
10431
10278
10278
10431
10431
10431
10431
10427
10585
10436
10133
10129
10282
10282
10278
10431
10431
10431
10278
10278
10278
10431
10431
10427
10427
10580
10580
10278
10274
10427
10427
10427
10427
10580
10580
10431
10431
10427
10427
10427
10427
10580
10580
10580
10431
10431
10589
10589
10593
10593
10593
10589
10589
9979
9062
8758
9062
9216
9365
9519
9668
9822
9975
10129
9975
9975
10129
10124
10278
10278
10431
10431
10431
10278
10278
10278
10431
10431
10431
10585
10580
10580
10431
10431
10431
10436
10589
10593
10593
10747
10747
10743
9979
9066
9369
9523
9672
9826
9975
9975
10129
10129
10278
9975
9975
10124
10124
10278
10278
10278
10431
10431
10431
10278
10431
10431
10431
10431
10427
10580
10580
10580
10580
