2007
2931
3854
4775
5543
6461
7074
7532
8144
8601
9058
9519
9822
10129
10431
10738
10887
11040
11194
11342
11496
11649
11649
11802
11802
11955
11950
12109
12262
12267
11812
11807
11960
11960
12114
12109
12109
12109
12109
12109
12262
12262
12257
12257
12257
12257
12410
12410
12410
12410
12410
12410
12410
12410
12410
12410
12410
12410
12410
12410
12410
12410
12410
12410
12410
12410
12410
12410
12410
12410
12563
12568
12722
12727
12727
12574
11812
11960
11960
12114
12109
12262
12262
12262
12257
12257
12257
12257
12410
12410
12257
12410
12410
12410
12410
12410
12410
12410
12410
12410
12410
12410
12410
12558
12558
12405
12405
12405
12405
12405
12405
12558
12405
12405
12558
12563
12716
12722
12880
12420
11356
11510
11659
11812
11807
11960
12114
12109
12109
12109
12109
12262
12262
12262
12257
12410
9092
9550
9854
10316
10620
10774
10162
9242
9242
9550
10008
10316
10620
10928
10008
9246
9246
9705
10008
10312
10620
10774
10162
9246
9092
9550
9854
10316
10620
10774
10312
9396
8938
9396
9854
10162
10466
10774
10774
9854
8938
9242
9705
10008
10312
10620
10928
10466
9550
8938
9396
9705
10162
10466
10620
10923
10162
9242
8938
9396
9854
10162
10466
10774
10923
10162
9242
8784
9092
9396
9854
10162
10466
10774
10162
9242
8938
9396
9854
10316
10620
10774
11077
10316
9396
8784
9242
9550
10008
10312
10620
10923
10774
9854
8938
9092
9550
9854
10158
10466
10769
11077
10466
9550
8784
9242
9705
10008
10312
10620
10769
11077
10162
9242
8784
9242
9705
10008
10312
10620
10923
11077
10162
9242
8784
9242
9705
10008
10312
10620
10923
11077
10162
9396
8630
9246
9705
10008
10316
10620
10928
11077
10466
9550
8784
9092
9550
9854
10162
10466
10774
11077
10923
10008
9092
8784
9242
9705
10008
10316
10620
10928
11077
10620
9705
8784
8784
9242
9550
9854
10316
10620
10774
10923
10312
9550
9705
10162
10466
10774
11077
11231
11539
11385
10466
9550
8630
