1853
2623
3546
4315
4929
5543
6154
6308
6766
7378
7683
8144
8448
8751
8294
8601
8905
9212
9365
9523
9676
9527
9373
9523
9523
9672
9672
9826
9826
9365
9365
9519
9668
9822
9971
10124
10124
10278
10278
10427
10427
10580
10580
10580
10580
10734
10734
10734
10734
10734
10734
10734
10887
10887
10887
10734
10887
10887
10887
10887
10887
10887
10887
10887
10887
10887
10887
11040
11045
10440
10282
10436
10436
10589
10585
10585
10738
10585
10585
10585
10734
10734
10734
10734
10734
10734
10887
10887
10887
10887
10887
10734
10734
10887
10887
10887
10887
10887
10887
10887
10887
10887
10882
10882
10882
10882
10882
10882
10882
10882
10882
11036
11036
10882
10882
10887
11040
11198
11198
11203
11049
10286
9523
9672
9826
9975
10129
10282
10278
10431
10431
10431
10580
10580
10580
10734
10734
10734
10734
10734
10887
10887
10882
10882
10882
10882
13516
13516
13516
13516
13516
13516
13516
13516
13516
13516
13516
13516
13516
13516
13516
13516
13516
13516
13516
13516
13516
13516
13516
13516
13516
13516
13516
13516
13516
13516
13516
13516
13516
13516
13516
13516
13516
13516
13516
13516
13516
13516
13516
13516
13516
13516
13516
13516
13516
13516
13516
13516
13516
13516
13516
13516
13516
13516
13363
13516
13516
13516
13516
13516
13363
13363
13516
13516
13516
13516
13516
13516
13511
13511
13511
13511
13511
13511
13516
13511
13511
13511
13511
13516
13516
13516
13516
13516
13516
13516
13516
13516
13516
13516
13516
13516
13516
13516
13516
13516
13516
13516
13516
13516
13516
13516
13516
13516
13516
13516
13516
13516
13516
13516
13516
12754
12754
12754
12754
12600
12754
12600
12600
12600
12600
12600
12600
12446
12446
12446
12446
12600
12600
12446
12446
12600
12600
12600
12600
12600
12446
12446
12600
12600
12600
12600
12600
12600
12600
12600
12600
12754
12600
12600
12600
12600
12600
12600
12600
12600
12446
12600
12600
12600
12600
12600
12446
12600
12600
12600
12600
12600
12600
12446
12446
12446
12446
12600
12600
12600
12446
12446
12600
12600
12600
12600
12600
12600
12446
12446
12600
12600
12600
12600
12600
12446
12446
12446
12446
12600
12600
12600
12600
12451
12451
12451
12446
12600
12600
12600
12451
12451
12451
12600
12600
12600
12600
12600
12446
12446
12446
12600
12600
12600
12600
12600
12446
12446
12446
12600
12600
12600
12600
12600
12446
12600
12600
12600
12600
12600
12600
12600
12446
12446
12446
12446
12600
12600
12600
12600
12446
12446
12600
12600
12600
12600
12600
12600
12600
