2162
3086
4008
4929
5851
6461
7228
7382
7686
8297
8755
9212
9672
9975
10129
10431
10585
10887
11040
11194
11347
11347
11496
11649
11649
11802
11802
11802
11802
11802
11955
12114
12114
12119
11965
10901
10440
10593
10896
11045
11198
11352
11500
10891
11198
11347
11500
11649
11649
11802
11649
11802
11802
11955
11955
12104
12104
11950
11950
12104
12104
12104
12104
12104
12257
11955
11955
12104
12104
12104
12262
12267
12114
11356
11505
11659
11807
11807
11960
11960
12109
11807
11955
11955
12109
12109
12262
12262
12262
12109
12109
12109
12109
12104
12104
12257
12257
12109
12109
12109
12109
12104
12104
12104
12104
11955
11955
12104
12104
12262
12267
12420
12420
11812
10747
10440
10743
10896
11198
11352
11500
11654
11807
11194
11500
11654
11649
11802
11955
12109
12109
12109
12109
12262
12257
12410
12410
12410
12410
12410
12257
12410
12410
12410
12410
12410
12410
12410
12104
12104
12109
12267
12267
12426
12426
12420
12420
11812
10743
8322
8626
8934
9239
9393
9393
8630
8167
8630
8934
9239
9393
9547
8780
8167
8476
8934
9088
9393
9547
8934
8167
8322
8780
8934
9239
9547
9393
8476
8322
8630
8934
9239
9393
9547
9088
8322
8476
8780
9088
9393
9547
9547
8780
8017
8476
8780
9088
9239
9393
9547
8780
8013
8322
8626
8931
9239
9543
9696
8934
8167
8322
8780
9085
9239
9393
9543
9085
8322
8476
8780
9088
9393
9547
9850
9393
8630
8476
8934
9239
9393
9700
9850
9696
9242
8780
9088
9393
9547
9700
9696
9850
9850
9239
9393
9547
9850
10004
10308
10462
9850
8934
8780
9239
9547
9850
9850
10004
10004
9085
8322
8476
8934
9239
9547
9850
10004
9547
8780
8017
8476
8934
9239
9547
9696
9850
9547
8630
8017
8476
8934
9239
9393
9700
9696
9547
8780
8017
8322
8780
9088
9239
9393
9700
9850
9242
8476
8780
9088
9393
9700
10004
10004
10004
9242
8322
8322
8780
9088
9393
9547
9547
9850
9700
8780
