2160
2620
3544
4311
4925
5538
6151
6456
6456
6914
7219
7680
7830
8137
8598
8601
8448
8751
8905
9054
9054
9208
9357
9357
9511
9511
9511
9660
9660
9660
9814
9208
9361
9357
9511
9511
9664
9660
9660
9660
9660
9660
9814
9814
9814
9814
9967
462
1388
2465
3235
4003
4615
5231
5846
6461
6461
465
1085
2013
3095
4020
4943
5559
5865
6172
6940
7554
8013
8476
8780
8780
9239
9547
9850
10004
10308
10308
10616
10769
10919
11073
11073
11073
11226
11226
11375
11375
11529
11375
11529
11529
11683
11683
11683
11529
11683
11683
11683
11683
11683
11683
11683
11683
11837
11837
11837
11837
11683
11683
11683
11837
11837
11837
11683
11837
11837
11837
11837
11837
11837
11683
11683
11837
11837
11837
11837
11837
11837
11837
11837
11837
11837
11837
11837
11837
11837
11837
11837
11837
11837
10629
10629
10629
10629
10629
10629
10629
10629
10629
10629
10629
10629
10475
10475
10475
10475
10475
10475
10475
10475
10475
10475
10629
10629
10629
10475
10475
10475
10475
10475
10475
10629
10629
10629
10629
10629
10629
10629
10321
10475
10475
10475
10475
10475
10475
10629
10629
10629
10629
10629
10629
10321
10475
10475
10475
10475
10475
10475
10475
10475
10475
10629
10629
10629
10475
10475
10475
10475
10475
10475
10475
10475
10475
10629
10629
10629
10629
10629
10475
10475
10475
10475
10475
10475
10629
10629
10629
10629
10629
10629
10629
10629
10475
10475
10475
10475
10475
10475
10475
10629
10629
10629
10629
10629
10629
10629
10321
10475
10475
10475
10475
10475
10475
10475
10475
10475
10629
10629
10629
10629
10629
10475
10475
10475
10475
10475
10475
10475
10475
10629
10629
10629
10629
10629
10629
10475
10475
10475
10475
10475
10475
10475
10475
10629
10629
10629
10629
10629
10629
10629
10475
10475
10475
10475
10475
10475
10475
10629
10629
10629
10629
10629
10629
10629
10629
10629
10475
10475
10475
10475
10475
10475
10475
10475
10629
10629
10629
10629
10629
10629
10629
10321
10475
10475
10475
10475
10475
10475
10629
10629
10629
10629
10629
10629
10629
10629
10629
10321
10321
10475
10475
10475
10475
10475
10475
10475
10629
10629
10629
10629
10629
10629
10629
10321
10475
10475
10475
10475
10475
10475
10475
10629
10629
10475
10475
10475
10475
10475
10475
10321
10321
10017
10017
10017
10017
10017
10167
10167
10167
10167
10321
10321
10321
10321
10475
10475
10475
10475
10321
9709
9863
10017
10013
10167
10167
10321
10321
10321
10321
10475
10475
10475
10475
10475
10475
10475
10321
10321
10321
10475
10475
10475
10475
10475
10475
10475
10629
10629
10629
10629
10629
10629
10629
10321
10321
10475
10475
10475
10475
10475
10475
10475
10629
10629
10629
10629
10629
10629
10629
10629
10475
