2002
2771
3694
4461
5228
5841
6300
7068
7683
7836
7683
7987
8294
8598
8901
9054
9204
9511
9664
9507
9660
9814
10120
10431
10585
10743
10738
10282
9515
9361
9515
9664
9818
9818
9967
10120
10120
10274
9975
10124
10124
10274
10274
10274
10274
10423
10423
10423
10423
10423
10576
10729
11040
11347
11505
11198
10282
9668
9822
9818
9971
10124
10120
10120
10274
10274
10274
10427
465
1549
2631
3867
4945
6022
6792
6943
7406
8171
8784
9242
9854
10162
10466
10769
11077
11226
11534
11688
11995
11841
11990
12144
12298
12451
12605
12605
12451
12600
12600
12754
12754
12754
12754
12754
12754
12754
12754
12754
12754
12754
12600
12754
12754
12754
12754
12754
12754
12600
12600
12600
12600
12600
12600
12600
12600
12446
12446
12600
12600
12600
12600
12600
12600
12451
12451
12451
12600
12600
12600
12600
12600
12451
12451
12451
12451
12605
12605
12605
12600
12451
12451
12451
12451
12451
12605
12605
12605
12605
12451
12451
12605
12605
12600
12600
12600
12600
10629
10629
10629
10629
10629
10629
10629
10629
10629
10629
10629
10629
10475
10475
10475
10475
10629
10629
10629
10629
10629
10629
10629
10629
10629
10475
10475
10475
10475
10475
10475
10475
10629
10629
10629
10629
10629
10629
10475
10475
10475
10475
10475
10475
10475
10629
10629
10629
10629
10629
10629
10321
10475
10475
10475
10475
10475
10475
10475
10629
10629
10629
10629
10629
10321
10321
10321
10321
10475
10475
10475
10475
10475
10475
10475
10475
10629
10629
10321
10321
10321
10321
10475
10475
10475
10475
10475
10475
10475
10475
10629
10629
10321
10321
10321
10475
10475
10475
10475
10475
10475
10475
10629
10629
10629
10629
10475
10475
10475
10475
10475
10475
10475
10475
10629
10629
10629
10629
10629
10629
10629
10475
10475
10475
10475
10475
10475
10629
10629
10629
10629
10629
10629
10629
10629
10629
10475
10475
10475
10475
10475
10475
10629
10629
10629
10629
10629
10629
10629
10629
10629
10475
10475
10475
10475
10475
10475
10629
10629
10629
10629
10629
10629
10629
10629
10629
10321
10475
10475
10475
10475
10475
10475
10475
10475
10475
10629
10629
10629
10629
10629
10475
10321
10321
10475
10475
10475
10475
10475
10475
10475
10475
10629
10629
10629
10629
10629
10629
10167
10167
10321
10321
10321
10475
10475
10475
10475
10475
10475
10475
10475
10629
10629
10629
10321
10475
10475
10475
10475
10475
10475
10475
10629
10629
10629
10629
10629
10629
10629
10629
10475
10475
10475
10475
10475
10475
10475
10475
10629
10629
10629
10629
10629
10629
10629
10629
10629
10475
10475
10475
10475
10475
10475
10475
10475
10475
10475
10475
10629
10629
10629
10629
10629
10629
10475
10475
10475
10475
10475
10475
10475
10629
10629
10629
10629
10629
10629
10629
10629
10629
10629
10321
10321
10475
10475
10475
10475
10475
10475
10475
10475
10629
10629
10629
10629
10629
10629
10629
10475
