2159
3083
4005
4771
5538
6151
6764
7375
7833
7987
8444
8747
9054
9357
9664
9971
9365
9668
9822
10124
10278
10427
10580
10580
10580
10729
10729
10882
10882
11036
11036
11031
11184
11184
11337
11496
11649
11807
11352
11347
11347
11347
11342
11342
11496
11496
11342
11342
11337
11337
11337
11337
11491
11491
11337
11337
11491
11802
11955
12114
11965
11352
11049
11045
11198
11194
11194
11347
11347
11342
11189
11342
11342
11342
11337
11337
11491
11491
11491
11491
11649
11802
11960
12114
12267
11659
11198
11198
11194
11194
11347
11347
11342
11342
11342
11342
11342
11342
11342
11342
11337
11491
11491
11491
10887
10887
11040
11040
11189
11189
11189
11342
11337
11184
11184
11337
11337
11337
11337
11337
11337
11491
11491
11491
11649
11802
11960
12114
12267
11812
11049
11045
11045
11045
11194
11194
11194
11189
11342
11342
11036
11189
11189
11189
11342
11342
11337
11337
11496
11496
620
1703
3093
4327
5405
6480
7249
7249
7708
8476
9088
9700
10158
10462
10629
10629
10629
10629
10629
10629
10629
10629
10629
10629
10629
10629
10629
10475
10475
10475
10475
10475
10475
10629
10629
10629
10629
10629
10629
10321
10321
10321
10321
10475
10475
10475
10475
10475
10475
10475
10475
10475
10321
10475
10475
10475
10475
10475
10475
10475
10629
10629
10629
10629
10629
10475
10475
10475
10475
10475
10475
10475
10475
10475
10629
10629
10629
10629
10629
10321
10475
10475
10475
10475
10475
10475
10475
10629
10629
10629
10629
10629
10475
10475
10475
10475
10475
10475
10475
10629
10629
10629
10629
10629
10629
10629
10321
10475
10475
10475
10475
10475
10475
10475
10629
10629
10629
10629
10629
10629
10475
10321
10321
10321
10475
10475
10475
10475
10475
10475
10475
10475
10475
10475
10629
10475
10475
10475
10475
10475
10475
10475
10475
10629
10629
10629
10629
10629
10629
10629
10321
10475
10475
10475
10475
10475
10475
10629
10629
10629
10629
10629
10629
10629
10629
10475
10475
10475
10475
10475
10475
10475
10475
10629
10629
10629
10629
10629
10629
10629
10321
10321
10475
10475
10475
10475
10475
10475
10475
10475
10629
10629
10629
10629
10629
10629
10321
10475
10475
10475
10475
10475
10475
10475
10629
10629
10629
10629
10629
10629
10629
10629
10475
10475
10475
10475
10475
10475
10475
10475
10475
10475
10629
10629
10629
10629
10629
10629
10321
10475
10475
10475
10475
10475
10475
10475
10475
10475
10475
10475
10321
10321
10321
10321
10321
10321
9863
9863
10017
10017
10167
10167
10167
10321
10321
10321
10475
10475
10475
10475
10475
10475
10475
10013
9863
10017
10013
10167
10167
10321
10321
10321
10321
10475
10475
10475
10475
10475
10475
10475
10475
10321
10321
10475
10475
10475
10475
10475
10475
10475
10475
10629
10629
10629
10629
10629
10629
10629
10321
10475
10475
10475
10475
10475
10475
10475
10475
10475
10475
10629
10629
10629
10629
10629
10629
10919
10919
10919
10919
10919
10919
10765
10919
10919
10919
10919
10919
10765
10765
10765
10919
10919
10919
10765
10765
10765
10765
10765
10919
10765
10765
10765
10919
10919
10919
10765
10765
10765
10765
10765
10765
10765
10765
10765
10765
10765
10919
10919
10765
10765
10765
10765
10765
10919
10765
10765
10765
10765
10765
10765
10765
10765
10765
10765
10919
10919
10919
10919
10765
10765
10765
10765
10919
10919
10919
10765
10765
10765
10919
10919
10919
10919
10765
10765
10765
10765
10919
10919
10919
10765
10765
10765
10765
10765
10765
10919
10765
10765
10765
10765
10919
10919
10919
10919
10616
10616
10616
10769
10765
10765
10765
10765
10765
10765
10765
10765
10765
10765
10919
10765
10765
10765
10765
10765
10919
10919
10919
10765
10765
10765
10765
10919
10919
10919
10919
10765
10765
10765
10765
10765
10765
10919
10919
13659
13659
13659
13659
13659
13659
13659
13659
13659
13659
13659
13659
13659
13659
13659
13659
13659
13659
13659
13659
13659
13659
13659
13659
13659
13659
13659
13659
13659
13659
13664
13664
13659
13659
13659
13659
13659
13659
13659
13659
13664
13664
13664
13664
13659
13659
13659
13664
13659
13664
13664
13664
13664
13664
13664
13664
13664
13664
13664
13664
13664
13664
13664
13664
13664
13664
13664
13659
13659
13659
13659
13659
13659
13664
13664
13664
13664
13664
13659
13659
13659
13659
13659
13659
13664
13664
13664
13659
13659
13664
13659
13659
13659
13659
13659
13659
13664
13664
13659
13659
13659
13659
13659
13659
13659
13659
13659
13659
13659
13659
13659
13659
13659
13659
13659
