8945
9100
9254
9404
9558
9558
9713
9713
9867
9867
10017
10017
10017
9867
9250
8637
8178
8178
8332
8641
8791
8945
9100
9250
9404
9558
9558
9713
9713
9713
9558
9100
8637
7869
8178
8486
8637
8791
8945
9096
9250
9404
9558
9709
9709
9863
9863
9404
8791
8178
7564
6949
6640
6949
7255
7718
8023
8332
8483
8791
8945
9096
9250
9404
9558
9558
9558
8942
8332
7718
7100
6640
6640
6949
7409
7718
8023
8332
8637
8791
8945
9100
9250
9404
9558
9558
9404
8945
8178
7564
7103
7409
7718
8023
8332
8486
8791
8945
9100
9250
9404
9558
9558
9713
9713
9404
9100
8486
8332
8486
8791
8945
9100
9250
9404
9558
9558
9713
9713
9867
9863
10017
9867
9404
8945
8332
7718
7718
8023
8332
8641
8791
8945
9100
9250
9404
9558
9558
9713
9713
9863
9713
9404
8945
8332
7564
7103
6795
7258
7564
7872
8178
8486
8637
8791
9100
9254
9404
9404
9558
9713
9713
9713
9558
9100
8945
9100
9250
9404
9558
9558
9713
9709
9863
9863
9863
10017
10017
10017
10171
9709
9404
9250
9100
8945
9100
9096
9250
9404
9404
9558
9558
9713
9709
9709
9863
9863
10017
10017
10017
10017
9709
9250
8791
8328
8483
8791
8942
9096
9250
9404
9558
9554
9709
9709
9863
9863
10017
10017
10017
9558
9250
8945
8486
8332
8637
8791
8945
9100
9250
9404
9558
9558
9713
9713
9863
9863
10017
10017
10017
9713
9254
8791
8332
7872
8023
8332
8637
8791
8945
9100
9250
9404
9558
9558
9713
9867
9863
9863
10017
10017
9863
9713
9250
9404
9558
9558
9713
9713
9863
9863
10017
10017
10017
10017
10017
10171
10171
10171
10171
10017
9713
9250
9404
9404
9558
9713
9709
9863
9863
10017
10017
10017
10017
10171
10171
10171
10167
10321
10017
9709
9096
8332
7718
7100
7409
7718
8023
8332
8637
8791
8945
9100
9250
9404
9558
9558
9713
9713
9863
9863
9713
9404
9100
8486
8023
7409
6792
6789
7249
7705
8010
8311
8615
8919
9069
9227
9535
9535
9684
9834
9834
9984
9979
10133
9519
8605
8755
9058
9212
9361
9515
9664
9664
9818
9971
9975
10133
10137
10291
10286
10286
10282
10282
9515
8594
7987
8290
8598
8747
8901
9204
9357
9511
9664
9818
9822
9979
10133
10129
10129
10278
10278
10124
9511
