8945
8945
9100
9254
9404
9558
9558
9713
9713
9867
9863
10017
10017
10017
9713
8945
8637
8791
8942
9246
9393
9543
9688
9684
9834
9984
9984
10137
10291
9834
9527
9676
9826
9826
9975
9975
10124
10124
10278
10282
10440
10440
10436
9672
9212
9365
9515
9668
9818
9818
9971
10129
10133
10286
10282
10282
10278
10124
9208
9208
9361
9511
9668
9822
9979
9979
10129
10129
10129
10278
10278
10274
9818
9208
9361
9519
9672
9826
9826
9975
10129
10124
10124
10274
10274
10274
10427
10124
9365
9361
9511
9664
9818
9967
9967
10120
10116
10269
10274
10278
10436
10436
10278
9515
9208
9361
9511
9664
9818
9967
9967
10124
10129
10286
10282
10282
10431
10431
9971
9208
9361
9511
9664
9664
9818
9975
10133
10133
10282
10282
10278
10278
10431
10427
9818
9511
9664
9818
9822
9979
10133
10129
10282
10278
10278
10274
10427
10427
10423
10423
9818
9208
9361
9511
9664
9814
9814
9967
9967
10116
10116
10269
10274
10431
10431
10431
10278
9515
9361
9511
9664
9664
9814
9967
9967
10120
10124
10282
10286
10282
10436
10431
10431
9971
9208
9361
9511
9664
9814
9814
9971
10129
10133
10282
10282
10278
10431
10431
10427
10427
9967
9054
8901
9204
9361
9519
9672
9826
9975
9975
10124
10124
10120
10274
10274
10274
10427
10423
9818
9361
9515
9664
9818
9814
9967
9967
10120
10120
10269
10269
10423
10427
10431
10431
10585
10124
9208
9361
9511
9664
9818
9814
9967
9967
10120
10124
10282
10282
10282
10431
10431
10427
10427
9818
9208
9357
9511
9660
9814
9818
9975
10129
10129
10278
10278
10274
10427
10427
10423
10423
10423
9814
9051
9200
9511
9668
9672
9830
9988
9988
10146
10146
10150
10304
10308
10308
10466
10466
10466
10316
9550
9396
9550
9705
9859
9859
10013
10167
10167
10167
10321
10321
10321
10321
10475
10475
10475
10475
10167
10321
10321
10321
10475
10475
10475
10475
10475
10475
10475
10629
10629
10629
10629
10629
10629
10321
13516
13516
13516
13516
13516
13516
13516
13516
13516
13516
13516
13511
13511
13511
13511
13516
13511
13511
13511
13511
13511
13511
13511
13511
13511
13511
13516
13516
13516
13516
13516
13516
13516
13511
13516
13516
13516
13516
13516
13516
13516
13516
13516
13516
13516
13516
13516
13516
13516
13516
13516
13516
13516
13516
13516
13516
13516
13516
13516
13516
13516
13516
13516
13516
13516
13516
13516
13516
13516
13516
13516
13516
13516
13516
13516
13516
13516
13516
13516
13516
13516
13516
13516
13516
13516
13516
13516
13516
13516
13516
13516
13516
13516
13516
13516
13516
13516
13516
13516
13516
13516
13516
13516
13516
13516
13516
13516
13516
13516
13516
13516
13516
13511
13511
13511
13511
12754
12754
12754
12754
12754
12600
12600
12600
12600
12605
12605
12600
12451
12605
12600
12600
12600
12600
12451
12451
12451
12605
12605
12605
12600
12451
12451
12451
12600
12600
12600
12451
12451
12451
12605
12605
12600
12600
12451
12451
12451
12451
12451
12605
12605
12451
12451
12451
12605
12600
12600
12600
12451
12451
12451
12451
12600
12600
12600
12446
12446
12446
12446
12446
12600
12600
12446
12446
12446
12600
12600
12600
12600
12446
12446
12446
12446
12600
12600
12600
12600
12446
12446
12446
12600
12600
12600
12600
12451
12451
12446
12600
12600
12600
12600
12600
12451
12451
12451
12451
12451
12451
12451
12451
12298
11688
11841
11841
11837
11837
11990
11990
12144
12144
11231
11231
11380
11534
11688
11837
11837
11990
12144
11990
12144
12144
12298
12293
12446
12446
12446
12298
12293
12293
12451
12446
12446
12446
12600
12451
12446
12446
12446
12446
12600
12605
12600
12600
13659
13659
13659
13659
13659
13659
13659
13659
13659
13659
13659
13659
13659
13659
13812
13659
13659
13659
13659
13659
13659
13659
13659
13812
13812
13659
13659
13659
13659
13659
13659
13659
13659
13659
13659
13812
13659
13659
13659
13659
13659
13659
13659
13659
13659
13659
13812
13659
13659
13659
13659
13659
13659
13659
13664
13664
13664
13664
13664
13664
13664
13659
13659
13659
13659
13659
13659
13659
13812
13812
13659
13659
13659
13659
13659
13812
13812
13659
13812
13812
13812
13812
13812
13659
13659
13659
13659
13659
13659
13659
13659
13659
13659
13812
13812
13659
13659
13659
13659
13659
13812
13659
13659
13659
13659
13659
13659
13812
13659
13659
13659
13659
13659
13812
13812
