9100
9254
9404
9558
9558
9713
9863
9863
9863
10017
10017
10017
10171
10017
9558
8945
9096
9250
9404
9404
9558
9713
9709
9863
9863
9863
10017
10017
9863
9404
8791
8178
7564
6949
6949
7258
7564
8027
8178
8486
8637
8945
9100
9254
9404
9404
9558
9404
9100
8637
8023
7409
7564
7872
8178
8332
8637
8791
8945
9100
9250
9404
9558
9713
9713
9558
9254
8637
8023
7409
6949
6795
7258
7564
7872
8178
8486
8637
8791
9100
9254
9404
9404
9558
9558
9100
8637
8178
7718
7258
6949
7409
7718
8023
8332
8641
8791
8945
9100
9250
9404
9558
9713
9713
9404
8945
8641
7872
7718
8023
8332
8637
8791
8945
9100
9250
9404
9558
9558
9709
9709
9863
9709
9404
8791
8023
7409
6949
6486
6795
7255
7564
7869
8178
8483
8637
8791
9100
9250
9404
9404
9558
9713
9558
9100
8637
8023
7564
7258
7564
7872
8178
8486
8637
8791
9100
9250
9404
9558
9558
9713
9713
9867
9558
8945
8486
7872
8178
8332
8641
8791
8945
9100
9250
9404
9558
9558
9713
9867
9863
10017
9863
9558
8945
8486
8027
7564
7718
8023
8178
8486
8637
8945
9100
9254
9404
9404
9558
9713
9713
9867
9867
9713
9404
8637
8027
7409
6795
6949
7409
7718
8023
8332
8486
8791
8945
9100
9250
9404
9558
9558
9713
9713
9558
9100
8637
8023
7564
7258
6949
7258
7564
7869
8178
8486
8637
8945
9100
9250
9404
9404
9558
9709
9709
9863
9558
9096
8637
8178
7715
7100
6640
6949
7255
7718
8023
8332
8483
8791
8945
9100
9250
9404
9558
9558
9713
9713
9713
9250
8791
8332
7872
7409
6795
6334
6179
6795
7103
7564
7872
8178
8332
8637
8791
8945
9254
9250
9404
9558
9558
9713
9713
9404
8791
8178
7560
7097
6483
6174
6632
7089
7548
7849
8154
8458
8766
9073
9227
9377
9527
9676
9676
9826
9979
9975
9365
8908
9058
9212
9361
9515
9664
9818
9818
9967
10124
10124
10282
10282
10282
10278
10431
10431
9971
9051
9357
9515
9668
9826
9826
9975
9975
10129
10124
10124
10278
10274
10274
10431
10436
10436
10440
9822
9515
9515
9664
9818
9818
9967
10120
10124
10282
10286
10282
10282
10431
10431
10431
10427
10427
10120
9357
9054
9361
9511
9511
9664
9814
9814
9967
9967
10120
10120
10278
10282
10436
10431
10431
10431
10427
9664
12144
12298
12451
12600
12600
11990
12144
12298
12451
12600
12144
11990
12144
12298
12451
12600
11841
12144
12298
12451
12446
12144
11990
12144
12298
12446
12600
11837
12144
12298
12446
12446
12600
11990
12144
12293
12446
12600
12600
11990
12144
12293
12446
12600
12600
11837
12144
12298
12451
12600
12600
11841
11990
12144
12298
12446
12446
11990
11990
12144
12298
12451
12600
12298
11837
11990
12298
12298
12446
12446
11841
11990
12144
12298
12451
12600
12451
11837
12144
12298
12451
12446
12298
12144
11534
11841
11990
12144
12298
12451
12144
11841
11990
12144
12298
12451
12600
12144
11837
12144
12298
12451
12446
12600
12144
11990
12144
12298
12451
12600
12600
12298
11837
12144
12144
11990
11990
11990
11837
11837
11534
11688
11683
11683
11529
11375
11217
11059
10905
10901
10747
10747
10593
8938
9396
9854
10162
10466
10774
10008
9092
9092
9550
10008
10316
10620
10774
10008
9092
9092
9550
10008
10316
10620
10928
10162
9246
9092
9550
9854
10162
10466
10774
10470
9550
8784
9396
9705
10008
10312
10620
10928
9854
9092
9092
9550
9854
10312
10620
10769
10620
9550
8784
9242
9700
10008
10312
10620
10923
10312
9396
8784
9242
9700
10008
10312
10620
10923
10312
9396
8630
8784
8938
9396
9854
10162
10466
10466
9705
9092
9550
9854
10316
10620
10774
11077
10620
9705
8784
9246
9705
10008
10316
10620
10923
10923
10008
9092
8938
9396
9705
10162
10470
10774
10928
10620
9705
8784
8938
9396
9854
10162
10466
10774
11077
10466
9550
8788
9092
9550
9854
10162
10466
10774
11077
10466
9550
8788
9092
9550
9854
10162
10466
10774
10923
10620
9705
8784
8938
9396
9705
10162
10466
10620
10923
10928
10008
9092
8630
9092
9550
10008
10316
10620
10774
11077
10466
9550
8630
8938
9396
9700
10162
10466
10620
10923
11077
10162
9242
8476
8938
9396
9854
10158
10466
10769
10923
10923
10008
9088
8630
9088
9547
9854
10158
10466
10769
11077
10923
10008
9088
8476
8780
9242
9393
9547
9854
8934
8476
8780
9242
9547
9700
9700
8780
8476
8780
9242
9547
9547
9700
8934
8322
8780
9088
9393
9696
9850
8934
8476
8934
9239
9393
9547
9850
9085
8322
8780
9085
9393
9700
10004
9393
8476
8780
9088
9393
9700
9850
9700
8780
8476
8780
9242
9547
9547
9700
9393
8630
8322
8630
9088
9393
9700
10004
9242
8476
8630
9088
9393
9700
9850
10004
9088
8322
8630
9088
9393
9700
9850
10004
9088
8322
8476
8934
9088
9396
9393
9700
9547
8630
8171
8630
8934
9393
9547
9700
9854
9088
8322
8322
8780
9088
9393
9700
9854
9547
8780
8017
8476
8934
9239
9393
9547
9700
9700
8780
8017
8476
8780
9242
9393
9547
9700
9700
8934
8171
8322
8630
9088
9393
9700
10004
9854
8934
8171
8476
8934
9239
9547
9696
9850
9700
8934
8322
8780
9088
9393
9696
9696
9850
9850
9088
8322
8322
8780
9085
9393
9696
10004
10154
9393
8472
