2158
2928
3849
4617
5538
6149
6914
7529
7840
8297
8601
9058
9361
9515
9818
9971
10120
10274
10427
10580
10729
10729
10882
10882
11036
11031
11031
11184
11496
11347
10738
10891
10891
11040
11040
11194
11189
11189
11189
11189
11189
11342
11342
11342
11337
11337
11337
11337
11337
11491
11649
11802
11960
11049
1081
2314
3391
4621
5543
6308
6920
7378
7990
8601
9058
9519
9822
9822
10124
10431
10734
10887
11040
11189
11342
11496
11649
11649
11802
11950
11950
11950
11950
12104
12104
12104
12257
12262
11500
11654
11654
11802
11955
11955
11955
11955
12104
12104
12104
12257
12257
12257
12257
12257
12257
12257
12410
12410
12410
12410
12405
12405
12405
12405
12405
12405
12405
12410
12410
12410
12410
12410
12563
12722
12267
12267
12262
12262
12262
12415
12415
12415
12415
12410
12410
12410
12410
12410
12410
12410
12410
12410
12410
12410
12563
12558
12558
12441
12595
12748
12902
12897
12441
12441
12595
12748
12743
12595
12441
12595
12748
12743
12743
12441
12595
12595
12743
12743
12288
12441
12595
12743
12743
12743
12441
12595
12595
12743
12743
12288
12441
12595
12743
12897
12897
12441
12441
12595
12743
12743
12743
12441
12595
12595
12743
12897
12743
12441
12595
12595
12743
12743
12743
12441
12441
12595
12748
12743
12897
12288
12441
12595
12743
12743
12743
12288
12441
12595
12748
12743
12897
12441
12441
12441
12595
12748
12748
12897
12288
12441
12595
12748
12897
12897
12441
12441
12595
12748
12743
12897
12897
12288
12441
12595
12743
12743
12897
12897
12288
12441
12595
12748
12743
12897
12897
12288
12441
12595
12748
12748
12902
12902
12441
12441
12595
12748
12902
12902
12897
8626
8934
9393
9696
9850
9696
8780
8626
9088
9393
9547
9700
9547
8630
8322
8780
9088
9393
9700
9393
8630
8476
8934
9242
9547
9850
9393
8630
8476
8780
9088
9239
9393
9547
8934
8171
8322
8784
9088
9393
9700
9393
8630
8322
8784
9088
9393
9700
9854
9088
8322
8322
8780
9088
9393
9700
9700
8780
8171
8630
9088
9393
9547
9700
9547
8784
8017
8476
8780
9242
9547
9700
9700
8934
8171
8322
8780
9088
9547
9700
9850
9088
8322
8322
8780
9085
9393
9696
9850
9393
8476
8322
8626
9085
9393
9696
10004
9547
8780
8167
8630
9088
9393
9700
9850
10004
9085
8322
8322
8780
9085
9393
9547
9700
9696
9088
8322
8167
8626
8934
9239
9543
9850
9850
9088
8322
8476
8934
9239
9547
9850
10004
9696
8934
8167
8322
8780
9088
9393
9700
9850
9850
8934
8167
8476
8934
9242
9547
9700
9850
9850
9242
8476
8017
8476
8780
9088
9393
9700
9850
9854
8934
8171
