2159
2928
3849
4925
5690
6456
7068
7680
7676
8287
8747
9051
9353
9660
9963
10116
10423
10882
11189
11500
11654
10891
10891
11045
11194
11194
11342
11496
11496
11342
11491
11491
11491
11644
11639
11639
11792
11792
11792
11792
11792
12104
12257
12109
11654
11649
11802
11802
11797
11797
11797
11945
11792
11945
11945
11945
11945
11940
11940
11940
11940
11940
11940
11940
12252
12257
12410
11955
11649
11649
11644
11797
11797
11797
11797
11792
11792
11792
11792
11792
11792
11792
11792
11945
11945
11792
11945
12099
12257
12410
12415
12415
11654
11649
11649
11802
11797
11797
11797
11792
11792
11792
11792
11792
11792
11945
11940
11940
11940
11940
11940
12099
12252
12257
12410
12568
12722
770
1848
3079
4000
4921
5687
6453
7065
7676
7983
8444
8751
8448
8751
9208
9511
9664
9967
10116
10269
10423
10571
10725
10878
10725
10878
11184
11342
11649
11802
11807
11807
11654
10738
10124
10278
10427
10580
10729
10882
10878
11031
11031
11184
11184
11491
617
2160
3237
4315
5081
5848
6613
7071
7683
8140
