1859
2631
3867
4791
5868
6637
7097
7862
8476
9088
9547
10008
10312
10769
11077
11380
11534
11837
11990
12144
12293
12446
12600
12754
12907
12907
12907
13061
13056
13209
13209
13209
13209
13209
13209
13363
13363
13209
13363
13363
13363
13363
13363
13363
13363
13363
13516
13516
13516
13516
13516
13516
13516
13516
13516
13516
13516
13516
13516
13516
13516
13516
13516
13516
13516
13516
13363
13516
13516
13516
13516
13516
13516
13516
13516
13516
13516
13511
13363
13516
13516
13516
13516
13511
13516
13511
13511
13511
13511
13511
13511
13516
13516
13511
13511
13511
13511
13363
13511
13511
13511
13511
13511
13511
13516
13511
13511
13511
13511
13511
13516
13516
13516
13516
13516
13516
13516
10629
10629
10629
10629
10629
10629
10629
10629
10629
10629
10629
10629
10629
10475
10475
10475
10475
10475
10629
10629
10629
10629
10629
10629
10629
10475
10475
10475
10475
10475
10629
10629
10629
10629
10629
10629
10629
10629
10475
10475
10475
10475
10475
10475
10475
10629
10629
10629
10629
10629
10629
10475
10475
10475
10475
10475
10475
10475
10475
10475
10629
10629
10629
10629
10629
10321
10475
10475
10475
10475
10475
10475
10475
10629
10629
10629
10629
10629
10475
10475
10475
10475
10475
10475
10475
10475
10629
10629
10629
10629
10629
10629
10321
10475
10475
10475
10475
10475
10475
10475
10475
10475
10475
10629
10629
10629
10629
10475
10475
10475
10475
10475
10475
10475
10475
10629
10629
10629
10629
10629
10629
10475
10475
10475
10475
10475
10475
10475
10629
10629
10629
10629
10629
10629
10629
10629
10475
10475
10475
10475
10475
10475
10475
10629
10629
10629
10629
10629
10629
10629
10629
10475
10475
10475
10475
10475
10475
10475
10475
10475
10629
10629
10629
10629
10629
10629
10321
10321
10321
10475
10475
10475
10475
10475
10475
10475
10629
10629
10629
10629
10629
10629
10321
10321
10475
10475
10475
10475
10475
10475
10475
10475
10629
10629
10629
10629
10629
10475
10475
10475
10475
10475
10475
10475
10475
10629
10629
10629
10629
10629
10629
10629
10629
10629
10475
10475
10475
10475
10475
10475
10629
10629
10629
10629
10629
10629
10629
10629
10629
10629
10475
10475
10475
10475
10475
10475
10475
10629
10629
10629
10629
10629
10629
10629
10629
10629
10475
10321
10321
10475
10475
10475
10475
10475
10475
10475
10475
10475
10475
10475
10629
10629
10629
10475
10321
10475
10475
10475
10475
10475
10475
10475
10629
10629
10629
10629
10629
10629
10629
10629
10629
10475
10475
10475
10475
10629
10629
10629
10629
10629
10629
10629
10629
10629
10629
10629
10629
10629
13209
13209
13209
13209
13363
13209
13363
13363
13363
13363
13209
13209
13209
13209
13209
13209
13209
13209
13209
13363
13209
13209
13209
13209
13209
13209
13209
13209
13209
13363
13363
13209
13209
13209
13209
13209
13209
13209
13209
13209
13363
13363
13209
13209
13209
13209
13209
13363
13209
13209
13209
13209
13209
13209
13209
13209
13209
13209
13209
13209
13209
13209
13209
13363
13363
13209
13209
13209
13209
13209
13209
13209
13209
13209
13209
13209
13209
13209
13209
13209
13209
13209
13209
13209
13209
13209
13209
13209
13209
13209
13209
13209
13209
13209
13363
13363
13363
13209
13209
13209
13209
13209
13209
13363
13209
13209
13209
13363
13363
13363
13209
13209
13209
13209
13209
13209
13363
12600
12600
12600
12600
12600
12600
12600
12600
12600
12600
12600
12600
12446
12446
12600
12600
12600
12600
12600
12446
12446
12600
12600
12600
12600
12446
12446
12446
12600
12600
12600
12600
12446
12446
12446
12600
12600
12600
12451
12451
12605
12605
12600
12600
12600
12451
12451
12451
12605
12605
12605
12605
12451
12451
12605
12605
12605
12600
12600
12451
12451
12451
12451
12605
12605
12605
12451
12451
12451
12451
12605
12605
12605
12451
12451
12605
12605
12605
12605
12600
12600
12451
12451
12451
12605
12605
12605
12605
12451
12451
12451
12451
12605
12605
12605
12605
12451
12451
12605
12605
12605
12605
12600
12605
12451
12451
12451
12605
12600
12600
12600
12600
12446
12446
12446
12446
12600
12600
12600
12600
12446
12446
12446
12600
12600
12600
12600
12600
12451
12446
12446
12600
12600
12600
12600
12600
12600
12446
12446
12446
12600
12600
12600
12600
12600
