2469
3239
4469
5543
6308
7074
7378
8144
8601
9212
9668
9971
10278
10580
10882
11189
11337
11491
11644
11797
11945
12099
12099
12252
12252
12405
12405
12400
12553
12553
12553
12553
12553
12706
12706
12706
12706
12706
12706
12864
13023
12568
12109
12109
12262
12410
12410
12563
12257
12410
12405
12405
12558
12558
12558
12558
12558
12558
12711
12711
12711
12711
12706
12706
12706
12706
12706
12706
12711
12706
12706
12706
12706
12706
12706
12706
12706
12706
12706
12859
12859
12864
12257
12257
12410
12405
12405
12558
12558
12558
12558
12558
12706
12706
12706
12706
12706
12706
12706
12706
12706
12859
12859
12859
12706
12859
12859
12859
12859
12859
12859
12706
12859
12859
12859
12859
12859
12859
12706
12706
12706
12859
12864
13017
13023
13023
12267
12262
12415
12410
12563
12563
12563
12558
9088
9547
10008
10312
10620
10923
10466
9550
9242
9705
10008
10312
10620
10923
10316
9396
9242
9705
10008
10466
10620
10923
10316
9396
9092
9550
10008
10316
10620
10928
10620
9550
8938
9396
9854
10162
10466
10774
10928
10008
9092
9246
9705
10008
10316
10620
10928
10620
9550
9092
9550
10008
10316
10620
10774
11077
10162
9242
9246
9550
10008
10316
10620
10928
11077
10008
9246
9242
9705
10008
10316
10620
10928
11077
10162
9246
9246
9705
10008
10312
10620
10928
11077
10162
9396
9092
9550
10008
10316
10620
10774
11077
10466
9550
8784
9242
9705
10162
10466
10774
10923
11077
10008
9242
9088
9550
10008
10312
10620
10769
11077
10774
9700
8938
9242
9700
10008
10312
10620
10923
11077
10620
9705
8784
9242
9700
10008
10466
10620
10923
11231
10466
9550
8784
9092
9550
9854
10162
10620
10774
10923
11077
10316
9705
9396
9705
10008
10162
10466
10620
10928
11077
10923
10162
9242
8479
8938
9396
9854
10158
10466
10769
11077
10774
9700
8938
8938
9242
9700
10008
10158
10620
10769
10769
10162
9242
8479
8938
9396
9854
10162
10466
10774
11077
11077
10008
9246
