2623
3698
4773
5695
6615
7228
7535
7993
8451
8908
9365
9822
10124
10427
10580
10882
11036
11337
11491
11491
11639
11792
11945
11945
11945
12099
12099
12247
12247
12247
12247
12400
12400
12400
12400
12400
12400
12400
12553
12553
12553
12558
12104
12104
11950
12104
12104
12252
12252
12252
12252
12405
12405
12400
12400
12400
12400
12400
12400
12553
12553
12553
12400
12400
12400
12400
12400
12400
12400
12400
12400
12553
12553
12553
12553
12553
12553
12711
12711
12870
12870
13028
12114
11807
11955
11955
12109
12104
12257
12257
12257
12252
12405
12405
12405
12405
12405
12405
12400
12400
12553
12553
12553
12553
12553
12553
12553
12553
12553
12553
12553
12553
12553
12553
12553
12553
12553
12706
12711
12104
12257
12257
12252
12405
12405
12405
12405
12405
12405
12553
12553
12553
12553
12553
12553
