2006
2930
4006
5083
6159
6926
7231
7535
8147
8758
9216
9672
9822
10124
10431
10734
11036
11189
11342
11491
11491
11644
11797
11945
11945
12099
12099
12252
12252
12252
12252
12247
12400
12400
12400
12400
12400
12400
12400
12553
12553
12711
11955
12104
12104
12257
12252
12405
12252
12252
12405
12405
12400
12400
12400
12400
12400
12400
12400
12553
12553
12553
12553
12553
12553
12553
12553
12553
12553
12553
12553
12553
12553
12553
12553
12553
12553
12706
12711
12870
13023
12568
12109
12109
12262
12257
12257
12257
12410
12410
12405
12405
12405
12405
12558
12558
12558
12553
12553
12553
12553
12553
12553
12553
12553
12553
12553
12553
12553
12553
12553
12553
12553
12553
12553
12553
12553
12711
12104
12257
12257
12257
12405
12405
12405
12405
12405
12405
12400
12553
12553
12553
12553
12748
12748
12743
12897
12897
12897
12897
12897
12897
13050
12897
13050
13050
13050
13050
12897
13050
13050
13050
13050
13050
13050
13050
13050
13050
13050
13050
13050
12897
12891
12732
12579
12579
12574
12420
12420
12415
12262
12262
12262
12262
12262
12257
12257
12104
12104
12104
12104
12104
12104
12104
12104
12104
12104
12104
12104
12104
12104
12104
12104
12104
12104
12104
11950
12109
12262
12267
12420
12420
12426
11356
11356
11505
11505
11654
11654
11654
11807
11802
11802
11802
11955
11955
11955
11950
11950
11950
11950
11950
11950
12104
12104
11950
11950
11950
12104
12104
12104
12104
11950
11950
11950
12104
12104
12104
12104
12104
617
1851
3084
4161
5237
6159
6926
7385
6926
7538
8147
8605
9062
9365
9672
9975
10129
10431
10585
10734
10887
11040
11194
11342
