2777
3239
4161
4929
5543
6154
6766
7074
7071
7532
7836
8294
8601
8751
9058
9058
9361
9515
9668
9664
9818
9971
9971
9971
9971
10129
10282
10286
10440
10440
9830
8912
8608
8912
9216
9369
9519
9672
9826
9822
9975
9975
10129
10129
10278
10278
10278
10129
10124
10278
10278
10278
10431
10431
10431
10431
10431
10585
10580
10580
10580
10580
10580
9369
9523
9672
9826
9979
9975
10129
10129
9822
9668
9822
9975
9971
10124
10278
10278
10278
10278
10427
10427
10427
10427
10427
10580
10580
10580
10580
10580
10580
10580
10580
10580
10580
10580
10580
10585
10589
10743
10747
10747
10743
10743
10743
9826
8912
8758
9062
9216
9365
9672
9826
9822
9975
10129
10129
10124
10278
10278
10278
10431
10431
10431
10585
10431
10431
10580
10580
10580
10580
10580
10580
10580
10580
10580
10585
10738
10743
10743
10747
10743
10743
10286
9216
8912
9216
9369
9519
9672
9822
9975
9975
10129
10129
10278
10278
10431
10431
10431
10431
10431
10585
10585
10431
10431
10585
10580
10580
10580
10580
10580
10580
10580
11832
11985
12139
12293
12441
12441
12595
12595
12748
12748
12748
12897
12897
12897
12897
12897
13050
13050
13050
13050
13050
13050
13050
13050
13050
13050
13056
13050
13204
13204
13204
13050
12891
12886
12732
12732
12574
12420
12420
12415
12415
12415
12415
12262
12257
12257
12257
12257
12257
12257
12104
12104
12104
12104
12104
12104
12104
12104
12104
12104
12104
12104
12104
12104
11950
11950
12104
12104
12109
12262
11960
11198
11352
11500
11500
11654
11649
11802
11649
11649
11802
11802
11802
11955
11950
11950
11802
11797
11950
11950
11950
11950
11950
11797
11950
11950
11950
11950
11950
12104
11950
11797
11950
11950
11950
11950
12104
12104
10896
11045
11045
11194
11347
11500
11500
11649
11347
11342
11496
11649
11649
11644
11797
11797
11797
11797
11950
11950
11950
11950
11950
12104
12748
12748
12748
12897
12897
12897
12897
12897
12897
12897
12897
13050
13050
13050
13050
13050
13050
13050
13050
13050
13050
13050
13050
13050
13050
12891
12891
12732
12579
12574
12574
12420
12420
12262
12262
12262
12262
12262
12104
12104
12104
12104
12104
12104
12104
12104
12104
12104
12104
12104
12104
11950
11950
11950
12104
12104
12104
11950
12104
12104
12104
12104
12104
12104
10896
10896
10891
11045
11198
11194
11347
11347
11342
11496
11496
11649
11649
11649
11649
11797
11797
11797
11797
11797
11950
11797
11797
11950
11950
11950
11950
11950
11950
11950
11950
11950
11950
11950
11950
12104
11950
11950
11950
12104
12109
12262
12267
11812
11352
11505
11659
11654
11654
11807
11802
11802
11802
11802
11802
11950
11950
11950
11950
11950
11950
11950
11950
11950
11950
11950
11950
13352
13193
13187
13187
13028
13028
12875
12870
12870
12870
12864
12711
12711
12711
12711
12711
12706
12553
12553
12553
12706
12706
12706
12553
12553
12553
12553
12553
12553
12553
12553
12553
12706
12706
12706
12553
12553
12553
12553
12553
12553
11797
11797
11797
11945
12099
12099
12252
12099
12099
12252
12252
12400
12400
12400
12400
12400
12400
12400
12400
12553
12400
12553
12553
12553
12553
12553
12553
12553
12553
12553
12553
12553
12553
12553
12553
12553
12553
12553
12553
12553
12553
12553
12711
12711
12870
12870
12875
11960
11960
12109
12109
12257
12257
12257
12257
12410
12405
12405
12405
12558
12558
12558
12558
12553
12553
12553
12553
12553
12553
12553
12553
12553
12553
12553
12553
12553
12553
12553
12553
12553
12553
12553
12553
12553
12553
12553
12553
12553
12553
12711
12864
12870
