8332
8486
8641
8791
9100
9254
9404
9404
9558
9713
9713
9867
9867
9713
9404
8945
8332
8486
8791
8945
9100
9250
9404
9558
9558
9713
9867
9863
10017
9863
9404
8791
8178
7564
8027
8178
8486
8637
8945
9100
9250
9404
9404
9558
9709
9709
9709
9404
8637
8023
7409
6949
6486
6949
7255
7718
8023
8332
8483
8637
8791
8945
9096
9250
9250
9404
9404
9558
9558
9558
9254
8945
8178
7564
7564
7872
8178
8332
8637
8791
8945
9250
9250
9404
9558
9713
9709
9863
9558
9096
8637
8023
8332
8637
8791
8945
9096
9250
9404
9558
9713
9713
9863
9863
10017
9863
9558
8945
8332
8332
8637
8791
8945
9100
9250
9404
9558
9713
9713
9863
9863
9863
10017
9863
9250
8486
7872
7258
6795
6334
6795
7258
7564
7869
8178
8486
8791
8945
9100
9254
9404
9558
9558
9713
9404
8945
8486
7872
7258
6795
6643
6949
7409
7718
8023
8332
8637
8791
8945
9250
9404
9404
9558
9709
9709
9404
9096
8328
7715
7255
6795
7100
7564
7869
8178
8483
8637
8791
9096
9250
9404
9404
9558
9713
9713
9558
8945
8486
7869
7564
7103
6795
6949
7409
7718
8023
8332
8486
8791
8945
9100
9250
9404
9558
9558
9713
9867
9558
9254
8791
8178
7564
6949
6949
7409
7718
8023
8332
8486
8791
8945
9100
9250
9404
9558
9558
9713
9713
9867
9404
9100
8637
8332
8641
8791
8945
9100
9250
9404
9558
9713
9713
9867
9863
10017
10017
10017
10171
9863
9250
8633
7862
7092
6472
6624
7080
7388
7849
8157
8465
8769
8919
9223
9373
9527
9676
9672
9826
9979
9979
9676
8908
8751
8905
9208
9361
9511
9664
9822
9822
9979
10133
10133
10129
10282
10278
10278
10431
9818
8905
9054
9208
9357
9511
9664
9814
9814
9967
10120
10124
10282
10282
10282
10282
10431
10278
9664
9204
9357
9511
9668
9822
9979
9979
10129
10129
10124
10278
10278
10278
10427
10427
10431
10436
9822
9058
8290
8440
8594
8897
9051
9204
9361
9672
9672
9826
9975
9975
10124
10124
10124
10278
10274
10120
9664
9208
9361
9511
9664
9818
9818
9967
9967
10120
10120
10274
10278
10282
10440
10440
10440
10440
10282
9361
8444
7830
8134
8440
8751
8908
9216
9369
9519
9672
9822
9822
9971
9971
10124
10120
10120
10278
10282
9979
9212
11837
11990
12298
12451
12451
11990
12144
12298
12451
12446
12298
11990
12144
12298
12451
12451
11841
11990
12298
12451
12446
12451
11990
12144
12298
12451
12451
12144
11990
12298
12451
12446
12600
11837
12144
12298
12451
12600
12600
11841
11990
12298
12451
12446
12600
11837
11990
12144
12451
12451
12600
11990
11990
12298
12451
12446
12600
12144
11990
12144
12298
12451
12600
12600
11837
12144
12298
12446
12600
12600
11990
11990
12144
12293
12446
12600
12600
11837
12144
12293
12446
12446
12600
12298
11990
12144
12293
12446
12600
12600
11990
11990
12144
12298
12451
12298
12144
11990
11380
11688
11837
11990
12144
12298
12298
11688
11837
12144
12298
12451
12446
12600
11837
11990
12144
12298
12446
12600
12600
11841
11990
12144
12298
12446
12600
12600
12144
