1999
2460
3228
3996
4919
5534
6149
6610
6456
6456
6761
7068
7372
7680
7830
7983
8137
8287
8287
8440
8594
8901
9208
9519
9672
9066
772
1698
2622
3546
4467
5235
5695
5846
6459
7071
7529
7836
8294
8448
8598
8905
9208
9361
9515
9664
9664
9818
9971
10124
10124
10278
10274
10431
10431
10589
10743
10901
10901
10440
9830
9984
10133
10286
10282
10436
10436
10431
10585
10585
10585
10738
10734
10734
10734
10734
10734
10887
10887
10887
10887
10734
10734
10734
10734
10734
10887
10887
10734
10734
10734
10734
10734
10738
10896
10743
10286
10436
10436
10589
10585
10585
10585
10585
10585
10585
10738
10738
10734
10734
10734
10734
10734
10734
10734
10734
10734
10734
10734
10580
10580
10580
10580
10734
10734
10734
10580
10427
10580
10580
10585
10738
10896
10896
11054
10291
9527
9676
9826
9979
10133
10282
10282
10436
10282
10129
10278
10278
10431
10431
10580
10580
10734
8938
9396
9705
10162
10466
10774
10162
9242
8938
9396
9854
10162
10466
10774
10162
9246
8633
9092
9550
10008
10316
10620
10312
9396
8784
9242
9700
10008
10466
10620
10620
9700
8938
9242
9705
10008
10312
10620
10923
10162
9242
8784
9242
9700
10162
10466
10774
10774
9854
8938
9246
9705
10008
10312
10462
10765
10914
9992
10295
10598
10752
11054
11203
11356
11352
11352
11505
11654
11654
11807
11807
11955
11802
11955
11955
11955
11955
11955
12109
12109
11955
12109
12109
12109
12109
12109
12104
12104
11955
12109
12267
12272
12426
12426
12426
11817
10901
10440
10593
10896
11049
11198
11352
11505
11654
11347
11500
11654
11654
11654
11649
11649
11649
11802
11194
11194
11194
11347
11500
11496
11649
11802
11802
11347
10887
11194
11347
11496
11649
11649
11802
11960
11505
11049
11198
11352
11500
11654
11654
11802
11802
11802
11802
11802
11802
11955
11955
12109
12104
12104
12104
12104
12104
12104
12104
12257
12257
12257
12257
12104
12104
12257
12257
12257
12257
12257
12257
12257
