2007
2469
3239
4161
4929
5695
6154
6461
6920
7532
7836
8294
8601
8751
9058
9208
9361
9668
9664
9664
9818
9971
9971
10124
10278
10124
10278
10431
10589
10743
10747
10440
9676
9369
9523
9826
9979
9975
10129
10129
10124
10278
10431
10431
10585
10580
10427
10580
10580
10580
10580
10580
10734
10580
10734
10734
10734
10734
10734
10734
10734
10734
10734
10734
10734
10887
10734
10734
10734
10887
10891
11045
10896
10747
9984
10133
10133
10286
10436
10436
10589
10585
10431
10585
10585
10585
10734
10734
10734
10734
10734
10734
10887
10887
10887
10887
10734
10887
10887
10887
10887
10887
10887
10887
10887
10887
10887
10887
10887
10882
10887
10887
10887
11040
11045
11049
11049
10901
10743
10286
9523
9369
9523
9826
9979
10129
10129
10282
10129
9822
9975
10124
10278
10278
10431
10431
10585
10431
10580
10580
10580
10734
10734
10734
10734
12595
12748
12743
12738
12738
12579
12579
12574
12574
12722
12722
12563
12563
12563
12558
12558
12558
12558
12558
12558
12558
12558
12558
12558
12553
12553
12553
12553
12558
12558
12553
12553
12706
12706
12553
12553
12553
12553
12553
12706
12706
12553
12711
12711
12870
12870
12722
11807
11960
12109
12109
12257
12257
12257
12257
12405
12405
12405
12405
12405
12405
12405
12558
12553
12553
12553
12553
12553
12553
12553
12553
12553
12553
12553
12553
12553
12553
12553
12553
12553
12553
12553
12553
12553
12553
12553
12706
12706
10444
10286
10589
10738
11045
11194
11500
11342
11342
11496
11644
11797
11797
11945
12099
12099
12099
12252
12252
12252
12405
12400
12400
12400
12400
12400
12400
12553
12553
12553
12553
12553
12553
12553
12553
12553
12553
12553
12553
12553
12553
12553
12711
12711
12870
9092
9550
10008
10316
10620
10928
10162
9242
9396
9859
10162
10466
10774
10928
10008
9092
9246
9705
10162
10466
10774
10774
9859
8938
9092
9550
10008
10316
10620
10928
10008
9092
8630
9246
9705
10008
10466
10774
10466
9550
8784
8938
9396
9705
10162
10466
10774
10162
9396
8633
8784
9092
9550
9854
10162
10466
10008
9242
9550
10008
10316
10620
10928
11077
10620
9705
8784
9092
9550
10008
10316
10620
10928
10466
9705
8784
9242
9705
10162
10466
10774
11077
10620
9705
8784
9092
9550
10008
10312
10774
10923
10923
10008
9092
9242
9700
10008
10466
10620
10923
11231
10312
9396
8938
9396
9854
10162
10466
10774
10923
10769
9854
8938
8938
9396
9854
10162
10466
10774
11077
10620
9705
8938
9092
9550
10008
10316
10620
10774
11077
10774
9705
8938
8938
9396
9854
10316
10620
10928
11077
10928
10008
9092
9092
9550
10008
10316
10620
10928
11231
11077
10008
9092
8938
9396
9705
10008
10470
10774
10923
11077
10162
9396
8479
8633
8938
9396
9854
10162
10620
10774
11077
10162
9246
8784
9246
9705
10008
10316
10620
10928
11231
11077
10162
9246
