1860
2787
4021
5255
6329
6789
7557
8322
8934
9547
10158
10616
11073
11380
11683
11985
12293
12446
12595
12748
12902
13056
13204
13357
13511
13511
13511
13664
13659
13659
13812
13812
13812
13812
13965
13965
13812
13965
13965
13965
13965
13965
13965
13965
13965
13965
14119
13965
13965
13965
13965
13965
13965
13965
13965
13965
13965
14119
14119
13965
13965
13965
13965
13965
14119
13965
13965
14119
14119
14119
14119
14119
14119
13965
13965
14119
14119
13965
13965
14119
14119
14119
14119
13965
13965
13965
14119
14119
14119
14119
14119
14119
14119
14119
14113
14113
13965
13965
13965
13965
14119
14119
14119
14119
14119
14113
14113
14113
14113
13965
14119
14119
14119
14119
14113
14113
10629
10629
10629
10629
10629
10629
10629
10629
10629
10629
10629
10629
10475
10475
10475
10475
10629
10629
10629
10629
10629
10629
10629
10629
10629
10475
10475
10475
10475
10629
10629
10629
10629
10629
10629
10629
10629
10629
10475
10475
10475
10475
10475
10475
10629
10629
10629
10629
10629
10629
10629
10475
10475
10475
10475
10475
10475
10475
10629
10629
10629
10629
10629
10629
10475
10475
10475
10475
10475
10475
10475
10629
10629
10629
10629
10629
10629
10629
10321
10321
10475
10475
10475
10475
10475
10475
10629
10629
10629
10629
10629
10629
10321
10475
10475
10475
10475
10475
10475
10475
10629
10629
10629
10629
10629
10629
10475
10475
10475
10475
10475
10475
10475
10475
10629
10629
10629
10629
10629
10629
10629
10475
10475
10475
10475
10475
10475
10475
10629
10629
10629
10629
10629
10629
10629
10321
10321
10321
10321
10475
10475
10475
10475
10475
10475
10475
10475
10629
10629
10629
10475
10475
10475
10475
10475
10475
10475
10475
10475
10629
10629
10629
10629
10629
10629
10629
10475
10475
10475
10475
10475
10475
10629
10629
10629
10629
10629
10629
10629
10629
10629
10321
10475
10475
10475
10475
10475
10475
10475
10475
10629
10629
10629
10629
10629
10629
10629
10321
10475
10475
10475
10475
10475
10475
10629
10629
10629
10629
10629
10629
10629
10629
10629
10321
10475
10475
10475
10475
10475
10475
10475
10629
10629
10629
10629
10629
10629
10629
10629
10475
10475
10475
10475
10475
10475
10475
10475
10475
10629
10629
10629
10629
10629
10629
10629
10629
10475
10475
10475
10475
10475
10629
10629
10629
10629
10629
10629
10629
10629
10629
10629
10629
10629
10321
10475
10475
10475
10475
10475
10475
10475
10629
10629
10629
10629
10629
10629
10629
10629
10629
10321
10475
10475
10475
10475
10475
10475
10475
10475
10475
10629
10629
10629
10629
10629
10629
10629
10629
11073
11073
11073
11068
11068
11068
11073
11073
11073
11073
10919
10919
10919
10919
10919
10919
10919
10919
10919
10919
10919
10919
10919
10765
10919
10919
10919
10919
10919
10765
10765
10919
10919
10919
10919
10919
10765
10765
10919
10919
10919
10919
10765
10765
10765
10919
10919
10919
10919
10765
10765
10765
10919
10919
10919
10765
10765
10765
10919
10919
10919
10919
10765
10765
10765
10765
10919
10919
10919
10765
10765
10919
10919
10919
10919
10919
10765
10765
10919
10919
10919
10919
10919
10765
10765
10765
10765
10765
10919
10919
10765
10765
10765
10765
10919
10919
10919
10919
10765
10765
10919
10919
10919
10919
10919
10765
10919
10919
10919
10919
10919
10919
10919
10765
10765
10765
10919
10919
10919
10919
10919
10765
10765
10765
10919
10919
10919
10919
10919
10765
10765
10765
10765
10765
10765
10919
10919
12600
12600
12754
12754
12754
12754
12600
12600
12600
12600
12600
12600
12451
12605
12600
12600
12600
12600
12600
12600
12600
12600
12600
12600
12600
12451
12605
12605
12600
12600
12600
12451
12451
12605
12605
12605
12600
12600
12451
12605
12605
12600
12600
12600
12600
12451
12605
12605
12605
12600
12600
12451
12451
12605
12600
12605
12605
12605
12605
12605
12605
12600
12600
12600
12600
12600
12451
12605
12605
12605
12605
12600
12600
12451
12600
12600
12600
12600
12600
12600
12451
12605
12605
12600
12600
12600
12600
12600
12451
12451
12605
12600
12600
12600
12600
12600
12446
12446
12446
12600
12600
12600
12600
12446
12446
12600
12600
12600
12600
12600
12600
12446
12446
12600
12600
12600
12600
12600
12600
12446
12446
12446
12600
12605
12605
12600
12600
12605
12451
12600
12600
12600
12600
12600
12600
12600
12451
12451
12605
12605
12600
12600
12600
12600
