1853
2468
3854
4931
5853
6621
6618
7382
7993
8451
9062
9519
9822
10124
10431
10734
10882
11189
11342
11491
11644
11644
11797
11950
11945
12099
12099
12252
12252
12252
12252
12405
12405
12405
12405
12405
12405
12553
12553
12558
12558
12563
12109
12109
12257
12257
12410
12405
12252
12252
12405
12405
12405
12405
12405
12405
12405
12553
12553
12553
12553
12553
12553
12553
12553
12553
12553
12553
12553
12553
12553
12553
12553
12553
12553
12553
12553
12558
12711
12716
12870
12568
12262
12262
12257
12410
12410
12410
12410
12104
12257
12252
12405
12405
12405
12405
12405
12405
12405
12405
12553
12553
12553
12553
12553
12553
12553
12553
12553
12553
12553
12400
12553
12553
12553
12553
12553
12553
11955
11950
12104
12104
12252
12252
12405
12405
12252
12405
12405
12400
12400
12553
12553
12553
