2162
3086
4162
5237
6156
6920
7378
7990
8601
9058
9515
9818
10124
10427
10734
10882
11189
11337
11491
11644
11792
11792
11945
11945
12099
12099
12252
12252
12405
12252
12405
12405
12400
12558
12711
12410
12109
12109
12257
12257
12257
12405
12252
12252
12252
12405
12405
12405
12558
12553
12553
12553
12553
12553
12553
12553
12553
12553
12553
12553
12553
12553
12553
12553
12553
12553
12553
12706
12553
12553
12553
12711
12711
12870
12870
12109
12109
12109
12257
12257
12410
12405
12104
12252
12252
12252
12405
12405
12405
12405
12405
12558
12558
12553
12553
12553
12553
12553
12553
12553
12553
12553
12706
12706
12553
12553
12553
12553
12553
12553
12553
11797
11950
11950
12099
12252
12252
12252
12405
12252
12252
12405
12400
12400
12553
12553
12553
12400
12553
12553
12553
12553
12553
12553
8934
9239
9547
9850
10158
9547
8780
9085
9547
9696
10004
10004
9088
8934
9239
9547
9850
10004
9547
8780
9085
9393
9696
10004
10158
9239
8780
9239
9547
9850
10004
10004
9088
8780
9242
9547
9854
10004
10004
9088
8630
9088
9393
9700
10004
10158
9393
8630
9088
9393
9700
10004
10158
9547
8784
8780
9242
9547
9854
10004
10004
9088
8630
9088
9393
9700
9850
10158
9700
8784
8784
9088
9393
9700
10004
10158
9393
8630
8780
9242
9547
9854
10004
10158
9393
8476
8626
9088
9393
9700
10004
10158
9393
8626
8934
9239
9547
9850
10004
10308
9547
8780
8780
9085
9393
9696
10004
10154
9850
8934
8626
9088
9393
9696
10004
10154
10154
9239
8626
8934
9239
9547
9850
10158
10308
9700
8934
8780
9088
9393
9700
10004
10158
10312
9393
8476
8934
9242
9547
9850
10004
10158
10158
9242
8476
8630
9088
9393
9700
10004
10158
10158
9242
8476
9242
9700
10008
10312
10616
10765
10154
9692
9996
10299
10602
10752
10901
11049
10896
11049
11198
11352
11505
11500
11654
11500
11500
11654
11649
11802
11802
11802
11500
11649
11649
11802
11955
11955
11955
11802
11955
11955
11955
11955
12109
12109
772
1698
2930
4161
5081
6002
6769
7382
7532
8144
8601
9058
9519
9822
10129
10124
10431
10585
10887
11040
11194
11347
11342
11194
11342
11342
11496
11649
11649
11802
11802
11649
11649
11802
11802
11955
11950
11950
11955
11802
11802
11960
12114
12119
12272
12272
12119
11203
10593
10743
11049
11198
11352
11505
11500
11654
11347
11500
11654
11802
11802
11955
11955
12109
11802
11802
11955
11955
11955
12109
12109
12109
12109
11802
11955
11955
11955
11955
11955
12109
12109
11955
11802
11955
11955
11955
11955
12114
12114
12272
11817
11203
11356
11505
11659
11659
11807
11807
11960
11960
11807
11807
11955
11955
11955
11955
12109
12109
12109
11802
11955
11955
11955
11955
11955
11955
11955
12109
11990
12144
12298
12446
12600
11990
12144
12298
12446
12600
12451
12144
12298
12451
12600
12600
11990
12298
12451
12600
12600
12298
12144
12298
12451
12600
12600
11990
12144
12298
12446
12600
12600
11990
12144
12451
12446
12600
12600
11990
12298
12451
12600
12600
12600
11990
12144
12451
12446
12600
12600
11990
12144
12298
12446
12600
12600
11990
12144
12298
12446
12600
12600
12144
12144
12298
12446
12600
12600
12600
11990
12144
12298
12446
12600
12600
12144
11990
12144
12298
12446
12600
12600
11837
11990
12298
12446
12600
12600
12600
11990
12144
12293
12446
12600
12600
12600
11990
12144
12293
12446
12600
12754
12600
11990
12298
12451
12600
12600
12754
12600
11990
12144
12298
12446
12600
12754
12754
11990
12144
12298
12451
12600
12600
12754
12144
