2465
3080
3848
4615
5382
5995
6456
6914
7372
7676
7830
7983
8287
8594
8744
9361
9668
10129
9826
8908
9058
9208
9361
9511
9664
9818
9967
9967
10120
9660
9660
9814
10274
10585
10891
11049
10896
9975
9365
9515
9668
9668
9818
9971
9971
10120
10120
10274
10120
10274
10580
10891
11045
11203
11203
11045
10589
9668
9361
9515
9515
9664
9818
9971
9967
10120
10120
10427
1385
2154
3230
3998
4765
5531
6146
6604
7062
7523
7830
7833
8137
8444
8747
8901
9054
9357
9511
9664
9664
9814
9515
9515
9668
9818
9818
9971
9971
10120
10120
10274
10274
9822
9822
9818
9971
9971
10124
10120
10274
10274
10274
10427
10427
9822
9975
9971
10124
10124
10124
10274
10274
10274
10427
10427
10427
9822
9975
9971
10124
10124
10274
10274
10274
10427
10427
10427
10427
9975
9971
10124
10124
10124
10274
10274
10427
10427
10427
10427
10580
9975
9971
10124
10124
10278
10274
10274
10427
10427
10427
10427
10427
10124
10124
10124
10278
10274
10274
10427
10427
10427
10427
10427
10427
10427
9826
9822
9975
9975
10124
10124
10278
10274
10274
10274
10427
10427
10580
9822
9971
9971
10124
10124
10274
10274
10274
10274
10427
10427
10427
10580
4611
5073
5685
6297
6755
7216
7673
7980
8287
8590
8897
9051
9357
9054
9208
9361
9511
9664
9818
9967
9967
10120
10120
10274
10274
10274
