2006
3239
4315
5389
6308
7228
7382
7993
8605
9062
9519
9822
10124
10427
10734
10882
11189
11342
11491
11644
11797
11945
11945
11945
12099
12099
12247
12400
12400
12247
12252
12252
12099
12099
11945
11945
11945
11945
11945
12099
12252
12410
12563
11955
11955
12104
12257
12257
12257
12410
12257
12405
12405
12405
12558
12558
12405
12558
12558
12558
12558
12553
12553
12553
12553
12553
12553
12706
12706
12706
12553
12400
12252
12099
12099
11945
11945
11040
11036
11342
11491
11644
11797
11945
11797
11945
11945
12099
12252
12247
12247
12247
12247
12400
12400
12553
12553
12553
12553
12553
12553
12553
12553
12553
12706
12706
12553
12706
12706
12706
12706
12706
12706
11649
11802
11950
12104
12104
12252
12252
12252
12252
12252
12252
12400
12400
12553
12553
12400
12553
12553
12553
12553
12553
12553
12706
10308
10457
10457
10611
10611
10765
10765
10611
10765
10765
10765
10919
10914
10765
10765
10914
10914
10914
10914
10910
10756
10752
10752
10747
10747
10743
10743
10743
10436
10589
10585
10585
10585
10585
10585
10431
10431
10431
10431
10580
10580
10580
10580
10431
10431
10431
10580
10580
10580
10580
10580
10431
10431
10431
10585
10585
10589
10743
10747
10291
9373
8762
8912
9066
9369
9523
9672
9826
9975
9672
9672
9822
9822
9975
10129
10129
10278
10278
10124
10278
10278
10278
10431
10431
10431
10431
10431
10278
10278
10431
10431
10431
10431
10580
10580
10278
10431
10436
10589
10593
10593
10747
10747
10743
10286
9523
9672
9826
9826
9979
10129
10129
10282
10278
10129
10278
10278
10278
10431
10431
10431
10585
10585
10278
10278
10278
10431
10431
10431
10431
10585
10585
10585
10278
10431
10431
10431
10580
10580
10585
10585
10589
10440
9523
9369
9523
9672
9826
9975
10129
10124
10278
10278
9822
9975
9971
10124
10124
10278
10278
10431
10431
10431
10124
10278
10278
10431
10431
10431
10585
10580
10580
10580
13204
13204
13204
13204
13204
13204
13204
13204
13204
13204
13204
13204
13204
13045
13039
12732
12732
12727
12574
12568
12568
12415
12415
12415
12415
12410
12410
12257
12257
12257
12257
12257
12257
12257
12104
12104
12104
12257
12257
12257
12104
12104
12104
12104
12257
12257
12257
12104
12104
12104
12252
12257
12415
11960
11654
11654
11807
11807
11955
11955
11955
11802
11955
11950
11950
11950
12104
12104
11950
11950
12104
12104
12104
12104
12104
12104
12104
12104
12104
12104
12257
12257
12104
12104
12104
12104
12104
12104
12104
12104
12104
12104
12104
12104
12257
12415
11960
11807
11807
11960
11955
11955
12109
12109
11955
11955
12104
12104
12104
12104
12104
12104
11950
12104
12104
12104
12104
12104
12257
12257
12104
12104
12104
12104
12104
12257
12257
12257
12104
12104
12257
12257
12257
12257
12257
12257
