2005
2775
3851
4771
5690
6456
7068
7526
7830
8134
8594
9051
9204
9507
9660
9818
9515
9664
9818
9971
10120
10274
10427
10423
10576
10423
10576
10576
10725
10878
10878
11031
11031
11184
11031
10878
11036
11189
11500
11347
11352
10593
10282
10589
10738
10887
11040
11189
11189
11342
11184
11184
11337
11491
11491
11639
11639
11639
11639
11639
11639
11792
12104
12257
12109
11654
11649
11802
11797
11797
11797
11792
11792
11639
11639
11792
11792
11792
11792
11792
11940
11940
11787
11787
11787
12099
12104
12104
12109
1231
2307
3383
4304
5224
5990
6602
7213
7823
8130
8437
8437
8587
9200
9664
10124
10585
10891
10743
9822
9668
9818
10124
10278
10427
10580
10729
10882
10882
11036
11036
10431
10427
10580
10734
10882
10882
11036
11031
11184
11184
11337
11184
11031
11184
11491
11649
11955
12109
12267
1695
2464
3540
4461
5380
6146
6758
7369
7827
8284
8897
8901
9208
9511
9814
9967
10269
10423
10576
10725
10725
10878
11184
2464
3232
4154
5073
5839
6604
7216
7830
8594
9054
9058
9054
9361
9664
9814
10120
10269
10423
10571
10725
10878
11031
11036
7255
7715
8023
8328
8637
8791
9096
9250
9404
9558
9709
9709
9558
8791
8023
7255
7255
7409
7869
8178
8483
8637
8945
9096
9250
9404
9558
9709
9713
8945
8178
7409
6949
7255
7718
8023
8332
8637
8791
9096
9250
9404
9558
9713
9863
9558
8637
7869
7255
7103
7409
7718
8023
8332
8637
8791
9096
9250
9404
9554
9709
9863
9404
8637
7869
7255
6946
7255
7715
8023
8328
8637
8788
8942
9250
9404
9558
9709
9709
9709
9096
8178
7564
7255
7564
7869
8332
8483
8791
8945
9250
9404
9558
9713
9709
9863
10017
9250
8483
7715
7100
7255
7560
8023
8328
8637
8788
9096
9250
9404
9554
9709
9709
9863
9863
9096
8178
7564
6949
7409
7715
8023
8328
8637
8945
9096
9250
9404
9558
9709
9863
9863
10017
9096
8332
7564
6949
6949
7255
7564
7869
8178
8483
8637
8945
9096
9250
9404
9558
9709
9863
9558
8945
8178
7409
6795
6795
7100
7564
7869
8178
8483
8791
8945
9096
9250
9404
9558
9558
9709
9709
9709
9404
8945
8332
7718
7409
7718
8023
8332
8637
8791
9096
9250
9404
9554
9709
9709
9863
10017
10017
9709
8791
8023
7409
6795
6795
7100
7409
7869
8178
8483
8791
8945
9096
9250
9404
9558
9709
9863
9863
9558
8791
8023
7409
7255
7409
7869
8178
8483
8637
8942
9096
9250
9400
9554
9709
9863
9863
10017
10017
9096
8328
7564
6949
6486
6949
7409
7715
8023
8328
8637
8945
9096
9250
9404
9558
9709
9709
9863
10017
9709
8791
8023
7409
6795
7100
7409
7718
8023
8178
8483
8791
8945
9096
9250
9404
9554
9709
9863
9863
9863
9250
8483
7715
7100
6486
6486
6640
6795
7255
7715
8023
8328
8637
8788
9096
9250
9404
9554
9709
9709
9863
9709
9096
8483
7715
7100
6486
6483
6943
7400
7702
8157
8462
8612
8916
9066
9216
9527
9680
9680
9830
9984
9979
9975
9212
8448
8751
8905
9054
9361
9519
9676
9826
9826
9975
10129
10124
10124
10274
10274
10274
10274
10278
9515
8751
8901
9208
9357
9511
9660
9660
9814
9967
9967
10124
10282
10282
10282
10431
10431
10431
10427
9511
9208
9357
9511
9664
9822
9979
10133
10129
10129
10278
10278
10278
10427
10427
10427
10427
10423
10431
9515
