2159
3236
4157
5077
5997
6607
7219
7830
8137
8594
9051
9357
9814
10274
10129
9822
10124
10427
10580
10729
10882
11036
11184
11184
11337
11337
11491
11486
11486
11639
11189
11189
11189
11337
11337
11491
11491
11486
11639
11639
11639
11639
11792
11792
11787
11945
11342
11491
11491
11644
11644
11639
11792
11792
11792
11792
11792
11787
11787
11940
11940
11940
11496
11491
11644
11644
11639
11639
11792
11792
11792
11792
11792
11792
11787
11787
11940
11940
11945
11342
11342
11337
11491
11491
11644
11639
11639
11792
11639
11792
11792
11792
11787
11787
11787
11945
11797
4923
5844
6610
7219
7830
8287
8747
9204
9507
1539
2615
3691
4611
5378
6144
6755
7366
7827
8284
8744
9204
1231
2153
3229
4302
5222
5987
6602
7213
7670
8284
8897
8901
8901
9204
9511
9814
9967
10116
10269
10423
10576
10725
10878
11031
10274
10274
10427
10576
10729
10882
10882
11031
11031
11184
11184
11337
10124
10278
10585
10734
10734
10882
11036
11036
11189
11184
11184
11337
11184
10580
10580
10734
10729
10882
11036
11031
11184
11184
11184
11337
11337
11337
465
1393
2785
4018
5250
6172
7095
7554
10629
10629
10629
10629
10629
10629
10629
10629
10629
10629
10629
10629
10475
10475
10475
10475
10475
10629
10629
10629
10629
10629
10629
10629
10629
10475
10475
10475
10475
10475
10475
10629
10629
10629
10629
10629
10629
10629
10475
10475
10475
10475
10475
10475
10629
10629
10629
10629
10629
10629
10629
10321
10475
10475
10475
10475
10475
10475
10475
10475
10629
10629
10629
10629
10475
10475
10475
10475
10475
10475
10475
10475
10629
10629
10629
10629
10629
10629
10475
10475
10475
10475
10475
10475
10475
10475
10475
10629
10629
10629
10629
10629
10321
10321
10321
10475
10475
10475
10475
10475
10475
10629
10629
10629
10629
10629
10321
10475
10475
10475
10475
10475
10475
10629
10629
10629
10629
10629
10629
10629
10629
10475
10475
10475
10475
10475
10475
10475
10475
10629
10629
10629
10629
10629
10629
10629
10475
10475
10475
10475
10475
10629
10629
10629
10624
10624
10624
10624
10624
10624
10629
10475
10475
10475
10475
10475
10475
10629
10629
10629
10629
10629
10629
10629
10629
10629
10475
10475
10475
10475
10475
10475
10475
10475
10475
10475
10629
10629
10629
10629
10629
10629
10475
10475
10475
10475
10475
10629
10629
10629
10629
10629
10629
10629
10629
10629
10629
10475
10475
10475
10475
10475
10475
10629
10629
10629
10629
10629
10629
10629
10629
10629
10629
10475
10475
10475
10475
10475
10475
10475
10629
10629
10629
10629
10629
10629
10629
10629
10629
10629
10475
10475
10475
10475
10475
10475
10629
10629
10629
10629
10629
10629
10629
10629
10629
10629
10321
10475
10475
10475
10475
10475
10475
10475
10629
10629
10629
10629
10629
10629
10629
10629
10629
10321
10321
10321
10475
10475
10475
10475
10475
10475
10475
10629
10629
10629
10629
10629
10629
10629
10321
10475
10475
10475
10475
10475
10475
10475
10629
10629
10629
10629
10629
10629
10629
10629
10629
11837
11837
11837
11837
11837
11837
11837
11837
11837
11837
11837
11837
11837
11837
11837
11837
11837
11837
11837
11832
11832
11832
11832
11832
11832
11832
11837
11832
11832
11832
11832
11832
11832
11832
11832
11832
11832
11837
11837
11837
11837
11837
11837
11837
11837
11837
11837
11837
11837
11837
11837
11837
11837
11832
11837
11837
11832
11832
11832
11832
11837
11837
11832
11832
11832
11832
11832
11832
11832
11832
11832
11832
11832
11832
11832
11832
11832
11985
11985
11837
11837
11837
11837
11837
11837
11837
11837
11837
11837
11837
11832
11837
11837
11837
11837
11837
11990
11990
11837
11837
11837
11837
11837
11837
11837
11683
11837
11837
11837
11837
11837
11837
11837
11837
11837
11837
11837
11837
11832
