1859
3096
4176
5100
6022
6792
7403
8171
8784
9396
9854
10158
10620
10923
11380
11534
11688
11990
12144
12293
12446
12600
12600
12754
12907
13061
13061
13056
13209
13209
13209
13209
13209
13363
13363
13363
13516
13363
13363
13516
13516
13516
13363
13363
13516
13516
13516
13516
13516
13516
13516
13516
13516
13516
13516
13516
13516
13516
13516
13516
13516
13516
13516
13516
13516
13516
13516
13516
13516
13516
13516
13516
13516
13516
13516
13516
13516
13516
13516
13516
13516
13516
13516
13516
13516
13516
13516
13516
13516
13516
13516
13516
13516
13516
13516
13516
13516
13516
13516
13516
13516
13516
13516
13516
13516
13516
13511
13511
13511
13511
13511
13516
13516
13511
13511
13511
13511
12451
12605
12605
12605
12605
12600
12451
12451
12451
12451
12451
12605
12605
12451
12451
12605
12605
12605
12600
12451
12451
12451
12605
12605
12605
12451
12451
12605
12605
12605
12600
12600
12451
12451
12451
12605
12605
12605
12451
12451
12451
12600
12600
12600
12600
12451
12451
12446
12600
12600
12600
12600
12446
12446
12446
12446
12600
12600
12600
12446
12446
12446
12446
12600
12600
12600
12451
12451
12451
12605
12605
12605
12600
12600
12451
12451
12451
12451
12605
12605
12605
12451
12451
12451
12605
12605
12600
12600
12600
12451
12451
12451
12605
12605
12605
12600
12451
12451
12451
12446
12446
12605
12605
12605
12451
12451
12451
12605
12605
12600
12600
12600
12451
12451
12451
12605
12605
12605
12600
12600
12451
12451
12451
12451
12605
12605
12605
12605
12451
12451
12451
12605
12605
12600
12600
12605
12605
12451
12605
12605
12605
12605
12600
12600
12600
10629
10629
10629
10629
10629
10629
10629
10629
10629
10629
10629
10629
10629
10475
10475
10475
10475
10475
10629
10629
10629
10629
10629
10629
10629
10475
10475
10475
10475
10475
10475
10475
10629
10629
10629
10629
10629
10629
10475
10475
10475
10475
10475
10475
10629
10629
10629
10629
10629
10629
10629
10475
10475
10475
10475
10475
10475
10475
10629
10629
10629
10629
10629
10629
10629
10475
10475
10475
10475
10475
10475
10629
10629
10629
10629
10629
10629
10629
10475
10475
10475
10475
10475
10629
10629
10629
10629
10629
10629
10629
10629
10629
10475
10475
10475
10475
10475
10475
10629
10629
10629
10629
10629
10629
10629
10629
10475
10475
10475
10475
10475
10475
10475
10475
10475
10475
10629
10629
10629
10629
10629
10475
10475
10475
10475
10475
10475
10629
10629
10629
10629
10629
10629
10629
10629
10629
10475
10475
10475
10475
10475
10629
10629
10629
10629
10629
10629
10629
10629
10629
10629
10475
10475
10475
10475
10475
10475
10475
10475
10629
10629
10629
10629
10629
10629
10629
10475
10475
10475
10475
10475
10475
10629
10629
10629
10629
10629
10629
10629
10629
10629
10475
10475
10475
10475
10475
10475
10475
10629
10629
10629
10629
10629
10629
10629
10629
10629
10321
10475
10475
10475
10475
10475
10475
10475
10475
10475
10629
10629
10629
10629
10629
10629
10321
10321
10475
10475
10475
10475
10475
10475
10475
10629
10629
10629
10629
10629
10629
10629
10629
10321
10321
10475
10475
10475
10475
10475
10475
10629
10629
10629
10629
10629
10629
10629
10629
10321
10475
10475
10475
10475
10475
10475
10629
10629
10629
10629
10629
10629
10629
10629
10629
10629
10321
10475
10475
10475
10475
10475
10475
10475
10475
10475
10629
10629
10629
10629
10629
10629
10629
10321
10321
10475
10475
10475
10475
10475
10475
10475
10475
10475
10475
10629
10629
10629
10629
10629
10629
