2006
2777
3854
4775
5695
6461
6613
7378
7990
8448
8905
9365
9216
9519
9822
10129
10278
10585
10734
10887
11040
11194
11342
11496
11496
11496
11644
11644
11797
11797
11797
11797
11950
11950
11950
11950
11950
11950
11950
12104
12099
12099
12104
12104
12104
12104
12257
12262
12114
11807
11807
11802
11955
11955
11955
11802
11955
11950
11950
11950
12104
12104
11950
11950
12104
12104
12104
12104
12104
12104
12104
12104
12099
12099
12099
12099
12104
12104
12099
12099
12099
12252
12099
12104
12257
12262
12415
12420
12574
11965
11505
11659
11654
11807
11807
11807
11955
11802
11955
11955
11955
12109
12109
12104
12104
12104
12104
12104
12104
12104
12104
12104
12104
12104
12104
12104
12104
12104
12104
12104
12104
12104
12104
12104
12257
12415
12415
11812
11812
11807
11807
11960
11955
11955
11955
12897
12897
13050
13050
13050
13204
13204
13204
13204
13204
13204
13204
13204
13204
13204
13204
13204
13204
13204
13357
13045
13045
12886
12886
12727
12727
12574
12574
12568
12568
12415
12415
12410
12410
12410
12410
12410
12257
12257
12257
12257
12257
12257
12257
12257
12257
12257
12257
12257
12257
12257
12257
12257
12257
12257
12257
12257
12415
12415
11505
11505
11654
11807
11807
11802
11955
11802
11955
11955
11955
11955
12109
12104
12104
12104
12104
12104
12104
12104
12104
12104
12104
12104
12104
12257
12257
12257
12257
12104
12104
12104
12104
12257
12257
12257
12104
12104
12262
12415
12420
12574
12574
11812
11505
11505
11654
11807
11807
11807
11955
11802
11802
11955
11955
11955
11950
12104
12104
11950
12104
12104
12104
12104
12104
12104
12104
12104
12104
12104
12104
12257
12252
12257
12252
