8641
8945
9100
9254
9404
9404
9558
9713
9713
9863
9863
10017
10017
9709
9250
8483
7869
7255
6795
7103
7409
7715
8023
8332
8637
8791
8945
9096
9250
9404
9558
9558
9404
8791
8178
7564
7258
7564
7872
8178
8486
8637
8945
9100
9254
9404
9404
9558
9713
9558
9250
8791
8178
7718
7718
8023
8332
8637
8791
8945
9100
9250
9404
9558
9558
9713
9867
9558
9100
8637
8178
7718
8023
8332
8637
8791
8945
9100
9250
9404
9558
9558
9713
9713
9863
9404
8945
8637
8178
7564
7718
8023
8332
8637
8791
8945
9100
9250
9404
9558
9558
9713
9713
9863
9558
9250
8637
8332
8486
8791
8945
9100
9250
9404
9558
9558
9713
9713
9863
9863
9863
9709
9404
9100
8483
7869
7564
7715
8023
8332
8637
8791
8945
9096
9250
9404
9558
9554
9709
9709
9863
9709
9404
8942
8942
9096
9250
9404
9558
9554
9709
9709
9863
9863
10017
10017
10017
10171
9863
9250
8637
8178
7718
7255
6949
7100
7564
7869
8178
8483
8637
8791
8942
9096
9250
9404
9558
9709
9709
9558
9250
8791
8332
7718
7103
7255
7564
8023
8178
8486
8791
8945
9100
9250
9404
9558
9558
9713
9709
9863
9713
9404
8791
8332
8023
8332
8483
8791
8945
9096
9250
9404
9558
9554
9709
9709
9863
9863
10017
10017
9709
9404
8945
8637
8945
9096
9250
9404
9404
9554
9709
9709
9863
9863
10017
10017
10017
10017
10171
9709
9404
8791
8332
7564
7255
7715
8023
8328
8637
8791
8942
9096
9250
9404
9558
9709
9709
9863
9863
10017
9863
9404
8945
8332
7715
7869
8325
8630
8777
9077
9227
9377
9527
9676
9830
9834
9988
9992
10146
10141
10141
9373
8455
8147
8451
8755
8905
9212
9369
9523
9680
9830
9826
9975
9975
10124
10124
10124
10274
10274
9668
9212
9361
9515
9664
9818
9818
9967
9967
10120
10124
10282
10286
10436
10436
10431
10431
10278
9511
8901
9054
9204
9361
9672
9826
9826
9979
9975
10129
10124
10278
10278
10274
10427
10427
10431
10282
9365
8755
8905
9058
9208
9361
9511
9664
9818
9967
9971
10129
10129
10282
10278
10278
10278
10427
10274
9511
8594
8747
9054
9212
9365
9519
9668
9822
9971
9971
10124
10120
10274
10274
10269
10427
10431
10436
9979
8938
9396
9700
10162
10466
10769
10162
9242
9088
9550
9854
10158
10466
10769
10008
9088
9088
9547
9854
10312
10466
10769
10158
9242
8938
9396
9854
10158
10466
10769
10466
9550
8938
9396
9854
10162
10466
10774
10774
9859
8938
9092
9550
10008
10312
10620
10923
10316
9396
8784
9092
9550
9854
10162
10466
10620
9854
9092
8938
9396
9705
10162
10466
10774
10620
9705
8938
8633
9092
9550
10008
10316
10620
10774
9854
9092
8784
9242
9705
10162
10466
10774
10923
10162
9246
8479
8633
8938
9242
9705
10162
10466
10466
9854
8938
8633
8938
9396
9854
10162
10466
10774
10312
9396
8633
9092
9550
10008
10466
10774
11077
10923
10008
9088
8777
9081
9231
9381
9531
9680
9830
9826
9975
10129
10124
10282
9826
9826
9975
9975
10124
10124
10274
10274
10274
10274
10423
10423
9818
9818
9818
9971
9967
10120
10120
10274
10269
10269
10423
10423
10423
10423
10734
10887
11198
11352
11352
11194
11194
11040
10734
9971
9361
9511
9664
9814
9814
9967
10274
10585
10891
11049
10743
9826
9519
9672
9822
9822
9971
10124
10124
10120
10274
10274
10274
10580
1538
2461
3383
4304
4917
5685
6144
6758
7062
7523
7830
8444
8751
8448
13659
13659
13812
13812
13812
13812
13812
13812
13812
13812
13659
13659
13812
13812
13812
13659
13812
13812
13812
13812
13659
13659
13659
13812
13812
13812
13812
13812
13812
13812
13812
13812
13812
13812
13812
13812
13812
13812
13664
13511
13511
13511
13511
13511
13511
13511
13664
13511
13664
13664
13664
13664
13659
13664
13664
13664
13664
13664
13664
13664
13664
13664
13664
13659
13664
13659
13659
13659
13664
13664
13664
13664
13659
13659
13659
13659
13659
13659
13659
13664
13664
13659
13659
13664
13659
13659
13659
13812
13812
13659
13659
13812
13812
13812
13812
13659
13659
13659
13659
13659
13659
13659
13659
13659
13659
13659
13659
13659
13659
13659
13659
13659
13812
13812
13812
