3080
3849
4615
5382
5995
6607
7065
7523
7827
7980
7680
7983
8440
8744
8897
9200
9353
9656
9809
9963
9963
10423
10729
11040
11347
11040
10580
10580
10734
10729
10729
10729
10725
10878
10878
10878
10274
10274
10427
10423
10576
10576
10729
10725
10725
10725
10725
10878
11184
11496
11649
11802
11654
11045
11040
11040
11036
11036
11036
11031
10878
10878
10878
10580
10580
10576
10576
10725
10725
10725
10725
10878
10873
10725
10878
11184
11496
11649
11654
11654
11194
10580
10427
10580
10576
10576
10729
10729
10725
10725
11036
10431
10427
10427
10580
10576
10576
10729
10725
10725
10878
10725
9967
10120
10120
10269
10269
10423
10423
10571
10571
10571
10725
10571
10725
11031
11342
11649
11802
11960
11347
10734
10734
10882
10882
10882
10882
10878
11031
11031
11031
11184
10734
10734
10729
10882
10882
10878
10878
10878
10878
10878
10873
10873
923
1692
2768
3689
4611
5380
6300
7068
7833
7680
7219
7680
7983
8287
8594
8897
9204
9353
9507
9967
10427
10124
10124
10278
10274
10427
10427
10427
10576
10576
10729
10729
10882
10278
10431
10427
10427
10580
10576
10576
10576
10729
10729
10725
10882
10427
10580
10580
10580
10576
10729
10729
10729
10729
10725
10878
10878
11036
8938
9550
9854
10316
10620
10928
10316
9396
9242
9705
10162
10466
10774
11077
10008
9092
9242
9705
10008
10312
10620
10923
10008
9088
8938
9396
9854
10158
10466
10769
10312
9396
9088
9550
10008
10316
10620
10928
10620
9705
8938
9396
9705
10162
10466
10620
10923
10316
9396
9092
9550
9854
10162
10466
10774
10923
10008
9092
9092
9550
10008
10316
10620
10928
10928
10008
9092
9242
9705
10162
10466
10774
11077
10774
9854
8938
9092
9550
9854
10162
10466
10774
10620
9859
8938
8938
9396
9705
10162
10466
10774
10923
10316
9396
8938
9396
9700
10162
10466
10774
10923
10923
9854
9092
9242
9705
10008
10312
10620
10923
11077
10620
9700
8938
9396
9700
10162
10466
10774
10923
11231
10466
9550
8780
8931
9081
9231
9381
9531
9680
9830
9984
9979
10133
10129
9830
9826
9979
10129
10129
10278
10278
10278
10431
10427
10427
10427
10427
9668
9822
9822
9971
10124
10124
10124
10274
10274
10274
10427
10427
10427
772
1852
3084
4161
5235
6002
6766
7378
7990
7836
7836
8448
8908
9365
9822
10124
10431
10734
10580
10887
11040
11194
11347
11496
11649
11802
11802
