1853
2777
3854
4777
5697
6461
7228
7382
7686
8297
8755
9212
9519
9975
10129
10431
10585
10887
11040
11194
11342
11194
11347
11500
11659
11812
11970
11361
10598
10444
10747
10896
11049
11198
11505
11352
11505
11654
11807
11807
11955
11955
11955
11955
12109
12109
12262
12262
12262
12109
12109
12109
12109
12109
12257
12257
12262
11955
12109
12109
12109
12104
12257
12257
11352
11500
11500
11654
11807
11955
11955
12109
11654
11649
11802
11802
11955
11955
12109
12104
11802
11955
11955
11950
12104
12104
12104
12104
11950
11950
12104
12104
12257
12257
12257
12104
12257
12257
12257
12257
12257
12410
12415
12114
11812
11807
11960
11955
12109
12109
12109
12262
11802
11802
11955
12109
12104
12104
12257
12257
12104
12104
12104
12257
12257
12257
12257
12257
12257
12104
12104
12104
12104
12104
12257
12257
12257
12257
12109
12104
12257
12257
12262
12415
12420
12574
11817
10901
10901
11049
11352
11505
11659
11807
11807
11960
