2159
2775
3697
4465
5231
5997
6610
7068
7372
7833
8290
8594
8901
9204
9357
9212
9515
9668
9818
9971
10124
10274
10274
10274
10427
10576
10576
10729
10729
10729
10882
10278
10278
10427
10427
10580
10580
10729
10729
10576
10729
10729
10729
10729
10882
10882
11036
10431
10431
10580
10580
10734
10734
10729
10882
10729
10729
10882
10882
10882
10882
11036
11036
11040
10585
10585
10580
10580
10734
10734
10729
10882
10882
10729
10882
10882
10882
10882
10882
11036
11189
10738
10738
10585
10580
10580
10580
10580
10580
10427
10427
10427
10427
10580
10576
10576
10729
10882
11194
11347
10589
10436
10585
10585
10738
10734
10734
10887
10887
10887
10580
10734
10734
10729
10882
10882
11036
11194
11045
10738
10891
10891
10887
10887
10887
11040
11040
11036
10887
10882
10882
10882
11036
11036
11036
11036
11347
11045
10891
10887
11040
11040
11040
11036
11036
11036
11036
10882
10882
10882
11036
11036
11031
11031
11036
11342
11194
10738
10891
10887
10887
10887
11040
11036
11036
11036
11036
11036
11036
11036
11036
11036
11031
11031
11189
11496
11347
6949
7255
7564
7869
8178
8483
8637
8791
8942
9096
9250
9404
9404
9554
9554
9404
8942
9096
9250
9404
9554
9709
9863
9863
10017
10017
10167
10167
10167
9554
8791
8023
7255
7409
7715
8023
8178
8328
8637
8791
9096
9250
9404
9558
9709
9558
8945
8178
7564
6949
6488
6795
7100
7409
7718
7869
8178
8486
8637
8945
9096
9250
9404
9558
9096
8332
7564
6949
6334
6795
7255
7564
8023
8332
8483
8791
8945
9250
9404
9558
9558
9709
9250
8486
7718
7103
6949
7255
7564
7869
8178
8483
8791
8945
9250
9404
9558
9558
9709
9863
9096
8332
7564
6949
6795
7255
7715
8023
8328
8637
8791
9096
9250
9404
9554
9709
9709
9863
9404
8483
7715
7100
7409
7715
8023
8328
8637
8788
9096
9250
9404
9554
9709
9709
9863
10017
9404
8791
8178
8328
8637
8791
9096
9250
9404
9558
9709
9709
9863
10017
10017
10171
10171
9404
8483
7872
7103
6640
7103
7409
7872
8178
8486
8791
8945
9096
9250
9404
9558
9713
9863
9863
9558
8637
7869
7255
6640
6795
6949
7409
7872
8178
8486
8637
8945
9096
9250
9404
9558
9713
9863
9863
9404
8483
7718
7103
6640
7100
7564
7869
8178
8483
8791
8945
9250
9404
9558
9713
9709
9863
10017
9863
9100
8178
7564
6949
6795
7103
7564
7869
8178
8483
8637
8945
9096
9250
9404
9558
9713
9863
9863
10017
9096
8332
7564
6949
6334
6640
6949
7409
7869
8178
8483
8637
8942
9096
9250
9404
9554
9709
9863
9863
9709
9096
8178
7564
6949
6486
6949
7409
7869
8178
8486
8637
8945
9096
9250
9404
9558
9709
9863
9863
10017
9709
8945
8023
7409
6795
6949
7255
7718
8023
8332
8637
8791
9100
9250
9404
9558
9713
9709
9863
10017
10017
9558
8791
8023
7255
6640
6488
6949
7255
7718
8023
8332
8637
8791
9100
9250
9404
9558
9713
9709
9863
10017
10017
9250
8483
7718
7103
6488
6334
6640
7103
7409
7869
8178
8483
8637
8945
9096
9250
9404
9558
9709
9863
9863
10017
9558
8791
8023
7255
6949
7255
7564
7869
8178
8483
8791
8942
9096
9404
9558
9709
9709
9863
10017
10017
10171
10017
9250
8328
7560
6946
6640
6946
7255
7715
8023
8328
8637
8791
9096
9250
9404
9558
9713
9709
9863
10017
10017
10017
9404
8483
7718
7103
6488
