2015
2632
3714
4945
5868
6483
6943
7862
8630
9242
9854
10158
10616
10919
11380
11529
11837
12139
12293
12441
12595
12748
12902
12902
13050
13204
13050
13204
13204
13357
13357
13357
13357
13511
13511
13511
13511
13511
13511
13511
13664
13664
13664
13659
13659
13659
13659
13659
13505
13659
13659
13659
13659
13659
13659
13659
13659
13659
13659
13505
13659
13659
13659
13659
13659
13659
13659
13659
13659
13659
13659
13659
13659
13659
13659
13659
13659
13659
13659
13659
13659
13659
13659
13659
13664
13659
13812
13812
13812
13812
13812
13812
13659
13812
13812
13812
13812
13812
13812
13812
13812
13812
13812
13659
13659
13659
13659
13812
13812
13659
13505
13659
13659
13659
13659
13659
13516
13516
13516
13670
13516
13516
13516
13516
13516
13516
13516
13516
13511
13664
13664
13511
13511
13511
13511
13511
13516
13511
13511
13511
13664
13511
13511
13511
13511
13511
13511
13511
13511
13511
13511
13511
13511
13511
13511
13511
13511
13511
13516
13511
13511
13511
13511
13511
13511
13511
13511
13511
13511
13511
13511
13511
13511
13664
13664
13511
13511
13511
13511
13511
13511
13516
13516
13511
13511
13511
13511
13516
13516
13516
13516
13516
13516
13516
13516
13516
13516
13516
13516
13516
13516
13516
13516
13516
13516
13516
13516
13511
13511
13511
13511
13511
13516
13516
13511
13511
13664
13664
13664
13511
13511
13511
13511
13511
13664
13511
13511
13511
13664
13664
13664
13664
12600
12600
12754
12600
12600
12600
12600
12605
12605
12600
12600
12600
12600
12600
12600
12600
12600
12600
12605
12605
12605
12600
12600
12600
12600
12600
12600
12600
12600
12600
12600
12605
12600
12600
12600
12600
12600
12600
12600
12600
12600
12600
12600
12600
12600
12600
12600
12600
12600
12600
12600
12600
12600
12600
12600
12754
12754
12754
12600
12600
12600
12600
12600
12600
12600
12600
12600
12600
12600
12600
12600
12600
12600
12600
12600
12600
12600
12600
12600
12600
12600
12600
12600
12600
12600
12600
12600
12600
12600
12600
12600
12600
12600
12600
12600
12600
12600
12600
12754
12754
12754
12754
12754
12600
12600
12600
12600
12605
12600
12754
12754
12600
12600
12600
12600
12600
12600
12600
12754
12605
12605
12605
12600
12600
12600
12600
12600
12600
12600
12605
12600
12600
12600
12600
12600
12600
12600
12600
12600
12600
12600
12600
12754
12754
10629
10629
10629
10629
10629
10629
10629
10629
10629
10629
10629
10629
10475
10475
10475
10475
10475
10475
10629
10629
10629
10629
10629
10629
10629
10475
10475
10475
10475
10475
10475
10629
10629
10629
10629
10629
10629
10629
10475
10475
10475
10475
10475
10475
10475
10475
10629
10629
10629
10629
10629
10475
10475
10475
10475
10475
10475
10475
10629
10629
10629
10629
10629
10629
10475
10475
10475
10475
10475
10475
10475
10629
10629
10629
10629
10629
10629
10629
10475
10475
10475
10475
10475
10475
10475
10629
10629
10629
10629
10629
10629
10629
10475
10475
10475
10475
10475
10475
10629
10629
10629
10629
10629
10629
10629
10629
10475
10475
10475
10475
10475
10475
10475
10629
10629
10629
10629
10629
10629
10629
10629
10475
10475
10475
10475
10475
10475
10475
10629
10629
10629
10629
10629
10629
10629
10475
10475
10475
10475
10475
10475
10475
10475
10629
10629
10629
10629
10629
10475
10475
10475
10167
10167
10167
10167
10167
10167
10167
10167
10167
10167
10321
10321
10321
10321
10321
10475
10475
10167
10167
10167
10321
10321
10321
10475
10475
10475
10475
10475
10475
10475
10629
10629
10629
10321
10475
10475
10475
10475
10475
10475
10629
10629
10629
10629
10629
10629
10629
10629
10629
10475
10475
10475
10475
10475
10475
10475
10629
10629
10629
10629
10629
10629
10629
10629
10629
10475
10475
10475
10475
10475
10475
10475
10475
10475
10475
10629
10629
10629
10629
10629
10629
10321
10475
10475
10475
10475
10475
10475
10475
10629
10629
10629
10629
10629
10629
10629
10629
10629
10321
10321
10475
10475
10475
10475
10475
10629
10629
10629
10629
10629
10629
10629
10629
10629
10629
10321
10475
10475
10475
10475
10475
10475
10475
10629
10629
10629
10629
10629
10629
10629
10629
10629
10321
10475
10475
10475
10475
10475
10475
10629
10629
10629
10629
10629
10629
10629
10629
10629
10629
