2318
2782
3860
4785
5554
6323
6323
6937
7551
8010
8469
8777
9235
9543
9846
10000
10308
10308
10611
10765
10919
11073
11073
11222
11222
11375
11375
11375
11375
11529
11529
11683
11683
11529
11683
11683
11683
11678
11683
11683
11683
11837
11832
11832
11683
11832
11832
11832
11832
11832
11683
11837
11837
11837
11837
11837
11837
11837
11837
11837
11837
11837
11837
11837
11837
11837
11837
11837
11837
11837
11837
11837
11837
11837
11837
11837
11837
11837
11837
11837
11837
11837
11837
11837
11837
11837
11837
11837
11837
11837
11837
11837
11837
11837
11837
11837
11837
11837
11837
11837
11837
11837
11837
11837
11837
11837
11837
11837
11837
11837
11837
11837
11837
11837
11837
11837
11837
11837
11837
11837
12600
12600
12754
12754
12600
12600
12446
12600
12605
12605
12605
12600
12451
12605
12605
12600
12600
12600
12600
12451
12451
12605
12605
12605
12600
12451
12600
12600
12600
12600
12600
12605
12605
12605
12600
12754
12754
12754
12600
12600
12600
12600
12754
12754
12754
12600
12754
12754
12754
12754
12754
12600
12600
12600
12600
12754
12754
12754
12600
12600
12754
12754
12754
12754
12754
12605
12605
12605
12600
12600
12600
12600
12600
12605
12600
12600
12600
12754
12754
12754
12605
12754
12754
12754
12754
12754
12754
12600
12600
12600
12754
12754
12754
12907
12754
12754
12754
12754
12754
12754
12754
12754
12600
12600
12600
12600
12600
12600
12600
12600
12451
12605
12605
12600
12600
12600
12754
12754
12600
12600
12600
12600
12605
12605
12600
12600
12451
12605
12605
12600
12600
12600
12600
12600
12605
12451
12451
12605
12605
12600
12600
12600
12600
10629
10629
10629
10629
10629
10629
10629
10629
10629
10629
10629
10629
10629
10475
10475
10475
10475
10475
10475
10629
10629
10629
10629
10629
10629
10321
10321
10475
10475
10475
10475
10475
10475
10629
10629
10629
10629
10629
10475
10475
10475
10475
10475
10475
10475
10629
10629
10629
10629
10629
10629
10475
10475
10475
10475
10475
10475
10475
10629
10629
10629
10629
10629
10629
10629
10475
10475
10475
10475
10475
10475
10475
10629
10629
10629
10629
10629
10629
10475
10475
10475
10475
10475
10475
10629
10629
10629
10629
10629
10629
10629
10629
10475
10475
10475
10475
10475
10475
10629
10629
10629
10629
10629
10629
10629
10629
10475
10321
10321
10475
10475
10475
10475
10475
10475
10475
10475
10629
10629
10629
10629
10475
10475
10475
10475
10475
10475
10475
10629
10629
10629
10629
10629
10629
10629
10629
10475
10475
10475
10475
10475
10475
10629
10629
10629
10629
10629
10629
10629
10629
10629
10321
10475
10475
10475
10475
10475
10629
10629
10629
10629
10629
10629
10629
10629
10629
10475
10475
10475
10475
10475
10475
10475
10629
10629
10629
10629
10629
10629
10629
10629
10629
10475
10475
10475
10475
10475
10475
10475
10475
10475
10629
10629
10629
10629
10629
10629
10475
10475
10475
10475
10475
10475
10629
10629
10629
10629
10629
10629
10629
10629
10629
10629
10475
10475
10475
10475
10475
10475
10475
10475
10475
10629
10629
10629
10629
10629
10629
10629
10629
10475
10475
10475
10475
10475
10475
10629
10629
10629
10629
10629
10629
10629
10629
10629
10629
10321
10475
10475
10475
10475
10475
10475
10475
10629
10629
10629
10629
10629
10629
10629
10629
10629
10475
10475
10475
10475
10475
10475
10629
10629
10629
10629
10629
10629
10629
10629
10629
10629
10629
10475
10321
10321
10475
10475
10475
10475
10475
10475
10629
10629
10629
10629
10629
10629
10629
10629
10629
