2315
2930
4008
4775
5695
6461
7074
7378
7990
8448
8908
9365
9668
9822
10124
10431
10580
10734
11040
11036
11189
11342
11496
11496
11649
11649
11802
11797
11797
11950
11950
11045
11045
11045
11194
11194
11347
11496
11496
11496
11649
11649
11797
11797
11802
11797
11950
11950
11950
12104
12104
12104
12104
12104
12104
12104
12104
12104
12257
12257
12257
12257
12257
12257
12104
12104
12262
12415
12420
12574
12426
11203
10747
10896
11045
11198
11352
11500
11654
11347
11500
11500
11649
11649
11802
11802
11802
11797
11797
11950
11950
11950
12104
12104
12104
12104
12104
12104
12104
12104
12257
12104
12104
12104
12104
12257
12262
12415
11960
11505
11505
11654
11807
11807
11960
11955
11807
11654
11649
11802
11802
11802
11955
11955
11802
11955
11955
11950
12104
12104
12104
12104
11950
11950
11950
12104
12104
12104
12104
12104
13050
13050
13050
13050
13050
13050
13050
13204
13204
13204
13050
13050
12891
12891
12732
12732
12579
12574
12574
12574
12415
12415
12415
12415
12410
12257
12257
12257
12257
12257
12257
12257
12257
12257
12104
12104
12104
12104
12104
12257
12104
12104
12257
12257
12257
12257
12104
12104
12262
12262
12420
12574
12272
11965
11965
11960
11960
11960
12109
12109
12109
12109
12109
12109
12109
12109
12109
12104
12104
12104
12104
12104
12104
12104
12104
12104
12104
12104
12104
12104
11950
11950
11950
11950
12104
12104
12104
12104
12104
12104
12257
12262
12415
12420
12119
11965
11960
11960
11960
12109
12109
12109
11955
11955
11955
11955
12109
12104
12104
12104
12104
12104
12104
12104
12104
12104
12104
12104
12104
12104
12104
12104
12257
12257
12257
12104
12104
12104
12104
12104
12104
12104
12257
