9527
9523
9676
9826
9826
9975
9975
10129
10129
10278
10278
10278
10278
9822
9975
9979
10137
10137
10295
10291
10291
10440
10440
10440
10436
10436
9523
8605
7840
7840
8144
8448
8755
8908
9219
9373
9527
9680
9830
9830
9979
9979
9369
9062
9216
9365
9519
9672
9822
9822
9975
10133
10133
10291
10286
10286
9979
9062
9216
9365
9519
9672
9822
9822
9975
9975
10124
10124
10278
10282
10286
9834
8916
8912
9219
9369
9523
9672
9672
9826
9975
9975
10129
10129
10282
10282
10129
10129
10286
10291
10444
10440
10440
10440
10436
10436
10589
10589
10589
10585
10282
9365
9365
9519
9668
9826
9826
9984
10137
10137
10291
10286
10286
10286
10436
10436
9826
9216
9365
9519
9672
9822
9822
9975
9975
10133
10291
10291
10286
10440
10440
10436
9672
9216
9365
9519
9672
9672
9822
9975
9975
10129
10129
10282
10286
10444
10444
10440
9830
9066
9216
9369
9523
9672
9826
9826
9975
10129
10129
10129
10282
10278
10278
10436
10286
9523
9676
9830
9826
9979
10129
10129
10129
10282
10278
10278
10431
10431
10431
10431
10431
10278
10282
10440
10440
10440
10440
10589
10589
10589
10589
10589
10585
10585
10585
10585
10282
9365
9365
9515
9668
9822
9979
10137
10137
10133
10286
10286
10286
10436
10436
10436
10436
10282
9365
9365
9519
9519
9668
9822
9975
9975
10133
10286
10291
10286
10286
10440
10436
10436
10436
9826
9365
9519
9672
9668
9822
9975
9975
10129
10124
10278
10282
10286
10444
10444
10444
10444
10291
9373
8455
8147
8301
8605
8758
9062
9216
9365
9519
9672
9822
9822
9975
10129
10129
10286
10291
10286
9676
9216
9369
9519
9672
9826
9979
9975
10129
10129
10282
10282
10278
10431
10431
10431
10431
10436
9979
10133
10129
10282
10282
10282
10431
10431
10431
10431
10431
10431
10585
10585
10585
10585
10580
10431
10427
10585
10589
10593
10593
10593
10593
10589
10589
10589
10589
10589
10585
10585
10585
10585
10585
9975
8626
9088
9393
9696
10004
9547
8626
8934
9239
9547
9850
10004
9088
8626
9088
9393
9696
10004
9696
8780
8780
9085
9547
9696
10004
9547
8626
8934
9239
9547
9850
10004
9393
8626
8780
9239
9547
9850
10004
9547
8780
8630
9088
9393
9700
10004
9854
8934
8630
8934
9393
9547
9854
10004
9393
8630
8780
9242
9547
9854
10004
9854
8934
8630
8934
9239
9547
9854
10158
9547
8784
8784
9088
9393
9700
9854
9850
9547
8630
8476
8780
9242
9393
9547
9850
9696
8934
8322
8780
9085
9393
9696
10004
10004
9088
8322
8626
9088
9393
9547
9850
10004
9696
9088
9242
9393
9547
9700
9850
10004
10004
10004
9696
9850
10004
10004
10158
10158
10154
10308
9850
9085
8780
9239
9393
9696
9850
10004
10154
9543
8780
8322
8780
9085
9393
9543
9850
10004
9696
8780
8322
8780
9085
9239
9543
9696
9850
9850
9085
8472
8780
8931
9081
9073
9223
9377
9373
9523
9523
11837
11990
12293
12446
12446
11990
12144
12298
12446
12446
12451
12144
12298
12446
12446
12600
11990
12144
12298
12451
12600
12451
12144
12298
12451
12600
12600
11990
12144
12298
12446
12600
12600
11990
12144
12298
12446
12600
12446
11375
11524
11520
11515
11515
11510
11505
11505
11352
11500
11500
11500
11496
11496
11496
11496
11496
11496
11491
11649
11802
11960
12114
12119
11352
11352
11352
11347
11500
11500
11496
11496
11496
11342
11496
11496
11496
11496
11491
11491
11491
11491
11337
11496
11802
11960
12114
12272
11965
620
2013
3404
4638
5716
6637
7406
8017
8630
9242
9700
10158
10620
10923
11231
11534
11688
11990
12144
12298
12451
12600
12754
12754
12907
12907
12907
13056
13056
13056
13209
13209
13209
13363
13363
13363
13363
13363
13516
13363
13363
13357
13516
13516
13516
13511
