2159
2929
4006
5083
6005
6772
6926
7077
7535
7993
8451
8755
9058
9361
9668
9818
10124
10274
10427
10580
10734
10887
10129
10282
10431
10585
10734
10734
10887
10882
10882
10882
11036
11036
11189
11184
11184
11342
3389
4157
5077
5844
6456
7222
7836
8144
8297
8755
9058
9365
9668
9818
9971
10274
10274
10427
10580
10729
10729
10882
11036
11189
10585
10734
10887
10887
11036
11036
11189
11189
11189
11184
11337
11337
11337
11337
11337
11337
11496
10887
11040
11040
11189
11189
11189
11189
11342
11337
11337
11337
11337
11337
11337
11337
11337
11644
11342
11040
11040
11189
11189
11189
11342
11342
11337
11337
11337
11337
11337
11491
11491
11491
11491
11644
11496
10891
10887
11040
11040
11189
11189
11189
11342
11342
11189
11189
11184
11184
11337
11337
11337
11337
11644
11496
11040
11194
11194
11189
11342
11342
11342
11342
11337
11337
11337
11337
11491
11491
11491
11491
11491
11644
11802
11347
11347
11347
11342
11342
11496
11496
11491
11491
11491
11337
11337
11491
11491
11491
11491
11491
11644
11797
11802
8626
9088
9393
9700
10004
9239
8630
8934
9393
9547
9850
9850
8934
8780
9088
9547
9700
10004
9547
8780
8626
8777
8927
9077
9227
9377
9373
9373
9369
9519
9519
9515
9668
9668
9664
9664
9818
9818
9971
10282
10436
10440
9830
9062
9216
9365
9365
9515
9515
9668
9668
9664
9511
9664
9664
9664
9664
9818
9814
9818
9515
9668
9664
9664
9664
9818
9818
9814
9814
9814
9814
9814
9967
9967
9967
9967
9967
9967
9967
10278
10431
10436
10436
10440
10282
9519
8755
8905
9058
9058
9208
9361
9511
9511
9511
9357
9357
9357
9511
9507
9660
9660
9971
10124
9822
9519
9515
9668
9664
9664
9818
9818
9818
9814
9814
9814
9814
9967
9967
9967
9967
9967
9967
9967
9822
9818
9818
9818
9818
9967
9967
9967
9967
9967
9814
9967
9967
9967
9967
9967
9963
9963
9963
10120
9664
9664
9818
9818
9814
9814
9814
9967
9967
9967
9814
9814
9967
9967
9967
9963
9963
9963
9963
9963
8758
8908
8908
8905
9058
9058
9208
9208
9361
9511
9511
9511
