8486
8332
8486
8795
8945
9100
9254
9404
9558
9558
9713
9713
9867
9713
9558
8945
8486
8486
8637
8945
9100
9254
9404
9404
9558
9713
9713
9863
9863
9863
9404
8945
8486
7872
8023
8332
8637
8791
8945
9100
9250
9404
9558
9558
9713
9713
9558
9250
8945
8332
8023
8332
8637
8791
8945
9100
9250
9404
9558
9558
9713
9713
9867
9713
9404
8945
8486
8023
8178
8332
8637
8791
8945
9096
9250
9404
9558
9713
9709
9863
9863
9709
9558
9096
8328
8328
8637
8791
8942
9096
9250
9404
9558
9558
9713
9863
9863
9863
10017
9558
9096
8637
8023
7564
7718
8023
8332
8637
8791
8945
9100
9250
9404
9558
9558
9713
9713
9867
9558
9250
8637
7872
7564
7872
8023
8332
8637
8791
8945
9100
9250
9404
9558
9558
9713
9713
9867
9713
9404
8791
8178
7564
7872
8178
8486
8637
8945
9100
9250
9404
9404
9558
9713
9713
9863
9863
9713
9250
8791
8023
7409
7103
7258
7564
7872
8178
8486
8637
8791
9100
9250
9250
9404
9558
9713
9713
9558
9254
8791
8332
7872
7258
6795
6643
7103
7564
7872
8178
8486
8637
8791
9100
9250
9404
9404
9558
9709
9709
9558
9096
8637
8023
7409
6949
6486
6795
7255
7564
7869
8178
8486
8637
8945
9100
9250
9404
9404
9558
9713
9713
9558
9404
8791
8332
7718
7409
7718
8023
8332
8486
8791
8945
9100
9250
9404
9558
9713
9713
9713
9863
9863
9863
9713
9254
9250
9404
9558
9558
9713
9713
9863
9863
10017
10017
10017
10171
10171
10171
10171
10171
10017
9558
8945
9100
9250
9404
9558
9713
9713
9867
9863
9863
10017
10017
10017
10017
10171
10171
10171
9863
9558
8945
8332
7718
7718
8023
8332
8483
8791
8945
9096
9250
9404
9558
9554
9709
9709
9863
9863
10017
9863
9863
9558
8945
8328
8483
8637
8945
9096
9250
9404
9404
9558
9709
9709
9863
9863
10017
10017
10167
10162
10000
9385
8612
7843
7385
6923
6769
7074
7532
7990
8294
8598
8751
9062
9219
9373
9527
9680
9676
9830
9979
9979
10129
9515
8751
8140
7833
7987
8290
8598
8901
9054
9208
9361
9672
9826
9826
9979
9975
10129
10129
10124
10278
10124
9664
9822
9979
9979
10133
10129
10129
10282
10278
10278
10278
10431
10427
10431
10436
10593
10593
10440
9672
8905
8938
9396
9705
10008
10466
10620
10162
9246
8938
9396
9705
10008
10312
10620
10008
9092
8784
9242
9700
10162
10466
10620
10312
9396
8784
9242
9700
10008
10312
10620
10620
9700
8938
9088
9550
9854
10312
10620
10774
10162
9242
8784
9242
9705
10162
10466
10774
10774
9854
8938
8938
9242
9705
10008
10312
10620
10312
9550
8784
8938
9396
9854
10316
10620
10774
10466
9550
8784
8938
9396
9854
10162
10466
10774
10620
9705
8784
9092
9550
9854
10312
10620
10923
10774
9854
8938
8784
9242
9700
10008
10466
10620
10923
10162
9242
8476
8938
9396
9854
10162
10620
10769
10620
9700
8934
8780
8931
9235
9381
9531
9684
9680
9830
9979
9979
10133
9984
9830
9826
9979
9975
10129
10129
10278
10278
10278
10278
10427
10431
9822
9975
9975
9975
10129
10124
10124
10278
10278
10274
10274
10427
10427
9668
9668
9822
9971
9971
10124
10124
10120
10274
10274
10274
10427
616
1695
2926
4003
4925
5538
6151
6764
7222
7526
7983
8137
7830
7830
8444
8905
9365
9826
10133
10129
10282
10278
10124
9361
8598
8901
9054
9204
9511
9818
10282
10589
10896
10896
10593
9830
9216
9369
9519
9668
9822
9818
9971
9971
10278
10738
10896
10747
9826
12288
12441
12595
12748
12902
12446
12441
12595
12748
12902
12595
12441
12595
12748
12902
12902
12595
12748
12748
12902
12897
12441
12595
12748
12902
12902
12902
12595
12595
12748
12897
12897
12441
12595
12748
12897
12897
12897
12441
12595
12748
12897
12897
12897
12441
12595
12748
12902
12897
12902
12441
12595
12748
12902
12902
12902
12441
12595
12748
12902
12902
12902
12441
12595
12441
12436
12277
12272
12272
12114
12114
12109
11955
11797
11797
11950
12262
12262
12415
12267
11505
11500
11649
11649
11649
11644
11644
11644
11639
11639
11639
10887
11036
11189
11184
11337
11337
11333
11486
11486
11486
11486
11639
11189
11184
11337
11337
11333
11486
11486
11486
11486
11634
11634
11634
1232
2309
3540
4459
5380
6144
6755
7366
8134
8747
9054
9054
9361
9664
9967
10120
10423
10576
10725
10725
10878
11026
11026
10274
10274
10576
10729
10725
10878
11031
11026
11180
11180
11333
11333
11180
9814
9967
10269
10423
10571
10725
10878
11026
11026
11180
11180
11333
11333
