1853
2623
3546
4315
5081
5695
6308
6461
6920
7378
7836
8140
8448
8598
8751
9058
9208
9361
9515
9668
9365
9519
9668
9668
9822
9971
9971
9668
9818
9971
9971
10124
10124
10124
10124
10124
10120
10274
10274
10274
10274
10274
10274
10427
10427
10427
10427
10427
10274
10427
10427
10427
10427
10580
10580
10427
10585
10585
10743
10743
10747
10440
9676
9216
9369
9519
9672
9822
9975
10129
9975
10124
10278
10278
10431
10427
10580
10580
10580
10580
10734
10734
10734
10734
10734
10734
10734
10882
10882
10882
10882
10882
10734
10734
10887
10887
10887
11040
11045
10440
10286
10436
10436
10589
10585
10585
10738
10585
10738
10738
10734
10734
10734
10887
10887
10734
10734
10887
10887
10887
10887
10887
10887
10887
10887
10887
10887
10887
10887
10887
10887
10887
10887
10887
10887
10887
10887
11040
10743
10589
10589
10585
10738
10738
10734
10734
10887
