2162
2624
3393
4315
5083
5695
6308
6461
6920
7378
7683
8144
8448
8755
8751
9058
9208
9515
9668
9818
9664
9818
9971
10124
10278
10278
10124
10274
10427
10427
10580
10580
10427
10427
10580
10580
10734
10734
10734
10580
10734
10734
10734
10887
11045
10589
10133
10129
10282
10436
10431
10585
10585
10278
10278
10431
10427
10580
10580
10580
10580
10580
10734
10734
10734
10734
10734
10734
10734
10887
10887
10887
10887
10887
10887
10887
10882
10882
10887
10887
10887
10887
10887
10887
10882
10882
11036
11036
10887
10887
11040
11045
11045
11049
11054
10440
9527
9523
9676
9826
9979
10129
10129
10282
10129
10278
10431
10431
10585
10580
10580
10734
10580
10734
10734
10734
10734
10887
10882
10882
10729
10882
10882
10887
10887
10887
10887
10887
10887
10887
10887
10887
10887
10887
10887
10887
10734
10734
10887
10887
11045
11045
11203
10896
10137
8938
9550
9854
10316
10620
10774
9705
8938
9092
9550
10008
10316
10620
10620
9705
8938
9092
9550
10008
10316
10620
10774
9854
8938
9092
9550
10008
10316
10620
10928
10162
9246
9092
9550
9854
10162
10466
10774
10466
9550
8784
9242
9705
10008
10312
10620
10923
10162
9242
8938
9396
9854
10162
10466
10774
10923
10008
9088
8938
9396
9854
10162
10466
10769
10923
10008
9088
9088
9550
9854
10158
10466
10774
11077
10008
9246
8938
9396
9700
10162
10466
10620
10923
10316
9396
8784
9242
9705
10008
10312
10620
10923
10774
9854
8938
8938
9396
9854
10162
10466
10774
10923
10466
9550
8784
8630
8938
9242
9705
10162
10466
10774
10466
9705
9092
9550
10008
10316
10774
10923
11231
11077
10008
9092
8938
9396
9854
10316
10620
10928
11231
10774
9859
8938
8784
9396
9700
10000
10304
10607
10910
11059
10905
11054
11356
11510
11505
11659
11807
11807
11807
11654
11807
11802
11955
11955
11955
12109
12109
11802
11802
11955
11955
12109
12109
12109
12109
12104
11802
11955
11955
11950
12104
12104
12104
12257
12257
11955
12441
12595
12748
12902
12902
12441
12595
12748
12748
12902
12441
12595
12748
12902
12902
12595
12595
12748
12748
12902
12902
12441
12595
12748
12902
12902
12441
12595
12748
12902
12902
12897
12441
12595
12748
12902
12902
12748
12441
12595
12748
12902
12902
12441
12595
12595
12748
12902
12902
12441
12595
12748
12748
12902
12902
12441
12441
12595
12748
12902
12902
12441
12595
12595
12748
12897
12897
12748
12441
12595
12748
12897
12897
12897
12441
12595
12595
12743
12748
12595
12441
12139
12288
12441
12595
12748
12748
12293
12441
12595
12595
12748
12748
12748
12293
12441
12595
12595
12748
12748
12748
12288
12441
12595
12748
12902
12902
12748
12441
12595
12748
12748
12902
12902
12748
12441
12595
12748
12902
12902
12902
12902
