2159
2466
3390
4157
4925
5538
5997
6456
6761
7065
7526
7830
7983
8287
8440
8747
8744
9054
9361
9668
9826
9826
9062
8755
8755
8905
9058
9208
9361
9361
9515
9054
9208
9208
9357
9511
9511
9511
9664
9664
9660
9818
10124
10282
10436
10133
9219
8455
8451
8601
8755
8905
9058
9208
9361
9361
9054
9208
9361
9357
9511
9511
9664
9664
9664
9664
9971
10129
10129
10286
10286
9988
9073
617
1698
2622
3546
4467
5235
5848
6459
6613
7071
7529
7987
8294
8598
8751
8905
9208
9361
9515
9664
9818
9818
9971
9971
9971
10124
10120
10274
10274
10274
10278
9826
9826
9822
9975
9975
10129
10124
10124
10278
10124
10124
10278
10278
10278
10274
10274
10274
10278
10274
10427
10427
10427
10427
10427
10427
10274
10427
10427
10427
10427
10427
10427
10427
10427
10427
10427
10427
10427
10580
10585
10743
10743
9979
9523
9672
9826
9975
10129
10124
10278
10431
10278
10278
10431
10585
10580
10580
10734
10734
