9239
9088
9242
9242
9396
9550
9705
9705
9859
9859
9859
10013
10013
10013
9709
9400
8637
8483
8788
8942
9096
9250
9404
9554
9554
9709
9709
9859
10008
9850
9235
8619
8007
7542
7846
8150
8458
8762
8912
9219
9369
9523
9680
9834
9988
9984
9527
8608
8147
8451
8605
8908
9062
9212
9365
9519
9668
9822
9979
9979
10137
9984
9219
9369
9523
9672
9826
9826
9975
9975
10129
10129
10278
10278
10278
10431
9672
9826
9826
9975
9975
10129
10129
10282
10278
10278
10431
10431
10431
10431
10124
10124
10282
10286
10291
10444
10444
10440
10440
10440
10589
10589
10589
10589
9979
9062
8144
8297
8601
8908
9058
9216
9373
9527
9676
9830
9984
9979
10133
10133
10282
9672
8908
9062
9212
9365
9519
9668
9822
9979
9979
10137
10137
10291
10286
10286
10286
9672
9062
9216
9365
9519
9672
9822
9975
9975
10129
10129
10282
10286
10291
10440
10440
9826
9523
9672
9826
9826
9975
9975
10129
10129
10282
10282
10278
10431
10431
10436
10440
9984
9523
9676
9826
9979
9979
10129
10129
10282
10282
10278
10278
10431
10431
10431
10431
10278
10436
10440
10444
10440
10440
10593
10589
10589
10589
10589
10589
10585
10585
10585
10585
9975
9365
9519
9668
9822
9979
9984
10137
10137
10286
10286
10286
10282
10436
10436
10436
10436
9975
9212
9365
9519
9668
9668
9822
9975
9979
10137
10137
10291
10286
10286
10440
10436
10436
10282
9519
9212
9365
9519
9672
9822
9975
9975
10129
10129
10282
10286
10291
10440
10440
10440
10440
10133
9523
9672
9826
9826
9975
9975
10129
10129
10278
10278
10278
10431
10431
10436
10593
10593
10593
9826
9216
9369
9519
9672
9822
9975
9975
10129
10124
10124
10278
10278
10278
10431
10431
10431
10436
10133
9830
9826
9979
9979
10129
10129
10282
10282
10278
10431
10431
10431
10431
10431
10431
10431
10585
10278
10436
10440
10440
10440
10440
10436
10436
10589
10589
10589
10589
10585
10585
10585
10585
10585
10585
9668
8476
8934
9239
9547
9850
9700
8780
8626
9088
9393
9700
9850
9393
8476
8934
9239
9547
9850
10004
9085
8626
9088
9393
9700
10004
9850
8931
8623
8773
8923
9073
9223
9219
9369
9523
9519
9519
9515
9668
9668
9664
9818
9818
9664
9818
9971
10124
10282
10589
10286
9523
8912
9062
9062
9212
9365
9361
9515
9515
9668
9515
9664
9664
9664
9818
9818
9818
9814
9814
9971
10124
10436
10589
10589
10589
9826
9062
9062
9212
9212
9361
9515
9515
9511
9664
9511
9664
9664
9664
9818
9818
9814
9814
9967
9822
9515
9515
9668
9664
9664
9818
9818
9818
9814
9664
9814
9814
9814
9814
9814
9967
9967
9967
9967
9967
10120
10278
10431
10589
10743
10747
9984
9531
9838
10146
10295
10449
10756
10756
10910
11063
11063
11217
11371
11371
11375
11371
11524
11524
11678
11678
11678
11529
11529
11683
11683
11683
11837
11837
11226
11375
11375
11529
11529
11529
11683
13659
13659
13659
13659
13659
13659
13659
13659
13659
13812
13659
13659
13812
13812
13812
13812
13812
13812
13812
13812
13812
13812
13812
13812
13965
13812
13812
13812
13812
13812
13812
13812
13812
13812
13812
13812
13812
13812
13812
13812
13812
13812
13812
13812
13812
13812
13812
13659
13659
13659
13659
13659
13659
13659
13659
13659
13659
13659
13659
13659
13659
13659
13659
13659
13659
13659
13659
13659
13659
13511
13204
13204
13204
13050
12897
12595
12441
12288
12139
12134
12288
12288
12288
12134
12288
11980
11980
12134
12134
12134
12288
12441
12134
12288
12441
12589
12743
12897
12897
12897
13050
13204
13204
13357
13505
13352
13505
13505
13505
13505
13659
13659
13505
13659
13659
13659
13659
13812
13812
13511
13511
13511
13511
13664
13511
13511
13511
13511
13511
13511
13511
13511
13516
13516
13516
13516
13516
13516
13516
13516
13516
13516
13516
13516
13516
13516
13516
13516
13516
13516
13516
13516
13516
13516
13516
13516
13516
13516
13516
13670
13516
13516
13516
13516
13516
13516
13516
13516
13516
13516
13516
13670
13516
13516
13516
13516
13516
13516
13516
13516
13516
13516
13516
13516
13516
13516
13516
13516
13516
13516
13516
13516
13516
13516
13516
13516
13516
13516
13516
13516
13516
13516
13516
13516
13516
13670
13670
13670
13516
13516
13516
13516
13516
13516
13670
13516
13516
13516
13516
13516
13516
13516
13516
13516
13516
13516
13516
13670
13516
13516
13511
13511
13511
13511
13511
