9227
9069
9223
9373
9523
9676
9826
9826
9979
10129
10129
10129
10282
9668
9519
9672
9830
9834
9988
9988
10141
10137
10291
10286
10286
10436
10129
9216
8451
7686
7686
7836
8297
8448
8758
9066
9223
9373
9527
9676
9830
9830
9826
9369
8908
9062
9365
9519
9672
9668
9822
9975
9979
10137
10141
10295
10291
9984
9066
8301
8455
8758
8912
9216
9369
9519
9672
9826
9822
9975
9975
10133
10291
9680
9219
9373
9523
9676
9826
9826
9979
9975
10129
10129
10282
10282
10282
10431
10282
10440
10440
10444
10440
10440
10440
10589
10589
10589
10589
10589
10589
10585
9826
9212
9365
9519
9668
9826
9984
10137
10137
10137
10286
10286
10282
10436
10436
10129
9212
9212
9365
9515
9668
9822
9822
9975
10129
10133
10291
10286
10286
10440
10436
10133
9519
9672
9826
9822
9975
9975
10129
10129
10282
10278
10278
10436
10440
10440
10440
9984
9219
9369
9523
9672
9826
9826
9975
10129
10129
10129
10282
10278
10278
10431
10436
10286
9830
9979
10133
10133
10129
10282
10282
10282
10436
10436
10431
10431
10431
10585
10585
10278
10278
10436
10440
10444
10440
10593
10593
10593
10589
10589
10589
10589
10585
10585
10585
9975
9365
9519
9668
9668
9822
9979
10133
10137
10291
10286
10286
10286
10436
10436
10436
10436
10129
9212
9365
9515
9668
9822
9822
9975
10124
10129
10282
10286
10291
10449
10444
10444
10440
10286
9369
8605
7840
7840
8144
8451
8755
8905
9212
9365
9515
9668
9822
9822
9979
10133
10137
10291
10286
9830
9369
9519
9672
9826
9979
9975
10129
10129
10282
10282
10278
10278
10431
10431
10431
10589
10593
9676
9830
9830
9979
9979
10133
10129
10282
10282
10282
10436
10431
10431
10431
10431
10431
10585
10431
10431
10589
10593
10593
10589
10589
10589
10589
10589
10589
10585
10585
10585
10585
10585
10585
10585
9668
9365
9515
9668
9826
9979
9984
10137
10133
10286
10286
10282
10436
10436
10436
10436
10436
10431
10129
9212
8780
9088
9393
9547
9700
9700
8934
8630
8934
9239
9547
9850
9393
8630
8626
8931
9081
9231
9227
9377
9373
9369
9523
9519
9672
9668
9668
9822
9818
9818
9818
9818
9814
9971
10124
10282
9672
9668
9822
9822
9818
9818
9818
9818
9511
9511
9664
9660
9660
9814
9814
9814
9814
9814
9814
9967
10120
10278
10436
10436
9672
9365
9519
9519
9668
9668
9668
9664
9818
9511
9664
9664
9664
9814
9814
9814
9814
9814
9814
9814
10124
10278
10431
10589
10743
9984
2307
2922
3689
4304
4917
5529
5990
6294
6755
7062
7523
7526
7680
7983
8137
8287
8287
8440
8594
8590
8744
8897
8901
1076
2306
3383
3996
4609
5224
5683
6144
6448
6755
6755
6602
6755
7216
7676
8290
8598
8908
9062
9058
8598
7987
7830
7983
8137
8290
8287
8440
8747
9058
9365
9519
8751
8598
8598
8751
8747
8901
8901
8901
9054
9054
9208
9515
9212
9212
9212
9212
9208
9208
9208
9208
9208
9204
9204
9204
9357
9212
9208
9208
9208
9208
9204
9204
9204
9204
9204
9204
9204
9357
9054
9054
9054
9208
9204
9204
9204
9204
9204
9204
9204
9204
9357
