1852
2777
3854
4621
5543
6308
7074
7532
8144
8601
9216
9676
9676
9219
9676
9979
10282
10436
10738
10738
11045
11194
11347
11500
11649
11649
11649
11802
11955
11955
12109
12109
12104
12104
12257
12257
12257
12257
12257
12257
12257
12410
12410
12410
12410
12410
12410
12568
12568
12420
11812
11960
11960
12114
12109
12262
12262
12109
12262
12262
12262
12257
12257
12257
12257
12257
12410
12410
12410
12410
12257
12257
12410
12410
12410
12410
12410
12410
12410
12410
12410
12410
12410
12410
11198
11352
11500
11654
11649
11802
11955
11802
11955
11950
12104
12104
12104
12257
12257
12257
12257
12257
12257
12405
12405
12405
12410
12410
12405
12405
12405
12405
12405
12405
12405
12405
12405
12410
12410
12563
12563
11960
12114
12109
12109
12262
12257
12257
12257
12104
12257
12257
12257
12257
12410
12410
12410
