1852
2776
3852
4927
5848
6769
6769
7228
7993
8448
9058
9365
9668
9971
10278
10580
10882
11036
11189
11337
11491
11644
11797
11950
11945
11945
12099
12099
12252
12252
12252
12252
12252
12405
12405
12405
12405
12405
12405
12553
12558
12716
12109
12109
12257
12257
12257
12410
12405
12405
12405
12405
12405
12405
12558
12405
12405
12553
12553
12553
12553
12553
12553
12553
12553
12553
12553
12553
12553
12553
12553
12553
12553
12553
12553
12553
12553
12558
12711
12870
12870
12722
11960
11960
12109
12109
12257
12257
12257
12104
12257
12257
12252
12405
12405
12405
12405
12405
12400
12400
12553
12553
12553
12553
12553
12553
12553
12553
12553
12553
12553
12553
12553
12553
12553
12553
12553
12711
12563
12109
12104
12104
12257
12257
12410
12405
12405
12405
12405
12405
12405
12400
12553
12553
