2005
2775
3697
4617
5538
6151
6764
7222
7372
7987
8601
9216
9676
9830
9369
9519
9826
9975
10124
10278
10427
10580
10734
10734
10882
11036
11036
11036
11189
11189
11342
11654
11807
11960
12119
11505
10896
11045
11045
11194
11194
11194
11194
11342
11189
11342
11342
11342
11342
11342
11491
11496
10891
10887
10887
11040
11040
11189
11189
11189
11189
11189
11189
11184
11337
11337
11337
11337
11337
10129
10129
10278
10431
10580
10734
10734
10882
10882
10729
10882
10882
11036
11036
11184
11184
11184
11184
10431
10580
10734
10734
10882
10882
11036
11036
11184
11036
11031
11184
11184
11184
11337
11337
11337
11337
616
1541
2617
3848
4923
6000
6766
7532
7686
7529
7833
8294
8598
8901
9054
9357
9511
9660
9814
10274
9822
9971
10124
10124
10274
10274
10427
10423
10576
10576
10576
10576
10124
9967
10120
10274
10274
10423
10423
10576
10576
10576
10571
10725
10729
10124
10120
10274
10274
10423
10423
10576
10576
10576
10571
10725
10725
10725
9822
9822
9971
10124
10120
10120
10120
10120
10274
10274
10274
10274
10274
10274
465
1704
3095
4329
5407
6483
7252
7557
10629
10629
10629
10629
10629
10629
10629
10629
10629
10629
10629
10629
10629
10629
10629
10629
10629
10629
10629
10629
10629
10629
10629
10629
10629
10629
10629
10629
10629
10629
10629
10629
10629
10629
10629
10629
10629
10629
10629
10629
10629
10629
10629
10629
10629
10629
10629
10629
10629
10629
10629
10629
10629
10629
10629
10629
10629
10629
10629
10629
10629
10629
10629
10629
10475
10475
10475
10475
10475
10629
10629
10629
10629
10629
10629
10629
10629
10475
10475
10475
10475
10475
10629
10629
10629
10629
10629
10629
10629
10629
10629
10629
10629
10629
10629
10629
10629
10629
10629
10629
10629
10629
10629
10629
10629
10629
10629
10629
10629
10629
10624
10629
10629
10629
10629
10629
10629
10629
10629
10629
10475
10475
10475
10475
10629
10629
10629
10629
10629
10629
10629
10629
10629
10629
10321
10321
10475
10475
10475
10475
10475
10475
10475
10475
10475
10475
10475
10629
10629
10475
10475
10475
10475
10475
10475
10475
10629
10629
10629
10629
10629
10629
10629
10629
10629
10475
10475
10475
10475
10475
10475
10475
10629
10629
10629
10629
10629
10629
10629
10629
10321
10475
10475
10475
10475
10475
10475
10629
10629
10629
10629
10629
10629
10629
10629
10629
10321
10475
10475
10475
10475
10475
10475
10475
10475
10629
10629
10629
10629
10629
10629
10629
10321
10321
10475
10475
10475
10475
10475
10475
10629
10629
10629
10629
10629
10629
10629
10629
10475
10321
10321
10475
10475
10475
10475
10475
10475
10475
10475
10629
10629
10629
10629
10629
10629
10475
10475
10475
10475
10475
10475
10475
10629
10629
10629
10629
10629
10629
10629
10629
10629
10629
10321
10475
10475
10475
10475
10475
10475
10475
10629
10629
10629
10629
10629
10629
10629
10629
10629
10321
10475
10475
10475
10475
10475
10475
10475
10629
10629
10629
10629
10629
10629
10629
10629
10629
10629
