2161
2623
3854
4775
5389
6002
6154
6613
7071
7529
7836
8294
8448
8751
8905
9208
9361
9515
9058
9212
9365
9515
9668
9822
9822
9971
9971
10124
10124
10274
10124
10274
10274
10274
10427
10427
10427
10427
10427
10427
10427
10580
10580
10427
10580
10580
10580
10580
10580
10580
10580
10580
10585
10738
10896
10593
9984
9979
10133
10129
10282
10282
10278
10129
10124
10278
10278
10278
10431
10427
10274
10427
10427
10427
10427
10580
10580
10580
10580
10580
10580
10580
10580
10580
10580
10580
10580
10580
10580
10580
10734
9975
9975
10129
10124
10124
10278
10278
10431
10427
10427
10427
10427
10427
10580
10580
10427
10580
10580
10580
10580
10580
10580
10580
10580
10580
10580
10580
10580
10580
10734
10580
10580
10580
10580
10580
10734
10738
10891
10436
10436
10436
10436
10431
10585
10585
10585
