2006
3084
4161
5237
6002
6769
7074
7686
8297
8755
9212
9668
9216
9369
9672
10129
10436
10585
10431
10738
10887
11040
11194
11342
11496
11649
11649
11802
11950
11950
11950
12104
12104
12104
12257
12257
12257
12257
12257
12257
12405
12405
12405
12252
12252
12405
12410
12568
12568
12119
12114
12114
12262
12262
12262
12262
12257
12257
12410
12410
12410
12410
12257
12410
12410
12410
12410
12405
12405
12410
12410
12410
12410
12410
12410
12410
12410
12410
12410
12410
12410
12410
12410
12410
12563
12568
12722
12727
12727
12574
11505
11659
11659
11807
11960
11960
12109
12109
12109
12262
12262
12257
12257
12257
12410
12257
12410
12410
12410
12410
12410
12410
12410
12410
12410
12410
12410
12563
12558
12558
12405
12405
12405
12405
12563
12722
12722
12420
11356
10896
11203
11352
11505
11654
11654
11807
11802
9242
9705
10008
10312
10620
10923
10162
9242
9242
9705
10008
10312
10620
10923
10008
9088
9242
9700
10008
10312
10620
10923
10162
9242
9242
9700
10008
10312
10620
10923
10312
9396
8938
9396
9854
10162
10466
10774
10774
9700
8938
9242
9705
10008
10466
10620
10923
10316
9396
8938
9396
9705
10162
10466
10774
10923
10162
9246
8938
9396
9700
10162
10466
10774
10928
10008
9246
8938
9396
9854
10162
10466
10774
10923
10162
9242
8938
9396
9700
10162
10466
10774
10923
10312
9396
8630
9246
9550
10008
10316
10620
10928
10928
9854
9092
8938
9396
9859
10162
10466
10774
11077
10466
9550
8784
9092
9550
9854
10158
10462
10607
10756
10910
10602
10752
11054
11049
11203
11352
11505
11505
11505
11500
11654
11654
11802
11802
11955
11955
11955
11802
11955
11955
12109
12104
12104
12104
12257
12104
12104
12104
12104
12104
12257
12262
12415
12119
11203
11203
11352
11505
11654
11807
11807
11960
12109
11960
11955
12109
12109
12262
12257
12257
12257
12257
12257
12257
12410
12410
12410
12410
12410
12410
8780
9085
9393
9696
10004
9239
8626
8934
9393
9696
9850
9696
8934
8626
8934
9239
9547
9850
9547
8780
8780
9085
9393
9696
10004
9393
8626
8780
9239
9547
9850
10004
9393
8626
8934
9239
9543
9850
10158
9393
8630
8934
9239
9547
9850
10158
9547
8780
8780
9242
9547
9854
10004
9850
9088
8630
9088
9393
9700
10004
10158
9393
8630
8780
9242
9547
9850
10004
10004
9088
8630
8934
9239
9700
9850
10158
9700
8934
8780
9242
9547
9854
10004
10158
9547
8784
8780
9242
9547
9854
10004
10312
9547
8784
8780
9088
9547
9700
10004
10312
9700
8780
8630
9088
9393
9700
9850
10158
10004
9088
8476
8780
9242
9547
9854
10004
10158
9393
8630
8630
9088
9393
9700
10004
10158
10004
9088
8476
8934
9239
9547
9850
10004
10158
9696
8934
8167
8626
8934
9393
9696
9850
10158
9850
8934
8476
8934
9239
9547
9850
10158
10308
9700
8934
