1860
2632
3714
4793
5870
6637
7097
7866
8479
9092
9705
10008
10466
10769
11231
11380
11688
11837
11990
12298
12451
12446
12600
12754
12754
12907
12907
13056
13056
13056
13209
13209
13209
13209
13363
13363
13363
13363
13363
13363
13363
13363
13363
13363
13516
13511
13511
13511
13511
13511
13511
13511
13516
13516
13516
13516
13516
13516
13516
13516
13516
13516
13516
13516
13516
13516
13516
13516
13516
13516
13516
13516
13516
13516
13516
13516
13516
13516
13516
13516
13516
13516
13516
13516
13363
13516
13516
13516
13516
13516
13516
13516
13516
13516
13516
13516
13516
13516
13516
13516
13516
13516
13516
13516
13516
13516
13516
13516
13516
13516
13516
13516
13516
13516
13516
13516
13516
10475
10475
10475
10475
10629
10629
10629
10629
10629
10629
10629
10629
10629
10321
10475
10475
10475
10475
10475
10475
10475
10475
10629
10629
10629
10475
10475
10475
10475
10475
10475
10475
10475
10629
10629
10629
10629
10629
10475
10475
10475
10475
10475
10475
10475
10629
10629
10629
10629
10629
10629
10475
10475
10475
10475
10475
10475
10475
10629
10629
10629
10629
10629
10629
10629
10321
10475
10475
10475
10475
10475
10475
10629
10629
10629
10629
10629
10629
10475
10475
10475
10475
10475
10475
10475
10475
10475
10475
10475
10475
10475
10629
10475
10475
10475
10475
10475
10475
10475
10475
10475
10629
10629
10629
10629
10629
10629
10475
10475
10475
10475
10475
10475
10629
10629
10629
10629
10629
10629
10629
10629
10321
10475
10475
10475
10475
10475
10475
10629
10629
10629
10629
10629
10629
10629
10629
10475
10475
10475
10475
10475
10475
10475
10475
10629
10629
10629
10629
10629
10629
10629
10321
10475
10475
10475
10475
10475
10475
10475
10629
10629
10629
10629
10629
10629
10629
10321
10475
10475
10475
10475
10475
10475
10475
10475
10475
10475
10475
10475
10629
10629
10629
10321
10321
10321
10321
10475
10475
10475
10475
10475
10475
10475
10629
10629
10629
10629
10629
10321
10475
10475
10475
10475
10475
10475
10475
10629
10629
10629
10629
10629
10629
10629
10629
10321
10475
10475
10475
10475
10475
10475
10475
10475
10629
10629
10629
10629
10629
10629
10629
10321
10321
10475
10475
10475
10475
10475
10475
10629
10629
10629
10629
10629
10629
10629
10629
10629
10321
10321
10475
10475
10475
10475
10475
10475
10475
10629
10629
10629
10629
10629
10629
10629
10629
10321
10321
10321
10475
10475
10475
10475
10475
10475
10475
10629
10629
10629
10629
10629
10629
10629
10321
10321
10475
10475
10475
10475
10475
10475
10475
10475
10629
10629
10629
10629
10629
10629
10629
10321
13659
13659
13659
13659
13659
13659
13659
13659
13659
13659
13659
13659
13659
13659
13659
13659
13659
13659
13659
13659
13659
13659
13659
13659
13659
13659
13659
13659
13812
13812
13812
13812
13812
13812
13812
13812
13812
13812
13812
13812
13812
13812
13812
13812
13812
13812
13812
13812
13659
13659
13659
13659
13659
13664
13664
13664
13659
13659
13659
13659
13659
13659
13659
13659
13664
13664
13664
13659
13659
13659
13659
13659
13659
13659
13659
13659
13664
13664
13659
13659
13812
13812
13812
13659
13659
13812
13812
13812
13812
13812
13812
13812
13812
13812
13812
13812
13659
13812
13812
13812
13812
13812
13659
13659
13659
13659
13659
13659
13659
13664
13659
13659
13659
13812
13812
12754
12754
12754
12754
12754
12754
12600
12600
12600
12600
12600
12754
12605
12600
12600
12600
12600
12600
12600
12298
12298
12451
12451
12451
12451
12298
12451
12451
12451
12451
12451
12605
12298
12451
12451
12451
12451
12600
12451
12451
12451
12451
12605
12605
12600
12605
12605
12600
12600
12600
12600
12600
12600
12605
12600
12600
12754
12754
12754
12451
12446
12600
12600
12600
12605
12600
12605
12600
12600
12600
12600
12600
12600
12600
12600
12600
12754
12754
12754
12754
12754
12754
12600
12600
12600
12754
12754
12754
12600
12600
12754
12754
12754
12754
12600
12600
12600
12600
12600
12600
12754
12754
12754
12754
12600
12600
12600
12600
12600
12600
12754
12600
12600
12600
12600
12600
12600
12600
12600
12600
12600
12600
12600
12754
12754
12754
12754
12754
12600
12600
12600
12600
12754
12754
12754
12754
12600
12600
12600
12600
12600
12754
12754
12754
