7987
8140
8444
8747
8901
9204
9361
9519
9676
9830
9979
9975
9975
9212
8448
8444
8751
8901
9208
9361
9519
9676
9826
9826
9975
9975
10124
9971
9054
9054
9208
9357
9515
9668
9826
9979
9979
10129
10129
10278
10278
10278
9515
9054
9208
9361
9515
9672
9830
9979
9979
10129
10129
10278
10278
10274
9971
9208
9204
9515
9672
9826
9826
9975
10129
10124
10124
10278
10274
10274
10427
9814
8905
9054
9208
9357
9511
9660
9814
9814
9967
10116
10116
10274
10278
10436
9822
9212
9361
9515
9664
9664
9814
9967
9967
10120
10116
10274
10278
10436
10436
9975
9212
9361
9515
9664
9818
9967
9967
10120
10120
10278
10282
10278
10431
10431
10427
9511
9361
9511
9511
9660
9814
9967
9967
10124
10129
10282
10282
10431
10431
10427
10274
9357
9357
9511
9660
9814
9814
9971
10129
10133
10282
10282
10278
10431
10427
10427
10274
9357
9204
9357
9511
9664
9822
9975
10133
10129
10129
10278
10278
10278
10427
10427
10427
9664
9204
9357
9511
9668
9826
9979
9975
10129
10124
10278
10278
10274
10427
10427
10427
10274
9511
9204
9361
9519
9676
9834
9838
9992
9996
10150
10150
10154
10308
10308
10312
10312
10162
9396
8479
7866
7097
6483
617
1542
2620
3543
4311
5079
5846
6305
6917
7222
7683
7990
8455
8608
8912
9066
9062
8758
8451
8451
8755
8908
9062
9212
9365
9365
9515
9668
9668
9822
9822
9979
9979
10137
10141
10295
9834
9066
8301
8301
8605
8758
9062
9216
9365
9519
9672
9822
9822
9975
9975
10124
10124
10282
10286
9984
9830
9826
9979
9979
10129
10129
10282
10282
10278
10278
10431
10431
10431
10431
10431
10585
10278
10282
10440
10444
10444
10444
10444
10593
10593
10593
10593
10589
10589
10589
10589
10589
10585
9826
8908
7990
7836
8144
8448
8755
8912
9219
9377
9531
9680
9680
9830
9984
9979
10133
10133
10282
10282
9826
8908
8144
7532
7683
7990
8294
8601
8905
9058
9369
9527
9676
9676
9826
9979
9979
10129
10129
10282
10282
9822
