8791
9100
9254
9250
9404
9558
9558
9713
9709
9863
9863
10017
10017
9558
9096
8637
7869
7564
7869
8178
8486
8637
8945
9100
9250
9250
9404
9558
9713
9713
9558
9100
8486
8023
7409
7409
7718
8023
8332
8486
8791
8945
9100
9250
9404
9558
9558
9713
9250
8791
8486
7872
7258
6795
6795
7103
7409
7718
8023
8332
8637
8791
8945
9100
9250
9404
9558
9558
9250
8945
8332
8332
8641
8791
8945
9100
9250
9404
9558
9558
9713
9713
9867
9863
9863
9558
9100
8486
7872
8023
8332
8637
8791
8945
9100
9250
9404
9558
9713
9713
9863
9863
9863
9713
9100
8483
8791
8945
9100
9250
9404
9558
9558
9709
9709
9863
9863
10017
10017
10017
9404
8945
8328
7715
7100
6640
6795
7255
7564
7869
8178
8483
8637
8945
9100
9250
9404
9558
9558
9713
9404
8945
8486
7872
7258
6795
6795
7103
7564
7872
8178
8486
8637
8945
9100
9250
9404
9558
9558
9713
9713
9250
8637
8023
7409
6949
7103
7564
7872
8178
8332
8637
8791
8945
9254
9250
9404
9558
9713
9713
9713
9558
9100
8637
8023
7409
7718
8023
8332
8637
8791
8945
9100
9250
9404
9558
9558
9713
9713
9863
9863
10017
9558
8791
8178
7718
8023
8332
8483
8791
8945
9096
9250
9404
9558
9558
9709
9709
9863
9863
9863
9709
9250
8791
8328
8483
8637
8791
9096
9250
9404
9404
9558
9709
9709
9863
9863
9863
10017
10017
9863
9404
9096
8637
8178
7564
7255
7564
7869
8178
8486
8637
8945
9100
9250
9404
9558
9558
9713
9713
9867
9863
9713
9404
8791
8178
7564
7103
6488
6334
6643
7103
7564
7872
8178
8486
8637
8945
9100
9250
9404
9404
9558
9713
9713
9867
9558
9250
8637
8027
8178
8332
8637
8791
8945
9100
9250
9404
9558
9713
9713
9867
9863
9863
10017
10017
9867
9558
8945
8332
7718
7103
6643
6179
6027
6334
6643
7103
7564
7872
8178
8486
8637
8791
8945
9100
9250
9404
9558
9713
9713
9713
9558
9100
8486
7872
7258
6795
6949
7258
7718
8023
8332
8486
8791
8945
9096
9250
9404
9404
9558
9713
9709
9863
9863
9863
9558
9250
8637
8328
8637
8791
8945
9096
9250
9250
9404
9404
9558
9558
9558
9713
9713
9709
9863
9863
9863
9863
9863
9863
9558
9096
8945
9096
9250
9404
9558
9554
9709
9709
9863
9863
9863
10017
10017
10017
10171
10171
10171
10017
9558
9096
8637
8178
7718
7255
12139
12288
12441
12595
12595
12134
12139
12288
12441
12595
12595
12288
12441
12595
12595
12743
12288
12288
12441
12595
12748
12748
12288
12441
12595
12595
12595
12441
12139
12293
12441
12595
12748
12595
12139
12293
12441
12288
12293
12139
11683
11832
12139
12293
12441
12441
11837
11832
11985
12139
12293
12441
12139
11985
12139
12293
12441
12595
12595
11985
12139
12293
12446
12595
12748
12293
12139
12293
12441
12595
12748
12595
11837
11985
12139
12293
12441
12595
12441
12139
12293
12441
12441
12595
12748
12441
12595
12595
12748
12902
12897
13050
12139
12288
12441
12595
12595
12748
12897
12139
12139
12288
12441
12595
12595
12743
12134
12288
12441
12595
12595
12748
12897
12441
12293
12288
12441
12595
12748
12902
12748
12139
12288
12441
12595
12748
12743
12897
9547
9700
10004
10158
10466
10312
9700
9700
10004
10158
10466
10466
9854
9547
9854
10004
10158
10466
10158
9393
9547
9854
10004
10312
10466
9854
9242
9547
9854
10004
10312
10466
9854
9396
9700
9854
10158
10312
10466
9700
9242
9393
9700
10004
10312
10462
9850
9242
9547
9850
10004
10158
10462
10004
9393
9239
9547
9850
10158
10308
10308
9700
9393
9547
9854
10004
10312
10462
9846
9081
8311
8308
8462
8612
8608
8758
8912
9219
9527
9527
8916
8912
9066
9062
9062
9058
9058
9212
9212
9365
9519
9216
9216
9212
9212
9212
9208
9208
9208
9208
9208
9361
8605
8451
8605
8601
8755
8751
8905
8905
8901
9054
9054
9208
620
1703
2785
3865
4945
5713
6483
6789
7403
8017
8476
8780
9239
9547
9696
10004
10158
10462
10616
10765
10765
10919
11073
11073
11226
11226
11380
11380
11380
11529
11529
11529
11683
11683
11529
11529
11529
11683
11683
11683
11837
12600
12600
12600
12600
12600
12600
12446
12446
12446
12446
12446
12451
12451
11688
11841
11841
11837
11990
11990
11990
11688
11534
11534
11688
11837
11990
12144
11688
11534
11688
11837
11990
11990
12144
12144
12144
12298
12298
12293
12446
12446
12293
12293
12446
12451
12451
12446
12298
12451
12451
12451
12446
12446
12446
12451
12451
12451
12451
12600
12600
12600
12451
12446
12446
12446
12446
12600
12600
12600
12446
12446
12446
12600
12600
12600
12600
12446
12446
12446
12600
12600
12600
12600
12451
12446
12446
12446
12446
12600
12600
12600
12446
12446
12446
12600
12600
12600
12600
12446
12446
12446
12600
12600
12600
12600
12600
12446
12446
12446
12446
12600
12600
12600
12600
12446
12446
12446
12446
12446
12446
12600
12600
12451
12451
12451
12600
12600
12600
12600
12600
12600
12451
12451
12451
12451
12605
12605
12600
12600
12451
12451
12451
12446
12605
12605
12605
12600
