7872
8178
8486
8641
8791
9100
9254
9404
9404
9558
9713
9713
9867
9250
8791
8332
7718
7258
7564
7872
8178
8332
8637
8791
8945
9254
9404
9404
9558
9713
9713
9250
8791
8178
7564
7872
8178
8332
8637
8791
8945
9096
9250
9404
9558
9558
9709
9709
9558
9096
8483
7869
7869
8178
8483
8637
8945
9100
9250
9404
9404
9558
9713
9713
9867
9713
9404
8791
8332
8178
8486
8637
8791
9100
9254
9404
9404
9558
9713
9713
9867
9863
9867
9404
8945
8641
7872
7258
7409
7872
8178
8332
8637
8791
8945
9250
9404
9404
9558
9713
9713
9713
9558
8945
8332
7718
7718
8023
8332
8641
8791
8945
9100
9250
9404
9558
9558
9713
9713
9867
9558
9100
8637
8023
7409
7103
7564
7872
8178
8332
8641
8791
8945
9100
9250
9404
9558
9558
9713
9713
9558
9100
8637
8178
8486
8637
8791
9100
9250
9250
9404
9558
9713
9713
9863
9863
9863
10017
9558
9250
8791
8332
7718
7564
7869
8178
8483
8637
8945
9096
9250
9250
9404
9558
9709
9709
9863
9863
9709
9250
8637
8023
7409
6949
6488
6640
7103
7409
7872
8178
8332
8637
8791
8945
9250
9250
9404
9558
9713
9713
9713
9558
8791
8178
8332
8483
8791
8945
9100
9250
9404
9558
9558
9713
9713
9867
9863
9863
10017
9863
9713
9254
8486
7872
8023
8332
8637
8791
8945
9100
9250
9404
9558
9558
9713
9867
9863
9863
10017
9863
9713
9254
8486
7872
7258
6949
7409
7718
8023
8332
8486
8791
8945
9100
9250
9404
9558
9558
9713
9709
9863
9709
9404
8945
8328
7715
7255
6949
7409
7715
8023
8332
8483
8791
8945
9096
9250
9404
9558
9709
9709
9863
9863
9863
9554
9404
8791
8637
8791
8945
9096
9250
9404
9558
9558
9713
9863
9863
9863
10017
10017
10017
10017
10017
9863
9404
8637
8023
7409
6949
6795
7258
7564
7872
8178
8486
8637
8945
9100
9254
9404
9558
9558
9713
9867
9863
9863
9404
8945
8637
8178
7718
7718
8023
8332
8641
8791
8945
9100
9250
9404
9558
9558
9713
9867
9863
9863
10013
10008
9850
9385
8766
7843
7538
7843
8147
8451
8601
8905
9058
9208
9361
9672
9830
9826
9979
9975
10129
10124
10124
10124
9511
8751
8901
9054
9357
9511
9511
9660
9814
9814
9967
10124
10129
10282
10282
10282
10431
10431
10427
9664
8476
8780
9242
9547
9854
9393
8630
8630
8934
9242
9393
9547
9393
8630
8171
8630
9088
9239
9393
9547
8780
8017
8476
8780
9242
9547
9700
9088
8322
8322
8780
9088
9547
9700
9396
8630
8171
8630
8934
9088
9239
9393
9242
8322
7862
8476
8780
9239
9393
9547
9088
8322
8167
8626
8934
9085
9239
9393
9239
8476
7862
8322
8780
9088
9393
9700
9393
8476
8017
8476
8780
9242
9239
9239
9235
9231
8919
8150
8147
8297
8451
8601
8908
9216
9373
9527
9219
8762
8758
8908
8908
8905
9058
9058
9054
9054
9208
9515
9062
9058
9212
9208
9208
9208
9208
9208
9204
9204
9204
9204
8905
8901
9054
9054
9054
9051
9204
9204
9204
9204
9204
9357
771
1850
2774
3543
4309
5077
5690
6149
6607
6761
6761
7065
7526
7830
7983
8444
8905
9212
8908
8297
7990
8144
8294
8601
8751
8905
9054
9208
9208
9361
9054
9208
9204
9357
9357
9511
9511
9660
9660
9818
9369
9523
9676
9984
10137
10291
10449
9992
9227
8923
9231
9539
9842
9996
10304
10457
10000
13516
13516
13516
13516
13516
13363
13363
13516
13516
13516
13363
13516
13516
13516
13516
13516
13516
13516
13516
13516
13516
13516
13516
13516
13516
13516
13516
13516
13516
13516
13516
13516
13516
13516
13516
13516
13516
13516
13516
13511
13511
13516
13516
13516
13511
13511
13511
13511
13511
13511
13511
13511
13511
13516
13511
13511
13511
13511
13511
13511
13511
13511
13511
13511
13516
13516
13516
13516
13516
13516
13516
13516
13516
13516
13516
13516
13516
13516
13516
13516
13516
13516
13516
13363
13516
13516
13516
13516
13516
13516
13516
13516
13516
13516
13516
13516
13516
13516
13516
13516
13516
13516
13516
13516
13516
13516
13516
13516
13516
13516
13516
13516
13516
13516
13516
13516
