9254
9254
9254
9404
9558
9713
9713
9867
9867
9863
10017
10017
10017
10017
9713
9100
8332
7718
7718
8023
8332
8486
8791
8945
9100
9250
9404
9558
9558
9713
9713
9404
8791
8178
7718
7409
7718
8023
8332
8486
8791
8945
9100
9250
9404
9558
9558
9709
9713
9250
8637
8023
7409
6795
6640
7103
7409
7869
8178
8328
8637
8791
8945
9096
9250
9404
9558
9404
9100
8637
8023
7409
6949
7255
7718
8023
8178
8486
8791
8945
9100
9250
9404
9558
9558
9713
9404
9100
8486
8023
7564
7872
8178
8486
8637
8791
9100
9254
9250
9404
9558
9713
9713
9867
9558
9100
8637
8332
7872
8023
8332
8641
8791
8945
9100
9250
9404
9558
9713
9713
9863
9863
9863
9558
9100
8637
8023
8178
8486
8637
8791
9100
9250
9404
9404
9558
9713
9713
9863
9863
10017
9558
9100
8486
7718
7258
6640
6640
7103
7564
7872
8178
8332
8637
8791
8945
9254
9404
9404
9558
9713
9709
9404
8945
8483
7869
7718
7869
8178
8483
8637
8945
9096
9250
9404
9404
9558
9709
9709
9863
9863
9713
9558
9096
8637
8486
8637
8945
9100
9250
9404
9404
9558
9713
9713
9867
9863
9863
10017
10017
9863
9558
9100
8332
7718
7103
7103
7564
7872
8178
8332
8637
8791
8945
9100
9250
9404
9558
9558
9713
9713
9713
9558
9250
8637
8023
7564
7872
8178
8486
8637
8791
9100
9250
9404
9404
9558
9713
9713
9867
9863
10017
9867
9558
9100
8486
8023
8332
8486
8791
8945
9100
9250
9404
9558
9713
9713
9863
9863
10017
10017
10017
9863
9558
9100
8486
8178
8332
8637
8791
8945
9254
9250
9404
9558
9713
9713
9863
9863
9863
10017
10017
10017
9709
9096
8328
7715
7255
6640
6334
6334
6792
7252
7708
8010
8311
8615
8919
9069
9219
9373
9527
9684
9834
9988
9984
9826
8908
8448
8601
8905
9054
9212
9523
9676
9830
9826
9975
9975
10124
10124
10278
10274
10274
10431
9979
9062
8601
8905
9058
9208
9361
9511
9664
9818
9971
9975
10133
10129
10282
10278
10278
10431
10427
9818
9054
9208
9361
9519
9676
9826
9975
9975
10124
10124
10124
10274
10274
10274
10431
10436
10436
10589
9826
9519
9668
9668
9818
9971
9971
10120
10120
10278
10282
10440
10436
10436
10431
10431
10427
10580
10427
9511
9092
9550
10008
10316
10620
10928
10470
9550
9092
9550
9854
10316
10620
10774
10008
9242
8784
9242
9705
10162
10466
10774
10316
9396
8784
9242
9705
10162
10466
10774
10466
9550
9092
9550
10008
10312
10620
10923
10312
9396
9092
9396
9854
10158
10466
10769
10620
9700
8938
9242
9700
10008
10312
10620
10923
10466
9550
8630
9242
9700
10008
10312
10466
10774
10769
10162
9705
9854
10162
10466
10620
10774
11077
11231
10928
10008
10162
10466
10774
11077
11231
11380
11231
10312
9396
9550
9854
10158
10466
10769
10923
10923
10158
9242
8784
9242
9547
10008
10312
10620
10923
10466
9705
8784
9396
9705
10162
10466
10774
11077
11077
10162
9242
8938
9242
9705
10162
10312
10462
10457
10453
10449
10141
9373
9369
9523
9672
9822
9975
10282
10589
10896
11054
10440
9676
9369
9519
9668
9822
9822
9971
10124
10124
10274
10427
10738
10282
9975
9975
10129
10124
10278
10278
10427
10427
10427
10427
10423
10423
9971
9971
10124
10124
10124
10124
10274
10274
10274
10274
10423
10423
10423
10423
9971
9971
9971
10124
10120
10274
10274
10269
10423
10423
10423
10423
10423
10124
9971
10120
10120
10120
10120
10120
10274
10274
10274
10423
10423
10423
10423
11990
12144
12298
12446
12600
11990
12144
12298
12451
12600
11990
12144
12298
12451
12600
12446
12144
12298
12451
12600
12754
11990
12144
12298
12446
12600
12600
11990
12298
12446
12600
12600
12446
11990
12144
12139
11985
11827
11822
11663
11510
11356
11198
11198
11194
11194
11040
11036
11347
11500
11045
11045
11045
11040
11040
11040
11036
11036
11036
10882
10882
10729
10729
11036
11342
11500
11807
11812
11045
10738
10738
10734
10734
10734
10887
10882
10882
10882
10882
10882
10882
11189
11347
11654
11812
11965
11659
10896
10738
10891
10891
10887
10887
10887
10882
10882
10882
10882
10882
9672
9672
9822
9975
10124
10278
10274
10427
10427
10576
10576
10576
10423
10423
10729
11040
11194
11500
11505
11352
10896
10436
10436
10431
10585
10580
10580
10580
10734
10734
10729
10729
10729
922
1999
3074
4304
5226
6146
6914
7219
7526
7372
6912
7216
7676
8134
8440
8744
9051
9511
9971
10278
10129
9668
9668
9822
9971
10124
10124
10274
10274
10427
10427
10580
10887
10282
10278
10431
10431
10580
10580
10580
10580
10580
10729
10729
10729
10882
