2624
3239
4161
5083
6002
6615
6920
7378
7990
8448
8905
9365
9515
9822
10124
10431
10580
10734
10887
11036
11189
11342
11496
11496
11496
11649
11644
11797
11797
11955
10747
10743
10743
10743
10891
11045
11194
11194
11347
11347
11496
11649
11649
11649
11649
11797
11797
11797
11950
11950
11950
11950
11950
11950
12104
12104
11950
11950
11950
12104
12104
12104
12104
12104
12104
12262
12262
12420
12420
11965
11356
11352
11505
11659
11654
11654
11807
11649
11802
11802
11955
11955
11950
11950
11950
11950
11950
12104
12104
12104
12104
12104
12104
12104
12104
12104
12104
12099
12099
12099
12099
12099
12099
12257
12257
12262
11807
11807
11802
11955
11955
11955
11950
11955
11955
11950
11950
11950
11950
12104
12104
11950
12104
12104
12104
12104
12104
12104
12104
12104
12104
12104
12104
12104
12104
12104
12104
