1853
2469
3394
4318
4931
5699
6159
6310
6615
7074
7532
7990
8297
8601
8908
9058
9361
9515
9668
9818
9971
10124
10124
10278
10431
10427
10427
10427
10580
10580
10580
10734
10734
10734
10734
10734
10734
10887
10734
10734
10734
10734
10734
10887
10891
10436
10436
10585
10585
10585
10738
10738
10585
10738
10734
10734
10734
10734
10887
10580
10580
10580
10580
10580
10734
10734
10580
10734
10734
10734
10734
10734
10734
10580
10734
10734
10734
10734
10734
10887
10734
10734
10729
10882
10882
10882
10887
10891
10436
10436
10585
10585
10585
10738
10734
10734
10580
10734
10734
10734
10887
10887
10887
10734
10734
10887
10887
10882
10882
10882
10882
10882
10882
10882
10882
10882
10882
10882
10882
10882
10882
10882
10882
10882
10882
10882
10882
10882
10882
11040
11040
11198
11203
11203
10440
9830
9979
10133
10129
10282
10436
10431
10431
10129
9854
10158
10462
10765
11068
11217
11059
11212
11361
11510
11510
11659
11659
11659
11807
11807
11960
11955
11955
11955
11955
11955
11955
11955
12109
12109
12109
12109
12109
12104
12104
12104
12104
11955
11955
11955
12109
12109
12109
12257
11955
12109
12109
12109
12109
12267
12272
11970
10901
10747
10896
11049
11198
11352
11505
11500
11500
11654
11807
11807
11955
11955
11955
11955
11955
11955
11955
11955
12109
12109
12262
12109
12109
12257
12257
12257
12257
12257
12257
12104
12257
12257
12257
12257
12257
12257
12257
12257
12257
12257
12257
12262
12415
12420
12272
11203
10593
10743
11049
11198
11352
11505
11654
11807
10891
11045
11347
11500
11654
11654
11802
11802
11802
11955
11955
11955
12109
12109
12109
12257
12257
11802
11955
11955
12109
12109
12262
12257
12257
11955
12109
12109
12109
12104
12104
12104
12257
12257
7228
7686
8144
8755
9212
9519
9975
10282
10431
9822
9975
10278
10585
10734
11040
11194
11347
11496
