3857
4471
5391
6005
6769
7382
7840
8144
8601
9062
9365
9822
10129
10278
10431
10734
10887
11040
11189
11189
11342
11342
11496
11649
11644
11644
11797
11797
11797
11950
11950
11950
11950
11950
12109
12262
12420
11352
11352
11505
11500
11654
11649
11802
11802
11802
11802
11955
11950
11950
11950
11950
11950
12104
12104
12104
12104
12104
12104
12104
12104
12104
12104
12099
12104
12099
12099
12104
12257
12257
12252
11194
11194
11347
11342
11496
11496
11649
11496
11496
11649
11649
11797
11797
11797
11950
11797
11950
11950
11950
12104
12104
12104
12104
12104
12104
12104
12104
12104
12104
12104
12104
12104
12104
12257
12257
12257
12415
11654
11807
11807
11960
11955
11955
12109
12109
11955
12109
12109
12104
12104
12104
12104
12104
12104
12104
12104
12257
12257
12257
12257
12104
12104
12104
12257
12257
12257
12257
12257
10462
10457
10611
10611
10611
10765
10765
10765
10765
10919
10919
10914
10910
10756
10752
10747
10747
10747
10743
10743
10743
10589
10585
10585
10738
10738
10738
10738
10585
10580
10580
10580
10734
10734
10734
10734
10734
10734
10734
10734
10734
10734
10734
10734
10580
10580
10734
10738
10738
10743
10743
10440
9523
8758
9066
9216
9369
9519
9672
9822
9975
9975
9975
10129
10124
10278
10278
10431
10431
10431
10431
10431
10431
10431
10427
10580
10580
10580
10580
10580
10580
10580
10580
10580
10580
10580
10580
10580
10738
10738
10743
10743
10743
10743
10743
9826
8912
8908
9216
9365
9519
9672
9822
9975
10129
9668
9365
9519
9668
9822
9822
9975
10124
10124
10278
10278
10278
10278
10431
10431
10431
10431
10585
10580
10431
10585
10580
10580
10580
10585
10585
10743
10747
10291
9373
9219
9369
9523
9672
9826
9975
9975
10129
10129
10129
10282
10278
10431
10431
10431
10431
10585
10585
10585
10431
10431
10431
10585
10585
10580
10580
10580
10580
10580
10580
10580
10580
10580
10580
10580
10580
10738
10738
10436
11985
12139
12288
12441
12595
12595
12595
12748
12743
12897
12897
12897
13050
13050
13050
13050
13050
13050
13050
13050
13050
13050
13050
13204
13204
13204
13204
13204
13204
13204
13204
13050
13045
12891
12886
12732
12727
12574
12574
12568
12415
12415
12415
12262
12257
12257
12257
12257
12257
12257
12257
12257
12257
12257
12257
12257
12104
12104
12104
12104
12257
12257
12257
12104
12104
12104
12104
12104
12257
12257
12104
12262
12415
12420
12574
12574
11965
11812
11812
11807
11960
11960
11955
11955
11802
11802
11955
11955
11950
11950
12104
11950
11950
11950
12104
12104
12104
12104
12104
11950
11950
12104
12104
12104
12104
12104
12104
12104
12104
12104
12104
12104
12104
12104
12104
12104
12257
12262
12415
12420
12574
11663
11659
11659
11812
11807
11807
11960
11955
13198
13198
13352
13352
13352
13352
13352
13193
13193
13034
12880
12875
12875
12716
12716
12716
12563
12558
12558
12558
12558
12558
12405
12405
12400
12405
12405
12400
12400
12400
12400
12400
12400
12400
12247
12247
12400
12400
12400
12400
12400
12400
12400
12400
12400
12400
12400
12400
12400
12558
12563
12716
12568
12109
12109
12262
12257
12257
12257
12257
12257
12257
12252
12252
12405
12405
12252
12252
12252
12405
12405
12405
12405
12405
12405
12405
12400
12400
12400
12400
12400
12400
12400
12400
12400
12400
12400
12400
12400
12400
12400
12400
12400
12400
12400
12405
12558
12716
12716
12722
12722
11960
11960
11955
12109
12109
12104
12257
12257
12257
12252
12252
12252
12252
12252
12252
12252
12252
12252
12405
12405
12405
12400
12400
12247
12247
12400
12400
12400
12400
12400
