8332
8486
8795
8945
9100
9254
9404
9558
9558
9713
9867
9867
9863
9713
9100
8486
7718
7258
7103
7564
7872
8178
8332
8637
8791
8945
9096
9250
9404
9558
9558
9250
8637
8178
7718
7255
7103
7409
7715
8023
8332
8637
8791
8945
9096
9250
9404
9558
9713
9404
9096
8945
8483
8791
8945
9100
9250
9404
9558
9558
9713
9713
9867
9863
10017
9863
9558
9100
8637
8023
8332
8486
8791
8945
9100
9250
9404
9558
9558
9713
9713
9863
9863
9558
9096
8791
8332
7718
7718
8023
8332
8483
8791
8945
9096
9250
9404
9558
9558
9709
9709
9863
9558
9250
8637
8023
7564
7869
8178
8486
8637
8945
9100
9250
9404
9558
9558
9709
9863
9863
9558
8945
8332
7869
7255
6640
6640
7103
7409
7869
8178
8328
8637
8791
8942
9096
9250
9404
9558
9558
9558
9250
8637
8023
7564
7103
6640
6488
6949
7255
7718
8023
8332
8483
8791
8945
9096
9250
9404
9404
9558
9713
9404
8945
8486
7872
7258
6795
6334
6488
6949
7409
7718
8023
8332
8641
8791
8945
9100
9250
9404
9558
9558
9713
9404
9100
8641
8027
7564
7872
8178
8486
8637
8791
8945
9100
9250
9404
9558
9558
9713
9709
9863
9863
9558
8945
8483
7869
7255
6949
7409
7718
8023
8332
8483
8791
8945
9096
9250
9404
9558
9558
9713
9863
9863
9863
9558
8791
8178
8178
8332
8637
8791
8945
9096
9250
9404
9558
9558
9709
9709
9863
9863
10017
9863
9709
9404
8791
8332
8332
8483
8791
8945
9096
9250
9404
9558
9558
9709
9863
9863
9863
10017
10017
10017
9713
9096
8637
7872
7409
6795
6488
6795
7258
7564
7872
8178
8486
8637
8945
9100
9250
9404
9404
9558
9713
9713
9867
9713
9404
8791
8178
8178
8332
8637
8791
8945
9254
9250
9404
9558
9713
9713
9713
9863
9863
10013
10008
9850
9231
8612
8150
7846
7689
7993
8297
8601
8755
9058
9212
9361
9519
9676
9830
9979
9979
9975
10129
10129
10124
9361
8751
8905
9054
9208
9357
9511
9664
9818
9814
9971
10129
10133
10282
10282
10278
10278
10278
9818
9051
9204
9515
9672
9826
9826
9975
9975
10129
10124
10124
10278
10278
10278
10431
10436
10440
10440
9822
9515
9515
9668
9818
9818
9971
10124
10129
10286
10286
10282
10282
10431
10431
10431
10431
10431
10427
9822
8630
8934
9396
9547
9700
9393
8630
8630
9088
9393
9700
9850
9088
8476
8934
9242
9547
9850
9854
8934
8630
8934
9393
9700
9854
9854
8934
8322
8784
9088
9393
9700
9850
9088
8476
8780
9242
9547
9854
10004
9242
8476
8630
9088
9393
9700
10004
9547
8784
8630
9088
9393
9700
9850
9850
9088
8322
8476
8780
9242
9547
9854
9854
8934
8322
8784
9088
9393
9700
9696
9696
9385
8462
8458
8455
8605
8758
8755
8755
9216
9523
9676
9219
9219
9216
9216
9216
9212
9212
9212
9208
9208
9208
9361
8905
8905
8905
8905
9054
9054
9054
9054
9054
9204
9204
9051
8598
8598
8751
8747
8901
8901
8901
9054
9054
9051
9051
9051
8448
8448
8448
8598
8751
8751
8901
8901
8901
9054
9054
9051
8897
7990
8144
8294
8448
8598
8598
8751
8747
8901
8901
8901
8901
1692
2615
3383
3996
4763
5224
5683
6144
6448
6909
7216
7676
7526
7680
7833
7983
8137
8290
8440
8594
8594
8747
8747
8901
8897
8897
9054
9361
9668
9672
9826
9672
9672
9519
9519
9212
8598
8290
8444
8440
8594
8594
8747
8901
9208
9515
9826
9369
771
1542
2774
3849
4923
5690
6453
6761
7219
7676
8287
8901
9515
9975
9668
9975
10278
10427
10734
10882
11036
11184
11184
11337
11337
11491
11639
11639
11639
10431
10585
10734
10887
11036
11189
11337
11491
11337
11491
11486
11639
11639
11792
11792
11945
10738
10887
11040
11189
11342
11337
11491
11491
11486
11639
11639
11792
11792
11792
11945
11940
2158
3236
4311
5077
5844
6610
7222
7680
8137
8594
8747
9204
9511
9660
9967
10120
10278
10431
10436
9975
9975
10278
10431
10734
10882
11036
11189
11184
11184
11337
11337
11486
11486
11639
11639
11792
11945
11342
11496
11491
11644
11644
11639
11792
11792
11792
11792
11792
11945
11940
11940
11940
11940
11940
12093
11342
11496
11491
11644
11644
11792
11792
11792
11792
11792
11792
11945
11940
11940
11940
11940
11940
12093
12252
11496
11644
11644
11797
11797
11792
11792
11945
11945
11945
11940
11940
11940
11940
11940
11940
11940
12093
12252
11649
11644
11644
11797
11792
11792
11792
11945
11945
11945
11940
11940
11940
11940
11940
11940
11940
12093
12093
12252
