2161
2776
3854
4929
5695
6461
7228
7532
7990
8601
9062
9365
9826
10133
9676
9676
9979
10286
10589
10891
11045
11045
11194
11347
11500
11654
11649
11802
11802
11955
11955
12109
12109
12109
12104
11955
12109
12104
12104
12104
12257
12257
12109
12257
12257
12257
12257
12257
12262
11654
11654
11807
11807
11955
11955
12109
11955
11955
11955
12104
12104
12104
12104
12257
12104
12257
12257
12257
12257
12257
12257
12257
12257
12257
12257
12410
12410
12410
12410
12410
12410
12410
12410
12410
12415
12568
12574
11510
11510
11659
11659
11807
11960
11960
11955
11960
11955
12109
12109
12262
12262
12262
12410
11955
11802
11802
11955
11955
12104
12104
12257
12257
12257
12257
12410
12410
12410
12410
12410
12410
12257
12257
12257
12415
12420
12574
12574
12574
11812
10747
10286
10593
10743
11045
11198
11352
11500
11654
11654
11500
11654
11802
11802
11955
11955
12109
12109
11955
12109
12109
12104
12104
12104
12257
12257
12257
11529
11837
11985
12139
12293
12446
12595
12595
12748
12902
12902
12902
12897
13050
13050
12743
12738
12732
12579
12574
12574
12420
12420
12415
12262
12415
12415
12262
12262
12262
12257
12257
12257
12257
12104
12104
12104
12257
12257
12257
12104
12104
12104
12257
12257
12257
12257
12104
12104
12104
12104
12257
12415
11807
11505
11500
11654
11654
11802
11802
11955
11802
11802
11955
11950
11950
12104
12104
11950
11950
11950
12104
12104
12104
12104
12104
12104
12104
12104
12104
12104
12104
12104
12104
12104
12104
12257
12257
12257
12104
12104
12262
12262
12420
12574
12579
11817
11203
11356
11505
11659
11654
11807
11807
11807
11807
11802
11955
11955
11955
12109
12104
11955
11950
11950
12104
12104
12104
12104
12104
12104
12104
12104
12104
12104
12104
12104
12257
12104
12104
12104
12104
12104
12257
12257
12415
13050
12891
12891
12732
12732
12732
12574
12574
12420
12415
12415
12262
12262
12262
12262
12257
12257
12257
12257
12257
12257
12257
12257
12104
12104
12104
12257
12257
12257
12104
12104
12104
12104
12257
12257
12104
12104
12104
12104
12257
12415
12114
11807
11807
11955
11955
11955
11955
11955
11955
11955
12104
12104
12104
12104
12104
12104
12104
12104
12104
12104
12104
12104
12104
12104
12104
12257
12257
12104
12104
12104
12104
12104
12257
12257
12104
12104
12257
12252
12252
12252
12257
11500
11500
11500
11649
11649
11802
11802
11802
11950
11950
11950
11950
11950
12104
12104
12104
12104
12104
12104
12104
12104
12104
12104
12104
12104
12104
12257
12257
12257
12104
12104
12104
12104
12104
12104
12257
12257
12104
12104
12104
12257
12262
12415
12420
12272
11965
11960
12114
12114
12114
12109
12109
12109
