4157
4771
5536
6302
6914
7526
7983
8440
8744
8744
9204
9664
10124
10431
10891
10133
10129
10282
10431
10580
10734
10882
10882
11031
11031
11184
11342
11342
11347
11352
11352
11045
10585
10734
10734
10882
11036
11036
11184
11184
11184
10734
10729
10882
10882
11031
11031
11184
11180
11333
11333
11180
11491
11644
11802
11955
12109
11802
11189
11189
11337
11337
11337
11337
11486
11486
11486
11644
11189
11189
11342
11337
11337
11337
11486
11486
11486
11486
11486
11639
11797
12104
12262
12415
12109
11500
11194
11189
11189
11184
11337
11337
11337
11337
11486
11644
11194
11189
11342
11342
11337
11491
11491
11491
11486
11486
11486
11486
11639
11797
11950
12109
12262
12415
11812
11198
11352
11347
11347
11342
11342
11496
11491
11491
11491
11486
10431
10585
10734
10882
10882
11036
11031
11184
11184
11333
11333
11333
10576
10576
10729
10878
10878
11031
11026
11180
11180
11333
11333
11333
10576
10729
10725
10878
11031
11026
11180
11180
11333
11333
11328
11328
2003
2771
3846
4767
5687
6297
7062
7520
7980
8284
8587
8740
8287
8747
9051
9357
9660
9963
10116
10269
10418
10571
10725
10873
10873
10873
11184
11491
11644
11955
12109
12109
11802
11649
10580
11837
11990
12144
12298
12446
11990
11990
12298
12451
12446
12446
11837
11837
11678
11673
11515
11515
11356
11352
11352
11198
11194
11194
11194
11036
11194
11500
11505
10743
10743
10738
10738
10887
10887
10887
10887
10882
10882
10882
10882
10882
10882
11189
11347
11654
11505
11045
11045
11045
11040
11040
11040
11040
11036
11036
11036
10882
10882
10882
10882
11189
11500
11654
11659
617
1852
3084
4315
5389
6310
6926
6772
7385
7993
8451
8908
9369
9672
9975
10282
10585
10738
11040
11194
11347
11342
11496
11649
11802
11802
11950
11950
12104
12104
12104
12257
12257
12257
12257
12257
12257
12257
12410
12410
12410
12568
11807
11960
11955
11955
12109
12109
12262
12257
12257
12257
12257
12410
12410
12410
12410
12410
12410
12410
12410
12405
12405
12405
12405
12405
12405
12405
12410
12563
12563
12563
12410
12410
12410
12563
12563
12563
12722
11965
11812
11812
11960
11960
12109
12109
12109
12109
