6914
7068
7529
7987
8294
8598
8747
9054
9204
9357
9511
9660
9814
9668
9515
9668
9818
9818
9967
9967
10120
10116
10269
10269
10274
10431
10436
9672
9212
9361
9511
9664
9818
9814
9967
10120
10116
10274
10278
10282
10440
9676
8758
8297
8448
8598
8905
9054
9361
9511
9664
9664
9822
9975
10133
10129
9975
9212
8294
8444
8598
8901
9054
9204
9357
9515
9668
9826
9979
9975
10129
10124
9822
9361
9511
9664
9664
9814
9967
9971
10129
10282
10282
10278
10278
10427
10427
9818
9204
9357
9511
9660
9814
9971
9975
10133
10129
10278
10278
10278
10274
10427
9967
9204
9357
9511
9664
9822
9822
9979
9979
10129
10129
10278
10278
10278
10427
10427
9664
9054
9204
9361
9515
9672
9826
9975
9975
10124
10124
10278
10274
10274
10274
10423
9660
9204
9361
9519
9676
9830
9979
9979
10129
10129
10124
10278
10274
10274
10427
10427
9660
8901
8444
8598
8901
9051
9204
9357
9507
9660
9814
9963
9963
10116
10116
10274
10278
10129
9365
9361
9515
9664
9818
9818
9967
10120
10120
10120
10269
10274
10278
10436
10440
10444
9838
1077
2000
3075
3843
4763
5376
5990
6602
7062
7520
7827
8134
8440
8751
9058
9212
8901
8137
7523
7827
8134
8440
8744
8897
9208
9365
9519
9672
9822
9822
9971
9971
10124
10124
9967
9051
8897
9051
9361
9365
9523
9680
9834
9838
9992
9996
10150
10154
10308
10308
10312
10312
9854
8938
8171
7406
6792
923
1537
2613
3535
4458
5226
5841
6453
6912
7369
7676
7980
8287
8590
8897
9051
9361
9212
8598
7830
7216
7520
7980
8284
8594
8751
9058
9212
9361
9515
9664
9818
9818
9967
9967
10120
10120
9971
9208
8901
9054
9357
9511
9511
9660
9814
9814
9971
10129
10133
10282
10282
10282
10431
10431
10431
9818
9204
9357
9515
9672
9826
9975
9975
10129
10124
10124
10278
10278
10274
10274
10427
10431
10436
10440
9826
9515
9668
9668
9818
9818
9971
9967
10124
10129
10282
10286
10282
10436
10431
10431
10431
10431
10427
9664
8938
9396
9854
10162
10466
10774
10008
9092
9092
9550
9854
10162
10466
10774
10008
9092
8938
9396
9859
10162
10466
10774
10316
9396
8938
9396
9700
10162
10466
10774
10466
9550
8784
9092
9550
10008
10316
10466
10774
10008
9242
8938
9396
9700
10162
10466
10620
10774
9700
8938
8784
9242
9705
10008
10316
10620
10774
9859
8938
8938
9396
9854
10162
10466
10774
10774
9854
8934
8626
8931
9081
9227
9377
9527
9680
9830
9826
9979
10129
9219
9369
9519
9519
9668
9822
9975
9971
10124
10124
10274
10120
10274
10585
10891
11198
11352
11352
11352
10891
10124
9204
9357
9511
9664
9814
9814
9967
10278
10585
10891
10436
9668
9822
9822
9971
10124
10124
10124
10274
10274
10274
10427
10580
9822
9975
9975
10124
10124
10278
10274
10274
10274
10427
10427
10427
10274
10427
10734
11045
11198
11505
11352
11352
11198
10585
9818
9357
9511
9664
9664
9814
9967
10278
10585
10891
11049
10589
9668
9822
9818
9971
9971
10124
10120
10274
10274
10274
10427
10580
10585
10278
10278
10278
10278
10427
10427
10427
10427
10427
10580
10580
10580
10580
10580
10887
11040
11352
11505
11817
11970
11970
11366
10607
10150
10457
10760
11068
11375
11529
11832
11985
11380
