2160
2929
3851
4773
5384
6151
6610
7222
7683
7987
8290
8751
9054
9357
9664
9818
9515
9668
9971
10124
10274
10427
10580
10580
10576
10729
10882
10882
11036
11031
11031
11031
11184
11184
11496
11649
11807
11807
11045
11198
11194
11194
11194
11347
11342
11342
11342
11342
11342
11342
11342
11337
11337
11491
11337
11496
11649
11960
12114
12267
11812
11049
11203
11198
11198
11194
11347
11347
11347
11342
11189
11189
11342
11342
11342
11342
11342
11342
772
1852
3083
4159
5235
6000
6766
7225
7836
8448
8905
9365
9668
9971
10278
10431
10734
10887
11194
11342
11496
11496
11649
11802
11797
11950
11950
11950
11950
12104
12109
12262
12420
12574
12574
11965
11356
11505
11659
11807
11807
11960
11960
11955
12109
12109
12109
12262
12262
12257
12257
12257
12410
12410
12410
12410
12410
12410
12410
12410
12410
12410
12410
12405
12405
12558
12405
12405
12405
12405
12405
12405
12405
12558
12748
12902
12902
13050
13050
12748
12902
12897
13050
13050
12748
12748
12902
13050
13050
12595
12748
12902
12897
12897
12748
12748
12748
12902
13050
13050
12748
12902
12902
13050
13050
12595
12595
12748
12902
12902
13050
12595
12748
12902
12897
13050
13050
12595
12748
12748
12595
12748
12748
12293
12441
12595
12748
12748
12748
12441
12595
12595
12748
12902
12902
12441
12595
12748
12902
12897
12897
12595
12595
12748
12897
13050
13050
12595
12595
12743
12897
12897
12897
12897
12595
12748
12897
12897
13050
13050
12595
12595
12748
12897
12897
12897
13050
12595
12748
12748
12897
12897
12897
12748
12595
12595
12748
12902
12897
12897
12595
12595
12748
12748
12902
12897
12902
12441
12595
12748
12902
12897
13050
13050
12441
