2007
2931
4008
4929
5697
6461
7228
7532
7993
8451
8908
9365
9672
9975
10129
10431
10585
10738
10887
11040
11194
11194
11194
11347
11496
11649
11649
11802
11649
11807
11807
11965
11965
12119
12119
11356
10440
10286
10440
10743
10891
11045
11194
11347
10738
11045
11194
11347
11500
11649
11649
11649
11802
11802
11802
11955
11955
11955
11955
11955
11955
11955
11955
11955
11955
11955
11955
11955
12114
12114
12272
12272
12272
12124
11208
10137
10291
10593
10747
11049
11203
11352
11505
11505
11500
11654
11654
11807
11802
11955
11955
11802
11802
11955
11955
11955
11955
11955
11955
11955
11955
11955
12109
12109
12104
12104
12104
12104
11955
12109
12114
12114
12272
12272
12272
12272
11510
10593
10440
10743
10896
11045
11198
11352
11500
11654
11347
11500
11654
11654
11802
11802
11955
11955
11955
11649
11802
11802
11802
11955
11955
11955
11955
11955
11649
11802
11802
11955
11955
11955
12114
12114
12272
11510
10593
10896
11049
11198
11352
11500
11654
11654
11802
11688
11990
12144
12298
12298
11837
12144
12298
12451
12446
11990
11990
12298
12451
12446
12446
11990
12144
12298
12446
12600
11990
12144
12298
12451
12600
12600
11990
12144
12298
12446
12600
12446
11990
12298
12451
12446
12600
12298
12144
12298
12451
12446
12600
12298
12144
12298
12451
12600
12600
12446
12144
12298
12446
12600
12600
12600
11990
12298
12446
12600
12600
12600
11990
12144
12293
12446
12600
12754
12293
12144
12293
12446
12600
12600
12600
11990
12144
12298
12446
12600
12754
12446
11990
12144
12298
12446
12600
12600
12144
12144
12298
12451
12600
12600
12451
11990
11534
11688
11990
12144
12298
12451
12298
11837
12144
12298
12451
12600
12600
12446
11990
12298
12451
12600
12600
12754
12754
11990
12144
12298
12446
12600
12754
12754
