2156
2771
3846
4767
5687
6302
6917
7378
7532
7990
8448
8905
9208
9511
9818
9967
10269
10423
10576
10882
11189
11496
11802
11654
10891
10887
11040
11036
11189
11337
11337
11337
11491
11486
10887
11036
11036
11184
11184
11337
11333
11486
11486
11486
11333
11486
11797
11950
12257
12415
11960
11045
11194
11194
11342
11342
11337
11491
11491
11491
11639
11639
11797
11950
12257
12415
12568
12109
11194
11347
11342
11496
11491
11491
11644
11639
11639
11639
11792
10887
11036
11036
11184
11184
11337
11333
11486
11486
11486
11486
11486
11797
11950
12104
12262
12415
11807
11194
11347
11342
11342
11496
11491
11491
11644
11639
11639
11639
11189
11189
11342
11337
11337
11491
11491
11486
11639
11639
11639
11634
11634
11792
11950
12257
12410
12415
12262
11955
11040
10882
11036
11036
11184
11184
11337
11337
11486
11486
11797
11194
11342
11342
11491
11491
11491
11486
11639
11639
11639
11634
11634
11639
11792
12104
12257
12410
12568
12415
11802
10734
10734
10882
11036
11036
11184
11184
11337
11333
11333
11486
11797
620
1703
3093
4482
5711
6635
7400
7708
8472
9085
9696
10308
10765
11073
10629
10629
10629
10629
10629
10629
10629
10629
10629
10629
10629
10629
10629
10475
10475
10475
10475
10629
10629
10629
10629
10629
10629
10629
10629
10475
10475
10475
10475
10475
10475
10629
10629
10629
10629
10629
10629
10629
10475
10475
10475
10475
10475
10475
10475
10629
10629
10629
10629
10629
10629
10475
10475
10475
10475
10475
10475
10475
10629
10629
10629
10629
10629
10629
10629
10321
10475
10475
10475
10475
10475
10475
10475
10475
10629
10629
10629
10629
10475
10475
10475
10475
10475
10629
10629
10629
10629
10629
10629
10629
10629
10629
10475
10475
10475
10475
10475
10475
10629
10629
10629
10629
10629
10629
10629
10629
10475
10475
10475
10475
10475
10475
10475
10475
10629
10629
10629
10629
10629
10629
10629
10475
10475
10475
10475
10475
10475
10629
10629
10629
10629
10629
10629
10629
10629
10629
10475
10475
10475
10475
10475
10629
10629
10629
10629
10629
10629
10629
10629
10629
10629
10475
10475
10475
10475
10475
10475
10475
10475
10475
10629
10629
10629
10629
10629
10629
10321
10321
10321
10321
10475
10475
10475
10475
10475
10475
10629
10629
10629
10629
10629
10629
10475
10475
10475
10475
10475
10475
10629
10629
10629
10629
10629
10629
10629
10629
10629
10475
10475
10475
10475
10475
10475
10475
10475
10629
10629
10629
10629
10629
10629
10629
10629
10629
10475
10475
10475
10475
10475
10629
10629
10629
10629
10629
10629
10629
10629
10629
10629
10629
10475
10475
10475
10475
10475
10475
10475
10629
10629
10629
10629
10629
10629
10629
10629
10629
10475
10321
10475
10475
10475
10475
10475
10475
10629
10629
10629
10629
10629
10629
10629
10629
10629
10475
10475
10475
10475
10475
10475
10475
10475
10629
10629
10629
10629
10629
10629
10629
10629
10629
10475
10475
10475
10475
10475
10475
10475
10629
10629
10629
10629
10629
10629
10629
10629
10629
10629
10629
12754
12754
12754
12754
12754
12754
12754
12754
12754
12754
12754
12754
12600
12600
12600
12600
12600
12600
12605
12605
12605
12600
12600
12600
12600
12605
12600
12600
12600
12605
12605
12605
12605
12600
12600
12600
12600
12600
12451
12451
12605
12605
12605
12605
12605
12605
12605
12600
12600
12600
12600
12451
12605
12605
12605
12600
12600
12600
12605
12600
12600
12600
12600
12600
12600
12605
12605
12605
12600
12600
12600
12600
12600
12451
12451
12600
12600
12600
12600
12600
12446
12600
12600
12600
12600
12600
12600
12600
12446
12600
12600
12600
12600
12600
12600
12446
12446
12600
12600
12600
12600
12600
12600
12446
12600
12600
12600
12600
12600
12600
12600
12446
12600
12600
12600
12600
12600
12600
12600
12451
12451
12605
12600
12600
12600
12600
12600
12605
12446
12446
12605
12605
12605
12605
12600
12600
12451
12605
12600
12600
12600
12600
12605
12605
