2005
2619
3849
4771
5536
6302
7068
7375
7529
7987
8444
8901
9208
9511
9814
9814
9967
10116
10423
10576
10725
10725
10878
10878
11026
11184
11491
11644
11802
11347
11496
11496
11496
11491
11491
11491
11644
11486
11486
11486
11486
11639
11639
11639
11639
11639
11639
11792
11950
12104
12262
11654
11347
11496
11496
11496
11491
11491
11491
11644
11491
11491
11486
11486
11486
11639
11639
11639
11639
11797
11950
12104
12262
12415
12109
11194
11347
11342
11342
11342
11491
11491
11491
11491
11491
11486
11486
11486
11486
11639
11639
11639
11639
10887
10882
11036
11036
11184
11184
11337
11337
11333
11333
11333
11333
11333
11486
11486
11486
11486
11486
11486
11639
11950
12104
12262
12415
12568
11505
11049
11198
11198
11194
11342
11342
11342
11491
11491
11184
11337
11337
11337
11333
11486
11486
11486
11486
11639
465
1858
3248
4482
5405
6174
6786
7400
8013
8780
9239
9850
10308
10611
11073
11375
11683
11832
12139
12288
12441
10629
10629
10629
10629
10629
10629
10629
10629
10629
10629
10629
10629
10475
10475
10475
10475
10475
10629
10629
10629
10629
10629
10629
10629
10629
10475
10475
10475
10475
10475
10629
10629
10629
10629
10629
10629
10629
10629
10475
10475
10475
10475
10475
10475
10629
10629
10629
10629
10629
10629
10629
10475
10475
10475
10475
10475
10475
10629
10629
10629
10629
10629
10629
10629
10475
10475
10475
10475
10475
10475
10475
10629
10629
10629
10629
10629
10629
10629
10475
10475
10475
10475
10475
10475
10629
10629
10629
10629
10629
10629
10629
10629
10321
10321
10475
10475
10475
10475
10475
10475
10475
10475
10475
10629
10629
10629
10321
10475
10475
10475
10475
10475
10475
10475
10475
10629
10629
10629
10629
10629
10629
10475
10475
10475
10475
10475
10475
10475
10629
10629
10629
10629
10629
10629
10629
10475
10475
10475
10475
10475
10475
10475
10629
10629
10629
10629
10629
10629
10629
10629
10321
10475
10475
10475
10475
10475
10475
10629
10629
10629
10629
10629
10629
10629
10629
10629
10475
10475
10475
10475
10475
10475
10475
10629
10629
10629
10629
10629
10629
10629
10629
10321
10321
10475
10475
10475
10475
10475
10475
10475
10629
10629
10629
10629
10629
10629
10629
10475
10475
10475
10475
10475
10475
10475
10629
10629
10629
10629
10629
10629
10629
10629
10629
10475
10475
10475
10475
10475
10475
10475
10629
10629
10629
10629
10629
10629
10629
10629
10629
10475
10475
10475
10475
10475
10475
10475
10629
10629
10629
10629
10629
10629
10629
10629
10629
10629
10475
10475
10475
10475
10475
10475
10475
10629
10629
10629
10629
10629
10629
10629
10629
10629
10629
10321
10475
10475
10475
10475
10475
10475
10475
10475
10475
10475
10629
10629
10629
10629
10629
10629
10321
10475
10475
10475
10475
10475
10475
10475
10629
10629
10629
10629
10629
10629
10629
10629
10629
10475
13511
13511
13511
13511
13511
13511
13511
13511
13511
13511
13511
13511
13511
13511
13511
13511
13511
13511
13511
13516
13363
13363
13516
13511
13511
13511
13511
13511
13511
13511
13511
13511
13511
13511
13511
13511
13511
13511
13511
13511
13511
13516
13516
13516
13516
13516
13516
13516
13516
13516
13516
13516
13516
13516
13516
13516
13516
13516
13516
13516
13516
13516
13516
13516
13516
13516
13516
13516
13516
13516
13516
13516
13516
13516
13516
13516
13516
13516
13516
13516
13516
13511
13511
13511
13511
13511
13516
13516
13511
13511
13511
13511
13511
13511
13511
13511
13511
13516
13516
13516
13516
13516
13516
13516
13516
13516
13516
13516
13516
13516
13516
13516
13516
13516
13516
13516
