2157
2772
3695
4463
5231
5844
6302
6761
7219
7680
7676
7983
8444
9058
9365
9826
10133
9676
8912
8147
7689
7993
8297
8601
8751
9058
9208
9361
9664
9668
9668
9668
9818
9971
9971
10120
10120
10274
10274
10269
10269
10423
10734
10887
11198
11352
11352
10589
9672
9519
9668
9668
9818
9971
9967
10120
10120
10274
10427
10124
10124
10278
10274
10274
10427
10427
10423
10423
10423
10423
10423
10576
10887
11040
11347
11505
11505
11045
10278
9515
9668
9818
9818
9971
10120
10120
10120
10274
10580
10431
10282
10278
10278
10427
10427
10427
10427
10423
10576
10576
10576
10423
10576
10887
11194
11352
11505
11352
11198
10891
10129
9361
9515
9511
9664
9818
9967
9967
10120
10427
10580
10738
10585
10585
10580
10580
10580
10580
10576
10576
10576
10576
10576
10423
10423
10729
11040
11194
11505
11505
11505
11347
11040
10124
9515
9664
9664
9818
9971
9967
10120
10120
10427
10738
10891
10282
10129
10278
10278
10278
10427
10427
10427
10427
10576
10576
10576
10576
10423
10734
11040
11198
11505
11505
11352
11194
11194
10734
9971
9357
9511
9664
9814
9967
9967
10120
10274
10580
10891
11045
10129
9668
9822
9971
9971
10120
10120
10274
10274
10274
10423
10423
10423
10580
10124
10124
10278
10274
10274
10427
10423
10423
10423
10423
10576
10576
10576
772
1852
3083
4159
5235
5848
6308
7071
7683
8451
8912
9219
9066
9369
9826
10129
10436
10585
10738
10891
11194
11347
11500
11649
11649
11649
11802
11955
11955
12109
12109
12104
12104
12257
12257
12257
12257
12257
12257
12410
12410
12410
12410
12410
12410
12410
12410
12410
12415
1389
2777
3854
4929
5848
6615
7228
7686
8297
8755
9212
9668
9975
10124
10431
10734
10887
11194
11342
11496
11496
11649
11802
11797
11950
11950
12104
11950
12104
12104
12257
12257
12257
12257
12104
12257
12257
12257
12257
12410
12410
12257
12410
12410
12568
12568
12727
12574
11659
11807
11960
11960
12109
12109
12109
12262
12109
12257
12257
12257
12257
12410
12410
12257
12257
12410
12410
12410
12410
12410
12410
12410
12410
12410
12410
12410
12410
12563
12410
12410
12410
12410
12410
12563
12563
12563
