1860
2786
3712
4791
5713
6635
7249
8017
8784
9393
10004
10308
10769
11226
11529
11837
11985
12139
12446
12595
12748
12902
12902
13050
13050
13204
13204
13357
13357
13511
13511
13511
13511
13511
13664
13659
13659
13659
13659
13659
13812
13812
13812
13812
13812
13812
13812
13812
13812
13812
13659
13812
13812
13812
13659
13659
13659
13659
13812
13659
13659
13812
13812
13812
13812
13812
13812
13812
13812
13812
13812
13812
13812
13812
13812
13812
13965
13812
13812
13812
13812
13812
13965
13965
13812
13812
13812
13965
13965
13965
13812
13812
13812
13812
13812
13965
13812
13812
13812
13965
13965
13965
13965
13812
13812
13812
13812
13812
13812
13659
13659
13659
13659
13659
13812
13812
10475
10475
10475
10475
10475
10475
10475
10475
10629
10629
10629
10629
10629
10475
10475
10475
10475
10475
10475
10475
10629
10629
10629
10629
10629
10475
10475
10475
10475
10475
10475
10629
10629
10629
10629
10629
10629
10629
10475
10475
10475
10475
10475
10475
10629
10629
10629
10629
10629
10629
10629
10321
10475
10475
10475
10475
10475
10475
10629
10629
10629
10629
10629
10629
10475
10475
10475
10475
10475
10475
10475
10475
10475
10475
10475
10475
10475
10321
10321
10167
10013
10013
10167
10167
10167
10167
10167
10167
10167
10321
10321
10321
10321
10321
10321
9554
9400
9554
9709
9863
9863
10017
10013
10167
10167
10167
10321
10321
10321
10475
10321
10321
10321
10321
10475
10475
10475
10475
10475
10475
10475
10629
10629
10629
10321
10475
10475
10475
10475
10475
10475
10475
10629
10629
10629
10629
10629
10629
10629
10321
10475
10475
10475
10475
10475
10475
10475
10629
10629
10629
10629
10629
10629
10629
10475
10475
10475
10475
10475
10475
10475
10475
10629
10629
10629
10629
10629
10629
10629
10321
10321
10475
10475
10475
10475
10475
10475
10475
10475
10629
10629
10629
10475
10629
10629
10321
10475
10475
10475
10475
10475
10475
10475
10475
10475
10629
10629
10629
10629
10629
10629
10321
10475
10475
10475
10475
10475
10475
10475
10475
10629
10629
10629
10629
10629
10629
10629
10321
10475
10475
10475
10475
10475
10475
10475
10629
10629
10629
10629
10629
10629
10629
10629
10321
10475
10475
10475
10475
10475
10475
10475
10475
10629
10629
10629
10629
10629
10629
10629
10629
10321
10321
10475
10475
10475
10475
10475
10475
10629
10629
10629
10629
10629
10629
10629
10629
10629
10321
10321
10321
10321
10475
10475
10475
10475
10475
10475
10475
10475
10629
10629
10629
10629
10629
10321
10321
10475
10475
10475
10475
10475
10475
10475
10629
10629
10629
10629
10629
10629
10629
10629
10475
13516
13516
13516
13516
13516
13516
13516
13516
13516
13516
13516
13516
13516
13516
13516
13516
13516
13516
13516
13516
13516
13516
13516
13516
13516
13516
13516
13516
13516
13516
13516
13516
13516
13516
13516
13516
13516
13516
13516
13516
13516
13516
13516
13516
13516
13516
13516
13516
13516
13516
13516
13516
13516
13516
13516
13516
13516
13516
13516
13516
13516
13516
13511
13511
13511
13511
13511
13511
13516
13511
13516
13511
13511
13511
13511
13511
13511
13511
13516
13516
13516
13516
13516
13516
13516
13516
13516
13516
13516
13516
13516
13516
13516
13516
13516
13516
13516
13516
13516
13516
13516
13516
13516
13516
13516
13516
13516
13516
13516
13516
13516
13516
13516
13516
13516
13516
12600
12600
12600
12600
12600
12600
12600
12600
12600
12600
12600
12600
12600
12600
12600
12600
12600
12600
12600
12446
12446
12446
12600
12600
12600
12451
12451
12600
12600
12600
12600
12600
12451
12451
12451
12605
12605
12600
12451
12451
12451
12600
12600
12600
12600
12451
12451
12605
12605
12605
12600
12600
12451
12451
12451
12451
12605
12605
12605
12451
12451
12605
12600
12600
12600
12600
12451
12451
12451
12605
12605
12600
12600
12600
12451
12451
12446
12605
12605
12605
12605
12451
12451
12605
12605
12600
12600
12600
12605
12451
12605
12605
12605
12600
12600
12600
12451
12451
12446
12600
12605
12605
12605
12600
12451
12451
12451
12451
12446
12446
12600
12605
12451
12451
12451
12605
12600
12600
12600
12600
12446
12446
12446
12446
12600
12600
12600
12600
12446
12446
12446
12446
12600
12600
12600
12600
12600
12451
12446
12446
12600
12600
12600
12600
12600
