1850
2619
3543
4463
5231
5997
6610
7068
7375
7987
8755
9216
9676
9527
1079
2311
3233
4155
4923
5690
6302
6761
7219
7680
7833
617
1852
3084
4161
5235
6000
6461
7074
7683
8297
8755
9212
9668
9975
10278
10431
10734
10887
11040
11189
11342
11496
11649
11802
11797
11950
11950
11950
12104
12104
12104
12104
12262
12415
12574
12574
12727
12272
11208
11203
11356
11505
11659
11812
11807
11654
11807
11960
11955
11955
12109
12109
12109
12109
12262
12257
12257
12257
12410
12257
12257
12410
12410
12410
12410
12410
12410
12410
12405
12405
12405
12405
12405
12405
12405
12405
12405
12563
12568
12722
12119
12114
12114
12114
12262
12262
12262
12262
12262
12262
12410
12410
12410
12410
12410
12410
12410
12410
12410
12410
12410
12410
12410
12410
12410
12410
12410
12410
12410
12563
12563
12410
12410
12410
12410
12563
12410
12410
12595
12748
12902
12897
12897
12595
12748
12902
12902
12897
12595
12748
12743
12897
12897
12595
12748
12897
12897
13050
12897
12748
12897
12897
13050
13050
12595
12743
12897
12897
13050
12748
12748
12748
12897
12897
12897
12595
12748
12748
12897
13050
13050
12595
12748
12902
12897
13050
12897
12595
12748
12902
12902
13050
12902
12595
12748
12902
12897
12897
12891
12584
12579
12579
12574
12574
12722
12722
12563
12563
12563
12558
12711
12711
12711
12558
12711
12711
12706
12706
12706
12706
12553
12553
12558
12706
12706
12706
12706
12706
12706
12706
12706
12706
12706
12706
12706
12706
12706
12706
12711
12864
12716
12262
11654
11654
11802
11955
12109
12104
12257
12104
12104
12104
12257
12252
12252
12405
12405
12405
12405
12405
12558
12558
12553
12553
12553
