8791
8945
9100
9250
9404
9558
9558
9709
9863
9863
9863
10017
10017
9713
9096
8637
8023
7718
8023
8332
8486
8791
8945
9100
9250
9404
9558
9713
9713
9863
9404
8945
8483
7869
7564
7869
8178
8483
8637
8791
9096
9250
9404
9404
9558
9709
9709
9709
9404
8942
8637
8791
8942
9096
9250
9404
9558
9713
9709
9863
9863
9863
10017
10017
9713
9250
8637
8023
7872
8178
8486
8637
8791
8945
9250
9250
9404
9558
9713
9713
9867
9867
9558
8945
8174
7403
6786
6167
6012
6315
6775
7231
7535
7997
8304
8612
8766
9069
9219
9369
9519
9672
9365
8598
7683
7836
8140
8444
8747
8901
9204
9357
9511
9664
9822
9975
9979
10129
9822
9212
9208
9361
9511
9664
9814
9814
9971
10129
10129
10282
10278
10278
10431
10427
9664
9054
9357
9511
9668
9826
9826
9979
9975
10129
10124
10278
10278
10274
10427
10427
9664
9361
9511
9664
9818
9967
9967
10120
10116
10269
10269
10274
10278
10436
10440
10440
9676
8758
7993
7686
7990
8294
8598
8751
9054
9208
9365
9672
9676
9826
9979
9975
10129
10124
9818
8905
8901
9208
9357
9515
9672
9826
9975
9975
10124
10124
10124
10274
10274
10274
10427
9818
9208
9361
9511
9664
9818
9814
9967
9967
10120
10116
10269
10274
10431
10436
10431
10431
9822
9208
9361
9511
9664
9664
9814
9967
9967
10124
10282
10286
10282
10282
10431
10431
10431
9971
9208
9357
9511
9664
9818
9822
9979
10129
10129
10282
10278
10278
10274
10427
10427
10427
10423
9664
8905
9054
9208
9357
9511
9660
9814
9967
9963
10116
10116
10116
10274
10278
10436
10431
10431
9664
9361
9511
9664
9814
9814
9967
9963
10120
10278
10278
10431
10431
10431
10427
10427
10427
10427
9660
9814
9967
9967
10120
10278
10282
10286
10436
10436
10431
10431
10427
10427
10580
10580
10576
10120
9204
9357
9515
9672
9826
9822
9975
10124
10124
10124
10274
10274
10274
10423
10423
10423
10427
10431
9975
9365
9515
9668
9818
9818
9971
9967
10120
10120
10269
10269
10274
10431
10436
10440
10444
10449
10449
9688
