1704
2631
3867
4945
5868
6637
7252
8017
8784
9242
9700
10008
10466
10769
11231
11534
11688
11837
12144
12298
12446
12446
12600
12754
12754
12907
12907
13056
13056
13056
13209
13056
13056
13056
13209
13209
13209
13209
13209
13363
13363
13363
13209
13363
13363
13363
13363
13363
13363
13363
13363
13363
13363
13363
13363
13363
13363
13516
13516
13363
13363
13516
13516
13516
13516
13363
13363
13516
13516
13516
13516
13363
13363
13363
13363
13516
13516
13363
13363
13516
13516
13516
13516
13516
13363
13516
13516
13516
13516
13516
13363
13363
13516
13516
13516
13516
13516
13363
13516
13516
13516
13516
13516
13363
13363
13516
13363
13516
13516
13516
13363
13363
13363
13363
13363
13516
13363
12754
12754
12907
12902
12902
12902
12902
13056
13056
13056
13056
13209
13209
13209
13209
13056
13209
13209
13209
13209
13209
13209
13209
13209
13209
13209
13209
13209
13209
13209
13215
13209
13209
13209
13209
13209
13209
13209
13209
13209
13209
13209
13215
13209
13209
13209
13209
13061
13061
13215
13215
13215
13209
13215
13215
13209
13209
13209
13209
13061
13215
13215
13209
13209
13209
13209
13209
13209
13209
13209
13209
13215
13209
13209
13209
13209
13209
13209
13209
13209
13209
13209
13209
13209
13209
13209
13209
13209
13209
13209
13209
13209
13209
13209
13209
13209
13209
13209
13209
13209
13209
13209
13209
13209
13209
13209
13209
13209
13209
13209
13209
13209
13209
13209
13209
13363
13363
12600
12605
12605
12605
12605
12605
12605
12605
12605
12605
12605
12605
12605
12605
12605
12605
12605
12605
12605
12605
12605
12605
12605
12605
12605
12451
12605
12605
12605
12605
12600
11995
11990
12144
12144
12298
12298
12298
12298
12298
12298
12298
12451
12451
12451
12298
12451
12451
12451
12446
12446
12446
12298
12298
12451
12451
12451
12451
12446
12451
12446
12446
12446
12446
12446
12600
12451
12451
12451
12451
12605
12605
12605
12451
12451
12451
12451
12605
12605
12605
12605
12451
12451
12451
12451
12451
12605
12605
12298
12144
12144
12298
12298
12298
12298
12451
12298
12298
12298
12451
12451
12451
12446
12446
12298
12451
12451
12451
12451
12451
12605
12605
12451
12451
12451
12451
12451
12451
12605
12605
12451
12451
12451
12605
12605
12605
12605
12605
12451
12451
12451
12605
12605
12605
12605
12605
12605
12451
12451
12451
12605
12605
12605
12600
12600
12144
10475
10475
10629
10629
10629
10629
10629
10629
10629
10629
10629
10629
10475
10475
10475
10475
10475
10475
10475
10629
10629
10629
10629
10629
10629
10475
10475
10475
10475
10475
10475
10475
10475
10475
10475
10475
10475
10475
10325
10325
10321
10321
10321
10475
10475
10475
10475
10475
10475
10475
10475
10325
10321
10321
10475
10475
10475
10475
10475
10475
10475
10475
10629
10629
10629
10321
10475
10475
10475
10475
10475
10475
10475
10475
10629
10629
10629
10629
10475
10475
10475
10475
10475
10475
10475
10475
10475
10629
10629
10629
10629
10629
10325
10479
10475
10475
10475
10475
10475
10475
10475
10475
10629
10629
10629
10629
10479
10321
10475
10475
10475
10475
10475
10475
10475
10629
10629
10629
10629
10629
10629
10321
10321
10475
10475
10475
10475
10475
10475
10475
10475
10475
10629
10629
10629
10629
10321
10475
10475
10475
10475
10475
10475
10475
10475
10629
10629
10629
10629
10629
10629
10321
10475
10475
10475
10475
10475
10475
10475
10475
10629
10629
10629
10629
10629
10629
10325
10479
10475
10475
10475
10475
10475
10475
10475
10475
10629
10629
10629
10629
10629
10475
10321
10475
10475
10475
10475
10475
10475
10475
10475
10629
10629
10629
10629
10629
10629
10325
10475
10475
10475
10475
10475
10475
10475
10475
10475
10475
10475
10475
10629
10629
10629
10475
10325
10321
10321
10475
10475
10475
10475
10475
10475
10475
10475
10629
10629
10629
10629
10629
10321
10475
10475
10475
10475
10475
10475
10475
10475
10475
10629
10629
10629
10629
10629
10629
10475
10321
10475
10475
10475
10475
10475
10475
10475
10629
10629
10629
10629
10629
10629
10629
10629
10325
10475
10475
10475
10475
10475
10475
10475
10475
10475
10629
10629
10629
10629
10629
10629
10629
10475
10325
10475
10475
10475
10475
10475
10475
10475
10475
10475
10475
10475
10475
10629
10629
10629
10629
