2006
2777
3700
4621
5697
6464
6618
7077
7689
8301
8758
9062
9365
9672
9975
10278
10431
10580
10734
10887
11040
11189
11342
11342
11342
11496
11496
11649
11649
11644
11644
11644
11797
11797
11797
11797
11644
11797
11797
11797
11955
11955
11807
11505
11505
11500
11654
11654
11649
11649
11649
11802
11802
11797
11797
11950
11950
11950
11950
11950
11950
11950
11950
11950
11950
11950
11950
11950
11950
11950
11950
11950
11950
11950
11950
11950
11950
11950
12109
12262
12267
12420
12426
11965
11965
11960
11960
11960
11960
11955
11955
11955
11955
11955
11955
11955
11950
11950
11950
11950
11950
11950
12104
12104
12104
11950
11950
11950
11950
11950
11950
11950
11950
11950
11950
11950
11950
12104
12109
12109
11654
11654
11807
11802
11802
11955
11955
11955
11802
11797
11797
11950
11950
11950
11950
11950
13204
13045
12891
12886
12732
12727
12574
12420
12420
12415
12415
12415
12262
12262
12109
12104
12257
12257
12104
12104
12104
12104
12104
12104
11950
11950
11950
12104
12104
12104
11950
11950
11950
12104
12104
12104
11950
11950
12109
12267
12267
12426
11817
10747
10593
10743
10896
11045
11198
11347
11347
11347
11500
11654
11649
11649
11802
11649
11649
11802
11802
11802
11955
11955
11802
11955
11950
11950
11950
11950
11950
11950
11950
11950
11950
11950
12104
12104
11950
11950
12109
12262
12267
12420
12119
10901
10440
10743
10896
11045
11198
11352
11347
11194
11194
11347
11500
11496
11649
11649
11802
11649
11649
11797
11797
11797
11797
11950
11797
11797
11950
11950
11950
11950
11950
12104
11797
11797
11950
11950
11950
11950
12104
12109
11500
11654
11654
11649
11802
11802
11802
11955
11496
11649
11649
11797
11797
11797
11950
11950
12288
12436
12589
12743
12897
12891
12891
13045
13045
13198
13198
13198
13352
13352
13352
13352
13352
13499
13499
13499
13499
13499
13499
13505
13505
13505
13505
13499
13499
13653
13499
13499
13499
13499
13499
13499
13340
13340
13182
13182
13176
13023
13023
12864
12864
12864
12864
12864
12864
12711
12706
12706
12706
12706
12706
12553
12553
12553
12553
12553
12553
12553
12553
12553
12553
12553
12553
12553
12553
12553
12553
12553
12553
12553
12553
12711
11955
12104
12104
12104
12252
12252
12405
12252
12252
12405
12400
12400
12400
12400
12400
12400
12400
12553
12553
12553
12553
12553
12553
12553
12553
12553
12553
12553
12553
12553
12553
12553
12553
12553
12553
12553
12553
12553
12553
12553
12553
12711
12711
12870
12114
11960
11955
12109
12104
12104
12257
12252
12104
