2161
2777
3700
4775
5695
6308
6766
7378
7990
8451
9062
9523
8916
9066
9523
9826
10129
10282
10282
10278
10585
10738
10887
11040
11194
11194
11342
11496
11496
11649
11649
11649
11802
11797
11950
11950
11950
11950
11950
11950
12104
12104
12104
11950
12104
12104
12109
12262
12420
11965
11812
11807
11807
11960
11955
11955
11802
11955
11955
11955
11955
12109
12104
11950
12104
12104
12104
12104
12104
11950
12104
12104
12104
12104
12104
12104
12104
12104
12104
12104
12104
12104
12104
12104
12257
12262
12415
12420
12574
12574
11659
11203
11352
11352
11505
11654
11654
11802
11802
11802
11802
11955
11955
11950
11950
12104
11950
11950
12104
12104
12104
12104
12104
12104
12104
12104
12104
12099
12099
12099
12099
12099
12099
12099
12257
12257
12415
12415
11812
11659
11654
11654
11807
11802
11802
11955
11802
10457
10611
10611
10611
10765
10765
10765
10765
10765
10919
10919
10919
10919
10919
10919
10919
10919
10919
10919
11073
10919
10919
10919
10919
10914
10910
10910
10602
10752
10752
10747
10747
10743
10743
10743
10436
10436
10585
10585
10585
10585
10585
10585
10431
10431
10431
10585
10580
10580
10580
10580
10431
10431
10431
10585
10580
10580
10580
10580
10431
10431
10431
10589
10589
10747
10747
10747
9984
9066
8912
9066
9216
9519
9672
9826
9822
9975
9822
9975
9975
10129
10124
10278
10278
10278
10431
10124
10278
10278
10431
10431
10431
10431
10427
10431
10278
10278
10278
10431
10431
10431
10585
10580
10585
10129
10129
10129
10129
10282
10282
10278
10278
10278
10278
9975
9822
9822
9975
9971
10124
10124
10124
10278
10278
10278
9361
9515
9668
9818
9818
9971
10124
10124
10278
10274
10278
10274
10427
10427
10427
10427
10427
10580
10585
10282
9979
9975
10129
10282
10278
10278
10431
10431
10431
10124
10124
10278
10278
10278
10431
10427
10427
10427
10580
10427
10427
10580
10580
10580
10580
10580
10580
10580
10734
13045
13045
13198
13198
13198
13198
13198
13198
13352
13352
13198
13352
13352
13352
13352
13352
13352
13352
13352
13352
13352
13352
13352
13352
13352
13352
13352
13352
13352
13352
13352
13352
13352
13193
13187
13034
12875
12875
12875
12870
12716
12716
12711
12558
12558
12558
12558
12558
12558
12405
12405
12400
12400
12400
12400
12400
12400
12400
12400
12400
12400
12400
12247
12400
12400
12400
12400
12400
12400
12247
12247
12405
12405
12563
12716
12262
11955
12109
12109
12104
12104
12257
12257
12257
12257
12252
12252
12252
12405
12405
12252
12252
12252
12405
12405
12405
12405
12405
12405
12400
12400
12400
12400
12400
12247
12400
12400
12400
12400
12400
12400
12400
12247
12247
12247
12400
12405
12563
12716
12415
12262
12410
12410
12410
12410
12405
12405
