1852
2623
3852
4927
5848
6613
6917
7683
8294
8751
9208
9668
9519
9668
9822
10124
10431
10734
10887
11036
11189
11342
11491
11644
11644
11792
11945
11945
12099
12099
12252
12252
12252
12252
12400
12400
12400
12405
12405
12405
12553
12553
12553
12553
12553
12553
12558
12711
12716
11955
12109
12109
12257
12257
12257
12410
12257
12257
12252
12252
12405
12405
12405
12405
12405
12405
12405
12405
12558
12405
12558
12558
12558
12558
12558
12553
12553
12553
12553
12553
12553
12553
12553
12553
12711
12711
12870
12870
13028
12420
11807
11960
11955
12109
12109
12257
12257
12257
12257
12405
12405
12405
12405
12405
12405
12405
12553
12553
12553
12553
12553
12553
12553
12553
12553
12553
12553
12553
12553
12553
12553
12553
12553
12553
12553
12711
12870
12262
12109
12257
12257
12410
12410
12405
12405
11688
11837
11990
11990
12144
12144
11688
11990
12144
12298
12293
12144
12293
12446
12600
12600
12144
12293
12446
12600
12754
12754
12139
12293
12446
12600
12754
12144
12298
12446
12600
12600
12754
12144
12293
12446
12600
12600
12754
12144
12293
12446
12600
12600
12754
12144
12293
12446
12600
12754
12754
12144
12298
12446
12600
12754
12754
12144
12298
12446
12600
12754
12754
12144
12298
12446
12600
12754
12754
12600
12298
12451
12600
12600
12754
12754
12144
12298
12446
12600
12754
12754
12600
12298
12451
12446
12600
12754
12754
12144
12298
12446
12446
12600
12754
12754
12144
12298
12446
12600
12600
12754
12754
12144
12293
12446
12600
12754
12754
12754
12144
12293
12446
12600
12754
12754
12754
12144
12298
12446
12600
12754
12754
12754
12298
9242
9705
10008
10312
10620
10923
10008
9246
9396
9854
10162
10466
10774
10928
10008
9092
9550
10008
10316
10620
10774
10928
9854
9092
9550
9854
10316
10620
10774
10923
10008
9092
9396
9854
10162
10466
10774
11077
10316
9396
9242
9550
9854
10162
10466
10774
10466
9854
10008
10312
10620
10923
11077
11385
10774
9854
9092
9550
10008
10312
10620
10769
11077
10466
9550
9242
9700
10008
10466
10769
10923
11231
10312
9396
8938
9396
9854
10162
10466
10774
11077
10316
9396
8784
8938
9396
9705
10162
10466
10774
10620
9705
8938
8479
8938
9396
9854
10162
10620
10928
10316
9396
9092
9550
10008
10316
10620
10923
11231
10774
9705
8938
9092
9396
9854
10162
10620
10774
11077
10312
9393
8780
9235
9539
9996
10295
10598
10752
11054
10901
10896
11049
11352
11505
11654
11654
11807
11955
11654
11802
11955
11955
11955
12109
12109
12262
12109
12262
12257
12257
12257
12257
12410
12410
12410
12257
12262
12415
12420
12420
12426
12426
12426
11812
10901
10440
10743
10896
11198
11352
11505
11500
11654
11807
