1705
2632
3714
4945
5870
6637
7097
7866
8633
9092
9705
10008
10466
10769
11231
11380
11688
11841
12144
12298
12446
12446
12600
12754
12754
12902
12907
12902
13056
13056
13209
13209
13209
13209
13363
13363
13363
13363
13363
13363
13363
13516
13363
13363
13363
13516
13516
13516
13363
13516
13516
13516
13516
13516
13516
13516
13516
13516
13516
13363
13516
13516
13516
13516
13516
13516
13516
13516
13516
13516
13516
13363
13516
13516
13516
13516
13516
13516
13516
13516
13516
13516
13516
13516
13516
13516
13516
13516
13516
13516
13516
13516
13511
13516
13516
13516
13511
13516
13516
13511
13511
13511
13511
13511
13516
13516
13516
13516
13516
13516
13516
13516
13516
13516
13516
13516
13516
12600
12600
12605
12605
12605
12600
12605
12605
12605
12605
12600
12600
12451
12451
12605
12605
12605
12605
12605
12451
12451
12451
12451
12605
12605
12451
12451
12605
12605
12600
12600
12446
12446
12446
12446
12600
12600
12600
12446
12446
12600
12600
12600
12600
12600
12600
12600
12600
12600
12600
12600
12600
12451
12600
12600
12600
12600
12600
12600
12451
12600
12600
12600
12600
12600
12600
12600
12600
12600
12600
12600
12600
12600
12600
12600
12600
12600
12600
12600
12600
12600
12600
12600
12754
12754
12754
12754
12754
12600
12600
12600
12600
12600
12600
12754
12600
12600
12600
12600
12600
12600
12600
12600
12605
12605
12600
12600
12754
12754
12600
12600
12600
12600
12605
12605
12600
12600
12754
12754
12600
12600
12600
12600
12600
12600
12754
12754
12600
12600
12600
12600
12600
12600
12600
12600
12605
12605
12605
12600
12600
12600
12600
12600
12600
13209
13363
13363
13363
13363
13209
13209
13209
13363
13363
13209
13363
13363
13363
13363
13209
13209
13209
13363
13363
13209
13363
13363
13363
13363
13209
13209
13209
13209
13209
13209
13209
13209
13209
13209
13209
12754
12907
12907
12907
13061
13061
13061
13061
13209
13209
13209
13056
13209
13209
13209
13209
13209
13209
13209
13209
13363
13363
13363
13209
13209
13209
13209
13363
13363
13209
13209
13363
13363
13363
13363
13209
13209
13209
13209
13363
13363
13209
13209
13209
13209
13363
13363
13363
13209
13209
13209
13363
13363
13363
13209
13209
13209
13209
13209
13209
13363
13209
13209
13209
13209
13363
13363
13209
13209
13209
13209
13209
13363
13363
13209
13209
13209
13209
13209
13209
13209
10629
10629
10629
10629
10629
10629
10629
10629
10629
10629
10629
10629
10629
10475
10475
10475
10475
10475
10475
10629
10629
10629
10629
10629
10629
10321
10475
10475
10475
10475
10475
10475
10475
10475
10475
10629
10629
10629
10475
10475
10475
10475
10475
10475
10475
10629
10629
10629
10629
10629
10629
10321
10475
10475
10475
10475
10475
10475
10629
10629
10629
10629
10629
10629
10629
10475
10475
10475
10475
10475
10475
10475
10475
10629
10629
10629
10629
10629
10475
10475
10475
10475
10475
10475
10475
10475
10629
10629
10629
10629
10629
10629
10475
10475
10475
10475
10475
10475
10475
10475
10629
10629
10629
10629
10629
10629
10475
10475
10475
10475
10475
10475
10475
10475
10475
10475
10629
10629
10629
10629
10629
10475
10475
10475
10475
10475
10475
10475
10475
10629
10629
10629
10629
10629
10629
10629
10475
10475
10475
10475
10475
10475
10475
10475
10629
10629
10629
10629
10629
10629
10629
10321
10475
10475
10475
10475
10475
10475
10629
10629
10629
10629
10629
10629
10629
10629
10321
10475
10475
10475
10475
10475
10475
10475
10475
10629
10629
10629
10629
10629
10629
10475
10475
10475
10475
10475
10475
10475
10475
10475
10475
10629
10629
10629
10629
10629
10629
10321
10321
10321
10475
10475
10475
10475
10475
10475
10475
10475
10629
10629
10629
10629
10629
10629
10475
10475
10475
10475
10475
10475
10475
10629
10629
10629
10629
10629
10629
10629
10629
10629
10475
10475
10475
10475
10475
10475
10629
10629
10629
10629
10629
10629
10629
10629
10629
10629
10475
10475
10475
10475
10475
10475
10475
10475
10629
10629
10629
10629
10629
10629
10629
10629
10629
10321
10475
10475
10475
10475
10475
10475
10629
10629
10629
10629
10629
10629
10629
10629
10629
10629
10475
10475
10475
10475
10475
10475
10475
10475
10475
10629
10629
10629
10629
10629
10629
10629
10629
10629
