2461
2922
3537
4304
4917
5378
5836
6297
6602
6909
6909
7216
7366
7830
8290
8598
8908
8448
7987
8140
8290
8444
8444
8598
8594
8747
8747
8901
8901
9208
9365
9519
9676
9830
9523
8908
8294
8448
8598
8598
8751
8751
8901
8901
8901
9054
8601
8601
8755
8755
8751
8751
8905
8905
8905
8905
8901
8901
8901
8901
9054
9361
9515
9672
9672
9523
8755
8601
8751
8751
8905
8901
8901
9054
9054
9054
9054
9054
9361
9668
9975
10133
10133
10137
9369
8605
7990
8140
8140
8290
8444
8598
8594
8747
8747
9054
9058
772
2006
3084
3852
4775
5387
6000
6613
6920
7225
7683
7987
8294
8598
8751
9058
9058
9208
9361
9515
9664
9818
9971
9818
9818
9971
10124
10124
10124
10278
10278
10129
9979
9975
10129
10129
10278
10278
10431
10431
10278
10431
10427
10427
10580
10580
10580
10580
10580
10580
10580
10734
10734
10734
10734
10580
10580
10580
10580
10580
10580
10580
10580
10734
10427
10580
10580
10580
10580
10580
10738
10738
10440
10133
10129
10282
10436
10431
10431
10585
10585
