1860
2632
3714
4638
5407
6329
6637
7557
8171
8938
9396
9854
10312
10769
11077
11380
11534
11688
11990
12144
12298
12446
12600
12754
12754
12907
12902
12902
13056
13056
13209
13209
13209
13209
13363
13363
13363
13363
13363
13363
13363
13363
13363
13209
13209
13209
13209
13056
13056
12754
12754
12754
12907
12907
12902
12754
12754
12754
12748
12902
12902
12600
12446
12600
12754
12748
12902
13056
13056
13056
13056
13209
13209
13209
13209
13363
13363
13363
13363
13363
13363
13363
13363
13363
13516
13516
13363
13516
13516
13516
13516
13516
13516
13516
13516
13516
13516
13516
13516
13516
13516
13516
13516
13516
13516
13516
13516
13516
13516
13516
13511
13511
13511
13511
13511
13511
13511
13511
13511
10629
10629
10629
10629
10629
10629
10629
10629
10629
10629
10629
10629
10475
10475
10629
10629
10629
10629
10629
10629
10629
10629
10629
10629
10629
10321
10321
10321
10475
10475
10475
10475
10475
10475
10475
10475
10475
10475
10475
10475
10475
10475
10475
10475
10475
10629
10629
10629
10629
10629
10629
10475
10475
10475
10475
10475
10475
10475
10475
10629
10629
10629
10629
10629
10475
10475
10475
10475
10475
10475
10475
10475
10629
10629
10629
10629
10629
10629
10475
10475
10475
10475
10475
10475
10475
10629
10629
10629
10629
10629
10629
10629
10321
10475
10475
10475
10475
10475
10475
10629
10629
10629
10629
10629
10629
10629
10321
10475
10475
10475
10475
10475
10475
10475
10475
10629
10629
10629
10629
10629
10629
10321
10475
10475
10475
10475
10475
10475
10475
10475
10475
10629
10629
10629
10629
10475
10321
10475
10475
10475
10475
10475
10475
10475
10629
10629
10629
10629
10629
10629
10629
10475
10475
10475
10475
10475
10475
10475
10629
10629
10629
10629
10629
10629
10629
10629
10475
10475
10475
10475
10475
10475
10475
10629
10629
10629
10629
10629
10629
10629
10629
10321
10475
10475
10475
10475
10475
10475
10475
10475
10475
10629
10629
10629
10629
10629
10629
10475
10475
10475
10475
10475
10475
10475
10475
10629
10629
10629
10629
10629
10629
10629
10629
10321
10321
10321
10321
10475
10475
10475
10475
10475
10475
10475
10475
10475
10629
10629
10629
10629
10321
10321
10475
10475
10475
10475
10475
10475
10475
10475
10629
10629
10629
10629
10629
10629
10321
10321
10475
10475
10475
10475
10475
10475
10475
10629
10629
10629
10629
10629
10629
10629
10629
10475
10475
10475
10475
10475
10475
10475
10475
10629
10629
10629
10629
10629
10629
10629
10629
10629
10475
10321
10475
10475
10475
10475
10475
10475
10475
10475
10475
10629
10629
10629
10629
10629
10629
10629
12600
12600
12600
12600
12600
12600
12451
12605
12605
12600
12600
12600
12451
12451
12446
12446
12605
12605
12451
12451
12451
12451
12605
12600
12600
12451
12451
12451
12451
12605
12605
12451
12451
12451
12605
12600
12600
12600
12451
12451
12451
12605
12605
12605
12600
12451
12451
12451
12446
12446
12605
12605
12451
12451
12451
12605
12605
12600
12600
12451
12451
12451
12451
12605
12605
12600
12451
12451
12605
12600
12600
12600
12600
12451
12451
12446
12600
12600
12600
12600
12600
12446
12446
12446
12446
12600
12600
12600
12446
12446
12446
12446
12446
12600
12600
12600
12451
12451
12451
12446
12600
12600
12600
12600
12451
12451
12451
12605
12605
12600
12600
12600
12451
12451
12451
12451
12451
12605
12605
12605
12451
12451
12451
12451
12600
12600
12600
12605
12451
12451
12451
12605
12605
12600
12600
12600
12451
12451
12451
12451
12605
12605
12605
12600
12600
13659
13659
13659
13812
13812
13659
13659
13812
13812
13812
13812
13812
13812
13812
13965
13812
13812
13812
13812
13812
13812
13812
13812
13812
13812
13812
13812
13812
13812
13812
13812
13659
13659
13659
13812
13812
13812
13812
13812
13812
13812
13812
13812
13812
13812
13812
13812
13812
13812
13812
13812
13812
13812
13812
13812
13812
13812
13812
13812
13812
13812
13812
13812
13812
13812
13659
13812
13812
13812
13812
13812
13812
13505
13204
12897
12743
12897
12743
12441
12595
12441
12441
12288
12288
12288
11985
11985
11980
11980
12134
12288
12441
12134
12134
12441
12595
12743
12743
12897
12897
13050
13050
13204
13204
13357
13352
13352
13352
13505
13505
13505
13659
13505
13659
13659
13659
13812
13812
13812
