2157
2771
3848
4767
5534
6453
7219
7833
7836
8294
8598
9054
9357
9660
9814
10116
10269
10423
10418
10729
11036
11342
11496
11347
10585
10734
10882
11036
11036
11184
11184
11184
11337
11333
11491
11797
11955
11955
11807
11659
11045
11194
11194
11189
11342
11342
11337
11337
11491
11491
10580
10734
10734
10882
11036
11036
11184
11184
11337
11333
11333
11333
11486
11644
11797
11955
12109
11802
11040
11189
11189
11337
11337
11337
11337
11333
11486
11486
11491
11036
11189
11189
11184
11184
11337
11333
11333
11333
11333
11486
11333
11639
11797
11950
11955
11802
11807
11500
10585
10278
10427
10580
10729
10882
10878
11031
11184
11180
11337
925
1848
2924
3998
4919
5685
6451
7062
7830
8290
772
1851
3083
4313
5233
6151
6917
7071
7529
8140
8598
9208
9511
9971
10274
10427
10729
10882
11184
11337
11491
11644
11644
11797
11950
12109
12262
12415
12420
11659
11352
11500
11654
11802
11955
11955
12104
11950
11950
12104
12104
12252
12252
12252
12405
12252
12252
12405
12405
12405
12405
12558
12553
