8130
8287
8594
8901
9054
9204
9357
9507
9660
9814
9967
9967
9963
9664
9357
9511
9664
9814
9967
9967
10120
10120
10116
10269
10269
10274
10431
9822
9818
9971
9971
10120
10120
10120
10274
10274
10269
10269
10427
10431
10436
9515
9361
9515
9664
9818
9818
9967
9967
10120
10120
10278
10282
10440
10436
9822
9208
9361
9511
9664
9664
9818
9967
9967
10124
10282
10286
10282
10436
10431
9664
9054
9204
9357
9511
9660
9814
9971
9975
10133
10133
10286
10286
10282
10282
9668
8747
7980
8134
8284
8594
8905
9058
9212
9361
9515
9668
9818
9971
9971
10120
10120
9507
771
1542
2619
3697
4467
5237
5851
6467
6926
7385
7689
8147
8297
8605
8908
8451
7686
7074
7071
7378
7836
8140
8448
8755
8912
9219
9373
9527
9676
9676
9826
9979
9826
9062
9062
9216
9365
9519
9672
9822
9822
9975
10129
10133
10286
10291
10286
10440
10286
9369
9216
9369
9519
9672
9822
9822
9975
9975
10129
10124
10278
10278
10282
10440
10444
9830
9066
9369
9523
9672
9672
9826
9979
9975
10129
10129
10282
10282
10278
10431
10431
10282
9826
9672
9672
9822
9975
9975
10129
10129
10278
10278
10278
10431
10431
10431
10431
10431
10124
10124
10129
10286
10286
10436
10436
10436
10436
10436
10436
10431
10585
10585
10585
10585
10278
9365
9365
9515
9668
9822
9979
9984
10137
10133
10286
10286
10282
10436
10436
10436
10436
10436
9672
9212
9519
9672
9668
9822
9975
9975
10129
10133
10291
10286
10286
10440
10440
10436
10436
10282
9365
9519
9672
9822
9822
9975
10129
10129
10278
10278
10278
10436
10440
10440
10440
10440
10589
9979
9216
9365
9519
9672
9822
9975
9975
10129
10124
10124
10278
10278
10278
10431
10436
10436
10593
10286
9369
9216
9369
9519
9672
9672
9822
9975
9975
10129
10129
10282
10278
10278
10431
10431
10431
10431
9979
10129
10129
10282
10282
10278
10278
10431
10431
10431
10431
10431
10585
10585
10580
10580
10580
8476
8934
9239
9547
9850
9239
8476
8630
9088
9393
9547
9700
9242
8322
8476
8934
9242
9547
9850
9088
8322
8784
9088
9393
9547
9700
9239
8476
8476
8934
9242
9547
9700
9547
8784
8322
8784
9088
9242
9547
9700
9242
8476
8630
8934
9242
9547
9854
9700
8784
8322
8780
9088
9393
9700
10004
9242
8476
8784
9088
9393
9547
9700
9850
9088
8322
8630
8934
9242
9393
9700
10004
9088
8322
8630
9088
9242
9393
9700
9850
9242
8476
8476
8780
9242
9547
9854
10004
9393
8630
8476
8934
9239
9547
9700
9854
9850
8934
8167
8476
8780
9242
9547
9850
10004
9393
8630
8476
8934
9239
9547
9696
9696
9850
9085
8322
8322
8626
9088
9393
9700
9850
9850
9088
8322
8630
9088
9393
9547
9700
9850
9850
9088
8322
8322
8780
9242
9393
9547
9700
10004
9242
8476
8322
8630
9088
9393
9547
9696
9846
9842
9073
8766
8916
9066
9216
9369
9365
9519
9515
9668
9668
