9377
9531
9527
9680
9830
9984
9979
10133
10133
10129
10282
10282
10282
9975
9975
10129
10133
10291
10286
10286
10440
10436
10436
10436
10436
10436
9826
9062
9212
9519
9519
9668
9826
9984
10137
10137
10137
10286
10286
10286
9979
9062
9216
9365
9519
9672
9826
9975
9975
10129
10133
10291
10291
10286
10286
9523
9216
9369
9523
9672
9672
9826
9975
9975
10129
10129
10129
10282
10286
10291
9373
9523
9676
9826
9826
9979
9975
10129
10129
10282
10282
10282
10431
10431
10278
10436
10440
10444
10440
10593
10593
10589
10589
10589
10589
10589
10589
10585
9975
9058
9212
9365
9519
9672
9830
9984
9984
10137
10133
10133
10286
10282
10282
10436
9672
9212
9365
9519
9668
9668
9822
9975
9975
10133
10137
10291
10295
10295
10444
10444
9527
8608
7843
7843
8147
8451
8758
9062
9216
9365
9519
9672
9822
9826
9984
10137
10137
10137
9219
9219
9369
9523
9672
9826
9826
9975
10129
10129
10129
10282
10278
10278
10436
10436
9984
9979
10133
10133
10282
10282
10282
10436
10431
10431
10431
10431
10431
10585
10585
10585
10278
10431
10436
10593
10593
10589
10589
10589
10589
10589
10589
10585
10585
10585
10585
10282
9365
9365
9515
9668
9822
9826
9979
10137
10137
10286
10286
10282
10436
10436
10436
10431
10282
9519
9058
9058
9365
9515
9668
9668
9822
9975
9979
10133
10286
10286
10286
10282
10436
10436
9975
9212
9058
9212
9365
9515
9668
9822
9822
9971
10124
10124
10282
10286
10286
10440
10440
10436
10133
9216
9365
9519
9672
9822
9975
9975
10129
10124
10278
10278
10278
10431
10431
10436
10440
10593
9984
9369
9523
9672
9826
9826
9975
10129
10129
10129
10282
10282
10278
10278
10431
10431
10431
10431
9979
9979
10133
10129
10282
10282
10282
10278
10431
10431
10431
10431
10431
10585
10585
10580
10580
10431
10278
10278
10436
10440
10440
10589
10589
10589
10589
10589
10589
10585
10585
10585
10585
10585
10585
10129
8780
9085
9393
9696
10004
9547
8780
8934
9393
9700
9850
10004
9242
8630
8934
9239
9547
9850
9850
8934
8780
9242
9547
9854
10004
9700
8780
8934
9239
9547
9850
10158
9547
8784
8934
9242
9547
9700
9850
9700
8934
8630
8934
9239
9700
9850
10004
9088
8630
9088
9393
9700
10004
10158
9393
8630
8934
9242
9547
9850
10158
9850
8934
8780
9088
9547
9700
10004
10312
9547
8630
8934
9239
9547
9850
10004
10158
9239
8476
8780
9239
9547
9696
9850
10004
9239
8476
8472
8934
9239
9547
9850
10158
9547
8626
8626
8934
9239
9547
9850
9850
9850
8934
8167
8476
8934
9239
9547
9850
10004
9393
8630
8167
8630
9088
9393
9700
10004
10158
9242
8476
8476
8780
9242
9547
9854
10004
9850
9088
8322
8784
9088
9393
9700
9854
10004
10004
9088
8322
8476
8780
9242
9547
9700
10004
9850
9088
8322
8476
8780
9088
9393
9700
10004
10004
9088
8322
12144
12298
12446
12600
12600
12144
12298
12446
12600
12600
12144
12298
12451
12446
12600
12600
12144
12298
12451
12600
12600
11990
11990
12144
12298
12451
12446
11683
11678
11673
11668
11668
11663
11659
11659
11505
11500
11500
11500
11496
11496
11496
11496
11496
11496
11491
11649
11802
12114
12114
11505
11352
11352
11352
11347
11347
11347
11342
11496
11342
11496
11496
11496
11496
11496
11491
11491
11491
11491
11491
11649
11960
12114
12267
11965
11203
11198
11198
11194
11347
11347
11347
11342
11342
11342
11342
11342
11496
11491
11491
11491
11491
11491
11337
11649
11802
11955
12114
12267
12426
11663
11970
12124
12282
12436
12589
12589
11980
12288
12441
12595
12595
12748
12748
12902
13056
13056
13209
13209
13363
13209
13363
13363
13363
13363
13363
13363
13363
13516
13511
13511
13511
13511
13511
13511
13511
13511
13511
13511
13511
13812
13812
13812
13812
13812
13812
13812
13812
13812
13812
13812
13812
13812
13812
13812
13812
13812
13812
13812
13812
13659
13812
13812
13812
13812
13659
13659
13505
13357
13204
13050
13050
13050
13204
13204
13357
13357
13357
13352
13505
13505
13505
13505
13505
13505
13659
13659
13505
13505
13505
13505
13664
13664
13664
13664
13664
13664
13659
13659
13659
13659
13659
13812
13812
13812
13812
13812
13812
13812
13812
13812
13659
13659
13659
13664
13659
13812
13659
13659
13659
13659
13659
13659
13659
13659
13664
13664
13659
13659
13659
13659
13659
13659
13659
13659
13659
13664
13664
13664
13659
13659
13659
13659
13659
13659
13659
13659
13659
13659
13664
13664
13659
13659
13659
13659
