1860
2478
3559
4793
5716
6637
7097
7406
8174
8784
9396
9854
10162
10466
10774
11077
11231
11534
11534
11688
11841
11990
12144
12144
12298
12298
12298
12298
12451
12451
12605
12605
12605
12600
12600
12600
12600
12451
12446
12446
12605
12605
12605
12605
12605
12605
12600
12600
12600
12600
12600
12451
12605
12605
12605
12600
12600
12600
12451
12446
12446
12446
12605
12605
12605
12451
12605
12605
12605
12600
12600
12600
12446
12446
12446
12600
12600
12600
12600
12600
12446
12446
12446
12600
12600
12600
12600
12446
12446
12600
12600
12600
12600
12600
12600
12446
12600
12600
12600
12600
12600
12600
12600
12600
12600
12600
12600
12600
12600
12600
12600
12446
12600
12600
12600
12600
12600
12600
12600
12451
12451
12451
12600
12600
12600
12600
12600
12451
12451
12451
12605
12605
12605
12600
12600
12451
12451
12451
12451
12451
12605
12605
12605
12600
10629
10629
10629
10629
10629
10629
10629
10629
10629
10629
10629
10629
10475
10475
10475
10475
10475
10475
10475
10629
10629
10629
10629
10629
10629
10475
10475
10475
10475
10475
10475
10475
10475
10475
10475
10629
10629
10629
10321
10475
10475
10475
10475
10475
10475
10475
10475
10475
10629
10629
10629
10321
10475
10475
10475
10475
10475
10475
10475
10475
10629
10629
10629
10629
10475
10475
10475
10475
10475
10475
10475
10475
10475
10475
10475
10475
10475
10475
10321
10321
10475
10475
10475
10475
10475
10475
10475
10475
10475
10629
10629
10629
10321
10475
10475
10475
10475
10475
10475
10475
10475
10475
10629
10629
10629
10629
10475
10475
10475
10475
10475
10475
10475
10475
10475
10475
10629
10629
10629
10629
10629
10475
10475
10475
10475
10475
10475
10475
10475
10629
10629
10629
10629
10629
10629
10629
10321
10475
10475
10475
10475
10475
10475
10475
10475
10629
10629
10629
10629
10629
10629
10475
10475
10475
10475
10475
10475
10475
10475
10475
10629
10629
10629
10629
10629
10629
10321
10321
10321
10475
10475
10475
10475
10475
10475
10475
10475
10475
10629
10629
10629
10475
10321
10475
10475
10475
10321
10321
10321
10321
10321
10321
10321
10321
10321
10321
10167
10167
10167
10167
10017
10017
10171
10167
10167
10321
10321
10321
10321
10475
10475
10475
10475
10475
10475
10629
10321
10321
10321
10321
10475
10475
10475
10475
10475
10475
10629
10629
10629
10629
10629
10629
10475
10321
10475
10475
10475
10475
10475
10475
10475
10629
10629
10629
10629
10629
10629
10629
10629
10321
10321
10321
10475
10475
10475
10475
10475
10475
10475
10629
10629
10629
10629
10629
10629
10629
10321
10475
10475
10475
10475
10475
10475
10475
10629
10629
10629
10629
10629
10629
10629
10629
10629
10321
10475
10475
10475
10475
10475
10475
10475
10629
10629
10629
10629
10629
10629
10629
10629
10629
10475
13516
13516
13516
13516
13516
13516
13516
13516
13516
13516
13516
13516
13516
13516
13516
13516
13516
13516
13516
13516
13516
13516
13516
13516
13516
13363
13516
13516
13516
13516
13516
13516
13516
13511
13511
13511
13363
13363
13363
13516
13516
13516
13363
13363
13516
13516
13516
13363
13363
13516
13516
13516
13516
13516
13516
13516
13516
13516
13516
13516
13516
13516
13516
13516
13516
13516
13516
13516
13516
13516
13516
13516
13516
13516
13516
13516
13516
13516
13516
13516
13516
13516
13516
13516
13516
13516
13516
13516
13516
13516
13516
13516
13516
13516
13516
13516
13516
13516
13516
13516
13516
13516
13516
13516
13516
13516
13516
13516
13516
13516
13516
13516
13516
13516
13516
13516
11832
11832
11832
11832
11837
11837
11837
11837
11837
11837
11837
11837
11837
11837
11837
11837
11837
11837
11837
11837
11837
11837
11837
11837
11837
11837
11683
11837
11837
11837
11837
11837
11837
11837
11837
11837
11837
11683
11837
11837
11837
11837
11837
11837
11837
11837
11837
11837
11837
11837
11837
11837
11837
11837
11837
11837
11837
11837
11837
11837
11837
11837
11837
11837
11837
11837
11837
11837
11837
11837
11837
11837
11837
11837
11837
11837
11837
11837
11837
11837
11837
11837
11837
11837
11837
11837
11837
11837
11837
11837
11837
11837
11683
11683
11837
11837
11837
11837
11683
11837
11837
11832
11832
11832
11832
11837
11837
11837
11832
11832
11832
11832
11832
11832
11832
11832
11837
11837
11837
