2003
2772
3849
4925
5848
6464
7231
7231
6769
6615
7074
7532
7990
8294
8598
8751
9054
9208
9357
9664
9975
10282
10589
10896
10896
10589
9826
9058
9208
9361
9511
9664
9818
9814
9967
10120
10274
9822
9971
9971
10124
10120
10120
10274
10274
10423
10423
10116
10116
10269
10423
10734
11040
11198
11352
10440
9523
8758
8601
8908
9058
9212
9361
9515
9664
9818
9971
9967
9365
9361
9515
9668
9664
9818
9818
9967
9967
10120
10120
9967
9967
10120
10274
10580
10738
11045
11198
11049
9979
9066
8451
8601
8908
9058
9361
9515
9664
9664
9818
9967
9967
9668
9668
9818
9818
9971
9967
10120
10120
10274
10269
10269
10423
10116
10269
10423
10734
10887
11198
11352
11505
10891
9975
9515
9668
9818
9971
9967
10120
10120
10274
10269
10269
10423
463
1543
2776
3852
4775
5695
6461
7228
7840
7686
8144
8601
9216
9676
9984
10291
10598
10291
9680
9830
10133
10440
10743
11045
11198
11352
11500
11347
11500
11654
11807
11802
11955
11955
12109
11955
11955
12109
12109
12104
12257
12257
12257
12262
12109
12257
12257
12257
12257
12257
12257
12415
11960
11659
11807
11960
11955
12109
12109
12109
12262
11955
