2157
2772
3694
4461
5075
5687
6300
6761
7219
7680
7987
7836
8140
8444
8751
8901
9054
9357
9511
9664
9660
9660
9814
10120
10431
10738
11045
10896
9826
9062
8451
8601
8908
9058
9208
9361
9511
9664
9818
9971
9515
9668
9818
9971
9971
10120
10120
10274
10269
10269
10116
10116
10427
10734
11045
11198
11352
11049
10282
9975
10129
10124
10278
10278
10274
10427
10427
10427
10427
9971
9971
10124
10120
10120
10274
10274
10423
10423
10423
10269
10269
10423
10734
11040
11194
11352
11352
11198
10278
9361
9515
9664
9818
9967
9967
10120
10120
10269
10427
10734
10129
10129
10124
10124
10278
10274
10274
10427
10427
10423
10423
10423
10116
10269
10580
10887
11045
11198
11352
11198
11045
10124
9515
9664
9818
9818
9967
9967
10120
10120
10269
10427
10734
10282
10278
10278
10431
10427
10427
10427
10427
10427
10576
10576
10576
10423
10576
10887
11040
11352
11505
11505
11352
11352
10891
10124
9515
9515
9664
9818
9818
9967
10120
10120
10274
10585
10891
10436
10129
10129
10278
10278
10278
10427
10427
10427
10427
10427
10576
10576
10423
10734
11040
11198
11352
11505
11352
11194
11194
11194
10580
9818
9361
9511
9664
9818
9814
9967
10120
10427
10738
11045
11049
9984
923
1846
2922
3843
4609
5378
6300
7065
7833
8448
8448
7987
7526
12441
12595
12748
12743
12743
12441
12595
12595
12748
12748
12288
12441
12595
12748
12748
12595
12441
12595
12748
12748
12902
12441
12595
12748
12748
12902
12595
12441
12595
12748
12748
12902
12293
12441
12595
12748
12902
12902
12441
12595
12595
12748
12902
12748
12441
12595
12748
12748
12902
12595
12441
12595
12595
12748
12748
12595
12446
12595
12595
12748
12902
12902
12293
12441
12595
12748
12748
12902
12446
12441
12595
12748
12902
12902
12441
12441
12595
12748
12902
12902
12902
12293
12441
12595
12748
12902
12902
12441
12441
12595
12748
12748
12902
12902
12288
12441
12595
12748
12748
12902
12902
12441
12595
12595
12748
12897
12897
12897
12441
12441
12595
12748
12897
12897
12897
12288
12441
12595
12743
12897
12897
12897
