2624
3547
4623
5543
6461
7228
7532
8144
8755
9212
9515
9971
10278
10580
10729
11036
11189
11337
11491
11644
11792
11792
11945
12099
12099
12252
12252
12247
12400
12400
12400
12400
12400
12553
12711
12410
12109
12109
12104
12257
12257
12252
12252
12405
12405
12405
12558
12558
12553
12553
12553
12553
12553
12553
12553
12553
12553
12553
12706
12706
12706
12706
12553
12553
12553
12553
12400
12252
12099
11792
11797
11649
11654
11500
11505
11352
11352
10896
10589
10738
10891
11194
11342
11496
11649
11342
11491
11644
11797
11950
11945
12099
12099
12252
12252
12252
12400
12400
12400
12400
12400
12400
12553
12553
12400
12405
12252
12099
12099
11945
11950
11802
11654
11659
11659
11505
10747
10896
11045
11198
11500
11654
11649
11802
11955
11950
12104
12104
12257
12252
12405
12405
12405
12405
12405
12558
12558
12558
12558
