2006
2777
3700
4621
5235
6005
6618
6926
6467
6159
6618
7231
7535
7993
8297
8601
8144
8144
8448
8755
8905
9212
9365
9515
9515
9668
9818
9971
9971
10124
10124
10124
10124
10124
10278
10278
10427
10427
10427
10278
10278
10431
10436
10589
10593
10589
10743
9979
9062
9062
9369
9519
9672
9822
9975
9975
9975
9975
10129
10278
10278
10278
10431
10431
10278
10278
10278
10431
10431
10431
10585
10580
10580
10431
10431
10427
10427
10580
10580
10585
10585
10436
9826
9979
10129
10129
10282
10278
10431
10431
10431
10278
10278
10431
10431
10431
10427
10580
10580
10278
10431
10431
10431
10431
10580
10580
10580
10580
10431
10431
10431
10431
10585
10580
10580
10580
10580
10431
10129
10129
10282
10278
10431
10431
10431
10585
10585
10278
10278
10431
10427
10427
10580
10580
10580
10580
10580
10427
10427
10427
10427
10580
10580
10580
10580
10580
10427
10427
10427
10580
10580
10580
10580
10580
10580
10738
10133
10133
10282
10282
10282
10436
10431
10431
10431
10585
10278
10278
10431
10431
10431
10431
10585
10585
10580
10580
10431
12436
12589
12743
12897
12891
12743
12891
13045
13045
13198
13198
13198
13352
13352
13352
13352
13346
13499
13499
13499
13505
13505
13499
13499
13499
13499
13499
13499
13499
13499
13499
13499
13499
13340
13340
13182
13182
13023
13023
12870
12864
12864
12864
12864
12864
12864
12711
12706
12706
12553
12553
12553
12553
12553
12553
12553
12553
12553
12553
12553
12553
12553
12553
12553
12553
12553
12553
12553
12553
12711
12711
12870
12870
12870
13028
12267
12114
12109
12109
12262
12257
12257
12410
12410
12405
12405
12405
12405
12558
12558
12558
12558
12553
12553
12553
12553
12553
12553
12553
12553
12553
12553
12553
12553
12553
12553
12553
12553
12553
12553
12553
12553
12553
12711
12711
12870
12870
13028
13028
12267
12114
12109
12262
12262
12410
12410
12410
12293
12134
12129
12124
12124
12119
11817
11812
11812
11960
11960
11960
11960
11955
11955
11955
11955
11950
11955
11950
11950
12104
12104
12104
12104
12104
12104
12104
12104
12104
12104
12104
12104
12104
12104
12104
12104
12104
12104
12099
12257
12262
12114
11505
11654
11654
11802
11802
11802
11802
11802
11955
11955
11955
11955
12104
11950
11950
12104
12104
12104
12104
12104
12104
12104
12104
12104
12104
12104
12104
12104
12104
12104
12104
12104
12104
12104
12104
12104
12104
12104
12104
12104
12257
11347
11500
11500
11649
11649
11649
11802
11496
11649
11649
11797
11797
11797
11950
11950
11950
11950
11950
11950
12104
12104
12104
11950
11950
12104
12104
12104
12104
12104
12104
12104
12104
12104
12104
12104
12104
12104
12104
12104
12104
12104
12257
12262
12415
12420
11659
11352
11505
11505
11654
11654
11807
11807
11802
12897
12897
13050
13050
13050
13050
13050
13050
13050
12891
12738
12579
12579
12579
12420
12420
12267
12262
12262
12262
12262
12257
12109
12104
12104
12104
12104
12104
12104
12104
12104
12104
12104
12104
11950
11950
11950
12104
12104
12104
11950
11950
11950
11950
11950
11950
12104
11950
11950
11950
12104
12109
12262
11807
11654
11654
11807
11802
11802
11802
11802
11955
11955
11950
11950
11950
11950
11950
11950
11950
11950
11950
12104
12104
11950
11950
11950
11950
11950
12104
12104
11950
11950
12104
12104
12104
12104
12104
12104
12104
12104
12104
12104
12104
12104
11950
12104
12109
12262
12420
12420
12426
11510
11659
11659
11659
11807
11807
11807
11955
11802
11955
11955
11955
11955
11955
11955
11955
11950
11950
11950
11950
12104
12104
12104
11950
11950
11950
12104
12104
12104
12104
12104
