2014
2786
4021
5098
6174
6943
7708
8476
9242
9854
10158
10616
11073
11529
11837
11985
12293
12441
12748
12902
13056
13050
13204
13357
13511
13511
13511
13664
13659
13812
13812
13812
13812
13965
13965
13965
13965
13965
13965
13965
13965
14119
13965
14119
14119
14119
14119
13965
13965
13965
13965
14119
14119
13965
13965
13965
13965
14119
14119
13965
13965
13965
14119
14119
14119
13965
14119
14119
14119
14119
14119
13965
13965
14119
14119
14119
14119
14119
14119
14119
14119
14119
14119
13965
13965
14119
14119
14119
14119
13965
13965
14119
14119
14119
14119
14119
14119
14119
14119
14119
14119
14119
14119
14119
14119
14119
14119
14119
14119
13965
14119
14119
14119
14119
14113
14113
12605
12600
12600
12754
12754
12754
12600
12600
12759
12754
12754
12754
12600
12600
12754
12754
12754
12754
12600
12605
12754
12754
12754
12754
12600
12600
12754
12754
12754
12754
12754
12600
12754
12754
12754
12754
12754
12600
12754
12754
12754
12754
12754
12754
12600
12600
12754
12754
12754
12754
12600
12600
12754
12754
12754
12754
12754
12600
12754
12754
12754
12754
12754
12754
12600
12754
12754
12754
12754
12754
12754
12600
12754
12754
12754
12754
12754
12754
12907
12600
12754
12754
12754
12754
12754
12754
12600
12754
12754
12754
12754
12754
12754
12600
12600
12754
12754
12754
12754
12754
12754
12754
12754
12754
12754
12754
12754
12754
12754
12754
12754
12754
12754
12754
12754
12754
12754
12600
12754
12754
12754
12754
12754
12754
12754
12600
12600
12600
12600
12600
12600
12605
12605
12605
12605
12605
12600
12600
12600
12600
12600
12600
11837
11837
11837
11837
11837
11837
11837
11837
11837
11837
11837
11837
11837
11837
11837
11683
11837
11837
11837
11837
11837
11683
11683
11837
11837
11837
11683
11683
11837
11837
11837
11683
11837
11837
11837
11837
11837
11683
11837
11837
11837
11837
11837
11837
11837
11837
11837
11837
11837
11837
11837
11837
11837
11837
11837
11837
11837
11837
11837
11837
11837
11837
11837
11837
11837
11837
11837
11837
11837
11837
11837
11837
11837
11837
11837
11837
11837
11832
11832
11837
11832
11832
11832
11832
11832
11837
11837
11832
11832
11832
11832
11832
11832
11832
11832
11832
11832
11832
11837
11832
11832
11832
11832
11832
11832
11832
11832
11832
11837
11837
11832
11832
11837
11837
11837
11837
11837
11837
11837
10629
10629
10629
10629
10629
10629
10629
10629
10629
10629
10629
10629
10475
10475
10475
10475
10475
10475
10475
10629
10629
10629
10629
10629
10629
10321
10321
10475
10475
10475
10475
10475
10475
10475
10475
10475
10629
10629
10475
10475
10475
10475
10475
10475
10475
10475
10629
10629
10629
10629
10629
10321
10321
10475
10475
10475
10475
10475
10475
10475
10475
10629
10629
10629
10629
10321
10321
10475
10475
10475
10475
10475
10475
10629
10629
10629
10629
10629
10475
10475
10475
10475
10475
10475
10629
10629
10629
10629
10629
10629
10629
10629
10475
10475
10475
10475
10475
10475
10475
10629
10629
10629
10629
10629
10629
10629
10629
10475
10475
10475
10475
10475
10475
10475
10629
10629
10629
10629
10629
10629
10629
10475
10475
10475
10475
10475
10475
10629
10629
10629
10629
10629
10629
10629
10629
10629
10321
10475
10475
10475
10475
10475
10321
10321
10321
10321
10321
10321
10321
10321
10321
10321
10167
9863
9863
10017
10017
10167
10167
10321
10321
10321
10475
10475
10475
10475
10475
10475
10321
10167
10167
10167
10321
10321
10321
10475
10475
10475
10475
10475
10475
10475
10629
10629
10321
10321
10475
10475
10475
10475
10475
10475
10475
10475
10629
10629
10629
10629
10629
10629
10321
10321
10321
10475
10475
10475
10475
10475
10475
10629
10629
10629
10629
10629
10629
10629
10321
10475
10475
10475
10475
10475
10475
10475
10475
10475
10475
10629
10629
10629
10629
10629
10629
10475
10475
10475
10475
10475
10475
10629
10629
10629
10629
10629
10629
10629
10629
10624
10629
10321
10475
10475
10475
10475
10475
10475
10475
10475
10629
10629
10629
10629
10629
10629
10629
10629
10321
10475
10475
10475
10475
10475
10475
10475
10629
10629
10629
10629
10629
10629
10629
10629
10629
10321
10321
10475
10475
10475
10475
10475
10475
10475
10475
10629
10629
10629
10629
10629
10629
10629
10629
