7520
7523
7830
8287
8440
8747
9051
9204
9357
9507
9660
9660
9814
9664
9361
9515
9664
9818
9971
9967
10120
10120
10120
10269
10269
10274
10431
9975
9822
9818
9971
9971
10120
10120
10274
10274
10274
10269
10427
10431
10436
9822
9208
9361
9511
9664
9818
9814
9967
9967
10120
10124
10282
10286
10444
10133
9212
8294
8137
8444
8747
8901
9204
9357
9515
9672
9826
9979
9975
10129
10124
9971
9208
9357
9511
9664
9660
9818
9975
10133
10133
10282
10282
10278
10278
10431
10124
9204
9204
9357
9511
9668
9822
9979
9979
10129
10129
10124
10278
10278
10278
10427
9664
9051
9357
9515
9672
9676
9834
9988
9992
10150
10150
10154
10308
10308
10312
10158
9242
8476
7712
771
1696
2774
3697
4465
5233
5846
6459
6920
7382
7843
8150
8455
8758
8912
8605
8297
8601
8908
9058
9212
9365
9519
9668
9822
9975
9975
10133
10137
10291
10286
9676
9216
9369
9523
9672
9826
9826
9975
9975
10129
10129
10129
10282
10282
10436
10440
9984
9830
9979
9979
10133
10133
10282
10282
10282
10436
10436
10436
10431
10431
10431
10431
10436
10440
10440
10440
10593
10593
10589
10589
10589
10589
10589
10589
10585
10585
10585
10436
9519
9212
9365
9519
9676
9830
9988
9984
10137
10133
10286
10286
10282
10282
10436
10436
10436
9672
9062
9212
9365
9515
9668
9826
9979
9984
10137
10133
10286
10282
10282
10282
10436
10436
10129
9519
9668
9668
9822
9975
9971
10124
10124
10282
10286
10440
10440
10440
10436
10436
10436
10436
9672
9212
9519
9672
9668
9822
9975
9975
9975
10129
10124
10282
10286
10444
10444
10440
10440
10440
9676
8758
8908
9062
9369
9365
9519
9672
9822
9975
9975
10129
10129
10278
10282
10286
10444
10440
10286
9369
9216
9369
9519
9672
9826
9975
9975
10129
10129
10129
10282
10282
10278
10278
10436
10436
10440
9984
9676
9830
9826
9979
10133
10133
10129
10282
10282
10282
10436
10431
10431
10431
10431
10431
10585
10282
10162
10466
10923
11077
11385
10774
10312
10620
10923
11231
11534
10769
10312
10620
10923
11231
11231
11231
10162
10008
10466
10769
11077
11231
10774
9854
10312
10620
10923
11231
11380
10466
10312
10620
10923
11231
11534
11077
10162
10312
10620
10923
11231
11385
10923
10008
10162
10620
10923
11231
11385
11077
10162
10162
10466
10769
11077
11380
11231
10316
10162
10620
10923
11231
11380
11534
10466
10158
10620
10923
11231
11534
11534
10774
10008
10466
10774
11077
11385
11380
11231
10312
10008
10312
10769
10923
10923
11077
11226
10312
9854
10312
10620
10923
11226
11534
11226
10158
10158
10616
10923
11231
11380
11534
11077
10162
10312
10620
10923
11231
11534
11688
11077
10008
10466
10774
11077
11077
11231
11231
11231
10312
9700
10008
10466
10774
11077
11385
11380
10774
9854
10008
10312
10774
10769
10923
10923
11077
10774
9854
9854
10312
10620
10923
11231
11534
11380
10466
