2161
3084
4008
4775
5543
6154
6766
6766
7074
7532
7990
8294
8601
8751
9058
9212
9361
9515
9668
9818
9818
9971
9971
9971
10124
10124
10278
10278
10278
10431
10431
10436
10436
10593
10593
10747
10747
9984
9066
8758
9062
9216
9369
9672
9826
9822
9975
9975
10129
10124
10278
10278
10278
10431
10431
10431
10431
10431
10585
10585
10580
10580
10431
10431
10585
10585
10580
10580
10580
10585
10738
10133
10129
10282
10282
10282
10431
10431
10431
10585
10278
10431
10431
10431
10427
10427
10580
10580
10427
10427
10580
10580
10580
10580
10580
10580
10580
10427
10580
10580
10580
10580
10580
10580
10580
10580
10580
10585
10589
10743
10747
10747
10747
10743
10743
9826
9523
9672
9826
9975
9975
10129
10129
10282
10278
10124
10278
10278
10278
10431
10431
10431
10431
10585
10431
10431
10585
10585
10580
10580
10580
10580
10580
10580
10431
10580
10580
10585
10585
10743
10743
10747
10747
10440
9373
9523
9676
9826
9826
9975
10129
10129
10282
10278
10129
10278
10278
10431
10431
10431
10431
10585
10585
10580
12584
12584
12579
12574
12574
12420
12415
12415
12410
12410
12410
12257
12257
12257
12252
12252
12252
12252
12252
12252
12252
12247
12247
12252
12252
12405
12400
12400
12400
12400
12400
12400
12400
12400
12400
12400
12400
12405
12558
12563
12716
12109
12262
12257
12257
12257
12252
12252
12252
12252
12405
12405
12405
12400
12252
12247
12247
12247
12252
12252
12252
12252
12252
12405
12400
12400
12400
12247
12247
12247
12252
12405
12400
12400
12400
12400
12400
12400
12400
12405
12405
11802
11955
11950
12104
12104
12099
12099
12099
12099
12099
12099
12252
12252
12247
12247
12247
12247
12247
12247
12247
12247
12247
12247
12247
12247
12400
12400
12400
12400
12400
12400
12400
12400
12400
12400
12400
12400
12400
12400
12405
12558
12563
12716
12722
11807
11960
11955
12109
12109
12104
12257
12257
