1860
2324
3559
4793
5716
6637
7252
7560
8171
8784
9246
9705
10162
10466
10774
11077
11231
11380
11534
11534
11688
11841
11990
12144
12298
12144
12298
12298
12451
12451
12451
12451
12451
12451
12605
12605
12600
12600
12451
12451
12451
12446
12451
12605
12451
12451
12451
12605
12605
12600
12600
12451
12451
12451
12451
12605
12605
12600
12451
12451
12446
12446
12446
12446
12446
12600
12451
12446
12446
12446
12600
12600
12600
12446
12446
12446
12446
12600
12600
12600
12446
12446
12446
12446
12446
12446
12600
12600
12446
12446
12446
12446
12600
12600
12600
12600
12293
12446
12446
12446
12446
12446
12600
12446
12446
12446
12446
12446
12446
12600
12600
12446
12446
12446
12446
12446
12446
12446
12446
12446
12446
12446
12600
12600
12600
12600
12600
12600
12446
12446
12446
12605
12605
12600
12600
12600
12451
12451
12451
12446
12446
12600
12600
12600
12600
14113
14113
14113
14119
14119
14119
14119
14119
14119
14119
14119
14119
14119
14119
14119
14119
14119
14119
14119
14119
14119
14119
14119
14119
14119
14119
14119
14119
14119
14119
14119
14119
14119
14119
14119
14119
14119
14119
14119
14119
14119
14119
14119
14119
14119
14119
14119
13965
14119
14119
14119
14119
14119
14119
14119
14119
14119
14119
13965
14119
14119
14119
14119
14119
14119
14119
14119
14119
14119
14119
13965
14119
14119
14119
14119
14119
14119
14119
14119
14119
14119
14119
14119
14119
14119
14119
14113
14113
14113
13960
13960
13960
14119
14119
14119
14119
14119
14119
14119
14119
14119
14119
13965
13965
13965
14119
14119
14119
14119
14119
14119
14119
14113
14113
14113
10629
10629
10629
10629
10629
10629
10629
10629
10629
10629
10629
10629
10629
10475
10475
10475
10475
10629
10629
10629
10629
10629
10629
10629
10629
10475
10475
10475
10475
10475
10475
10629
10629
10629
10629
10629
10629
10629
10475
10475
10475
10475
10475
10475
10629
10629
10629
10629
10629
10629
10629
10475
10475
10475
10475
10475
10475
10475
10629
10629
10629
10629
10629
10629
10629
10321
10321
10475
10475
10475
10475
10475
10475
10629
10629
10629
10629
10629
10475
10475
10475
10475
10475
10475
10475
10475
10629
10629
10629
10629
10629
10629
10475
10475
10475
10475
10475
10475
10475
10629
10629
10629
10629
10629
10629
10629
10475
10475
10475
10475
10475
10475
10475
10629
10629
10629
10629
10629
10629
10629
10629
10475
10475
10475
10475
10475
10475
10629
10629
10629
10629
10629
10629
10629
10629
10629
10475
10475
10475
10475
10475
10475
10475
10629
10629
10629
10629
10629
10629
10629
10629
10171
10321
10321
10321
10475
10475
10475
10475
10475
10475
10475
10629
10629
10629
10629
10321
10475
10475
10475
10475
10475
10475
10475
10475
10629
10629
10629
10629
10629
10629
10629
10321
10475
10475
10475
10475
10475
10475
10629
10629
10629
10629
10629
10629
10629
10629
10629
10475
10475
10475
10475
10475
10475
10629
10629
10629
10629
10629
10629
10629
10629
10629
10629
10475
10475
10475
10475
10475
10475
10475
10475
10629
10629
10629
10629
10629
10629
10629
10629
10321
10475
10475
10475
10475
10475
10475
10475
10475
10475
10629
10629
10629
10629
10629
10629
10629
10475
10475
10475
10475
10475
10475
10475
10629
10629
10629
10629
10629
10629
10629
10629
10629
10475
10475
10475
10475
10475
10475
10475
10629
10629
10629
10629
10629
10629
10629
10629
10629
10629
10629
10475
10475
10475
10475
10475
10475
10475
10629
10629
10629
10629
10629
10629
10629
10629
10629
10629
10919
10919
10919
10919
10919
10919
10919
10919
10919
10919
10919
10919
10919
10919
10919
10919
10919
10765
10765
10919
10919
10919
10919
10765
10765
10919
10919
10919
10919
10765
10765
10919
10919
10919
10919
10919
10765
10919
10919
10919
10919
10919
10765
10765
10919
10919
10919
10919
10919
10765
10765
10765
10919
10919
10919
10765
10765
10919
10919
10919
10919
10919
10765
10765
10765
10765
10919
10919
10919
10765
10765
10765
10765
10765
10765
10919
10765
10765
10765
10919
10919
10919
10919
10765
10765
10765
10765
10919
10919
10919
10919
10765
10765
10765
10765
10919
10919
10919
10765
10765
10765
10919
10919
10919
10919
10919
10765
10765
10919
10919
10919
10919
10919
10765
10765
10765
10919
10919
10919
10919
10919
10765
10765
10919
10919
10919
10919
10919
10919
10765
10765
10765
10919
10919
10919
10919
10919
