2159
2775
3851
4619
5387
5997
6610
7068
7683
7833
8290
8751
9054
9357
9664
10124
9519
9822
9975
10124
10278
10427
10580
10580
10734
10882
10882
11036
11036
11031
11184
11184
11184
11342
11649
11807
11807
11505
10896
10891
11045
11040
11040
11194
11189
11189
11189
11189
11189
11342
11337
11337
11337
11337
9523
9676
9979
10129
10282
10431
10585
10734
10734
10580
10734
10882
10882
11036
11036
11189
11184
11184
11342
11649
11807
11960
12119
11505
10896
10891
11045
11045
11194
11194
11194
11194
11342
11342
11342
11342
11342
11342
11342
11491
11496
11496
11045
11040
11040
11040
11194
11189
11189
11189
11342
11342
11184
11337
11337
11337
11337
11337
11491
11491
11491
925
2158
3235
4157
5077
5844
6456
7068
7680
7833
8290
8594
9054
9515
9822
10282
10589
10282
9979
10129
10431
10431
10585
10734
10887
10887
11036
11036
11036
11189
11189
11189
11342
11342
11337
11337
11337
10891
10896
11203
11510
11663
11970
12124
11673
11520
11827
11980
12134
12288
12441
12595
11837
11837
11837
11837
11837
11683
11683
11837
11837
11837
11683
11837
11837
11837
11837
11683
11683
11837
11837
11837
11837
11837
11837
11837
11837
11837
11683
11837
11837
11837
11837
11837
11837
11837
11837
11837
11837
11683
11837
11837
11837
11837
11837
11837
11837
11837
11837
11837
11837
11837
11837
11837
11837
11837
11837
11837
11837
11837
11837
11837
11837
11837
11837
11837
11837
11837
11837
11837
11837
11837
11837
11837
11837
11837
11837
11837
11837
11837
11837
11837
11837
11837
11837
11832
11990
11683
11683
11683
11683
11683
11529
11529
11226
10616
10769
10769
10769
10769
10769
10769
10769
10616
10616
10616
10462
10462
10462
10616
10616
10462
10004
10154
10462
10616
10765
10765
10919
11073
11073
11222
11375
11375
11529
11529
13659
13659
13659
13659
13659
13664
13664
13659
13659
13659
13659
13659
13659
13659
13664
13664
13664
13659
13659
13659
13659
13659
13659
13659
13659
13659
13664
13659
13659
13659
13659
13659
13659
13659
13659
13659
13659
13659
13659
13659
13812
13659
13659
13659
13659
13659
13659
13659
13659
13659
13659
13659
13659
13659
13659
13659
13659
13659
13659
13659
13664
13659
13659
13659
13659
13659
13659
13659
13659
13659
13659
13664
13659
13659
13659
13659
13659
13659
13659
13659
13659
13659
13664
13664
13664
13659
13659
13659
13659
13659
13659
13659
13659
13659
13659
13664
13659
13659
13659
13659
13659
13659
13659
13664
13664
13664
13664
13659
13664
13659
13659
13659
13659
13659
13659
10629
10629
10629
10629
10629
10629
10629
10629
10629
10629
10629
10629
10475
10475
10475
10475
10475
10475
10629
10629
10629
10629
10629
10629
10629
10475
10475
10475
10475
10475
10475
10475
10629
10629
10629
10629
10629
10629
10475
10475
10475
10475
10475
10475
10475
10475
10629
10629
10629
10629
10629
10475
10475
10475
10475
10475
10475
10475
10629
10629
10629
10629
10629
10629
10321
10171
10171
10325
10321
10321
10321
10475
10475
10475
10475
10475
10475
10475
10321
10321
10475
10475
10475
10475
10475
10475
10475
10475
10629
10629
10629
10629
10321
10475
10475
10475
10475
10475
10475
10475
10629
10629
10629
10629
10629
10629
10475
10475
10475
10475
10475
10475
10475
10629
10629
10629
10629
10629
10629
10629
10629
10475
10475
10475
10475
10475
10629
10629
10629
10629
10629
10629
10629
10629
10629
10629
10475
10475
10475
10475
10475
10475
10475
10629
10629
10629
10629
10629
10629
10629
10629
10475
10475
10475
10475
10475
10475
10629
10629
10629
10629
10629
10629
10629
10629
10629
10321
10321
10475
10475
10475
10475
10475
10475
10629
10629
10629
10629
10629
10629
10629
10475
10475
10475
10475
10475
10475
10475
10475
10475
10629
10629
10629
10629
10629
10629
10629
10475
10475
10475
10475
10475
10475
10475
10629
10629
10629
10629
10629
10629
10629
10629
10629
10475
10475
10475
10475
10475
10475
10475
10475
10629
10629
10629
10629
10629
10629
10629
10629
10629
10475
10475
10475
10475
10475
10475
10475
10629
10629
10629
10629
10629
10629
10629
10629
10629
10475
10475
10475
10475
10475
10475
10475
10475
10475
10475
10475
10629
10629
10629
10629
10629
10629
10321
10475
10475
10475
10475
10475
10475
10475
10629
10629
10629
10629
10629
10629
10629
10629
10629
10475
10321
10475
10475
10475
10475
10475
10475
10475
10629
10629
10629
10629
10629
10629
10629
10629
10629
