2307
2768
3689
4458
5070
5836
6297
6755
7216
7673
7827
7526
7833
8137
8444
8594
8901
9054
9357
9511
9664
9511
9660
9814
9967
10274
10585
10891
10743
9975
9668
9822
9822
9971
10124
10124
10120
10274
10274
10274
10120
10427
10738
11045
11203
11203
11198
10431
9668
9208
9357
9511
9664
9818
9814
9967
9967
10274
10431
9834
10141
10449
10756
10910
11212
11371
10607
10304
10611
10914
11068
11375
11529
11683
11683
11837
11990
12139
12139
12293
12293
12293
12293
12446
12446
12446
12446
12600
12446
12446
12446
12446
12446
12600
12600
12451
12451
12451
12451
12600
12600
12600
12451
12451
12451
12451
12605
12605
12605
12600
12451
12451
12451
12451
12600
12600
12600
12605
12451
12451
12451
12605
12605
12600
12600
12451
12451
12451
12451
12605
12605
12605
12600
12451
12451
12451
12446
12600
12600
12600
12600
12451
12451
12446
12446
12600
12600
12600
12600
12600
12446
12446
12446
12600
12600
12600
12600
12600
12446
12446
12446
12446
12446
12605
12600
12600
12451
10629
10629
10629
10475
10475
10475
10475
10475
10321
10321
10321
10321
10321
10321
10171
10017
10017
10017
10167
10167
10167
10321
10321
10321
10321
10475
10475
10475
10017
10013
10167
10167
10321
10321
10321
10321
10475
10475
10475
10475
10475
10321
10321
10475
10475
10475
10475
10475
10475
10475
10629
10629
10629
10629
10475
10475
10475
10475
10475
10475
10475
10629
10629
10629
10629
10629
10629
10475
10475
10475
10475
10475
10475
10475
10629
10629
10629
10629
10629
10629
10629
10475
10475
10475
10475
10475
10475
10629
10629
10629
10629
10629
10629
10629
10629
10321
10321
10475
10475
10475
10475
10475
10475
10475
10475
10629
10629
10629
10629
10321
10321
10475
10475
10475
10475
10475
10475
10475
10629
10629
10629
10629
10629
10629
10321
10321
10475
10475
10475
10475
10475
10475
10629
10629
10629
10629
10629
10629
10629
10475
10475
10475
10475
10475
10475
10475
10475
10475
10629
10629
10629
10629
10629
10629
10475
10475
10475
10475
10475
10475
10475
10629
10629
10629
10629
10629
10629
10629
10629
10321
10475
10475
10475
10475
10475
10475
10475
10629
10629
10629
10629
10629
10629
10629
10475
10321
10321
10321
10475
10475
10475
10475
10475
10475
10629
10629
10629
10629
10629
10629
10321
10321
10321
10475
10475
10475
10475
10475
10475
10629
10629
10629
10629
10629
10629
10629
10475
10475
10475
10475
10475
10475
10475
10629
10629
10629
10629
10629
10629
10629
10629
10629
10629
10475
10475
10475
10475
10475
10475
10475
10629
10629
10629
10629
10629
10629
10629
10629
10629
10475
10475
10475
10475
10475
10475
10475
10629
10629
10629
10629
10629
10629
10629
10629
10629
10629
10475
10475
10475
10475
10475
10475
10475
10475
10475
10475
10629
10629
10629
10629
10629
10629
10629
10475
10321
10475
10475
10475
10475
10475
10475
10629
10629
10629
10629
10629
10629
10629
10629
10629
10629
