7216
7827
8134
8440
8751
8905
9216
9365
9519
9668
9822
9822
9664
8901
8747
9051
9208
9519
9676
9672
9826
9975
9975
10129
10124
10124
9971
9204
8444
8598
8747
9054
9204
9357
9511
9660
9660
9814
9967
10124
10129
9822
8905
8901
9054
9204
9357
9511
9664
9814
9814
9971
10129
10133
10282
10282
9822
9054
9208
9361
9511
9664
9818
9818
9971
10129
10133
10286
10282
10282
10282
9971
9357
9511
9511
9660
9660
9818
9822
9826
9975
9975
9975
9971
9971
9971
10120
10120
9814
9357
9511
9668
9826
9975
9975
10129
10124
10278
10278
10274
10274
10427
10427
10120
9361
617
1388
2312
3236
4157
4925
5538
6151
6610
7225
7529
7987
8294
8601
8755
8758
8147
8301
8451
8755
8908
9216
9365
9519
9668
9822
9822
9975
9971
10124
10124
9515
9668
9822
9975
10133
10133
10291
10286
10286
10282
10436
10436
10436
10436
10436
10129
9212
9365
9519
9668
9668
9822
9975
9975
10129
10129
10286
10291
10295
10449
10444
10444
9373
8608
7843
7843
8147
8451
8758
8908
9062
9365
9519
9672
9668
9822
9975
9975
10129
10133
9830
9219
9216
9369
9523
9672
9826
9826
9975
9975
10129
10129
10282
10278
10278
10278
10431
9822
9975
9975
10133
10286
10291
10286
10440
10440
10436
10436
10436
10436
10431
10585
10585
10129
9365
9515
9668
9668
9822
9971
9971
10124
10129
10282
10286
10440
10440
10436
10436
10436
10282
9365
9212
9365
9515
9668
9822
9975
9971
10124
10124
10278
10278
10278
10278
10436
10440
10444
9988
9073
925
2003
2925
3846
4767
5380
5992
6604
7062
7526
7833
8297
8448
8751
9058
9208
9361
8901
8290
8594
8744
9051
9204
9353
9511
9668
9826
9830
9984
9988
10146
10146
10150
10150
10154
10154
10004
9547
9088
9088
9088
9242
9396
9550
9550
9705
9705
9859
10013
10013
10167
10167
10321
10321
10321
10321
10321
9859
10013
10013
10167
10167
10321
10321
10321
10321
10475
10475
10475
10475
10475
10475
10475
10629
10475
14119
14119
14119
14119
14119
13965
13965
14119
14119
14119
14119
14119
14119
14119
14119
14119
14119
14119
14119
14119
14119
14119
14119
14119
14113
14119
14119
14113
14113
14113
13965
14119
14119
14119
14113
14113
14119
14119
14119
14119
14119
14119
14119
14119
14119
14119
14119
14119
14119
14119
14119
14119
13965
13965
13965
14119
14119
14119
13965
14119
14119
14119
14119
14119
13965
14119
14119
14119
14119
14119
14119
14119
14119
14119
14119
14119
13965
14119
14119
14119
14119
14119
13965
13965
14119
14119
14119
14119
14119
13965
13965
14119
14119
14119
14119
13965
13965
13965
13965
14119
14119
14119
14119
14119
14119
14119
14119
14119
13965
14119
14119
14119
14119
14119
14119
