8784
8938
9092
9246
9396
9396
9550
9705
9705
9859
9859
10013
10013
9863
9400
8788
8328
8483
8791
8942
9096
9250
9404
9558
9558
9709
9709
9863
9863
9713
9250
8791
8332
7718
8023
8332
8637
8791
8945
9100
9250
9404
9558
9558
9713
9867
9867
9404
8945
8332
7872
7564
7869
8178
8483
8637
8945
9096
9250
9404
9558
9554
9709
9709
9709
9558
9096
8332
7718
8023
8332
8483
8791
8945
9096
9250
9404
9558
9558
9713
9713
9863
9863
9713
9100
8486
8637
8791
8945
9100
9250
9404
9558
9713
9713
9863
9863
10017
10017
10017
9713
8945
8332
7718
7564
7869
8178
8486
8637
8945
9100
9250
9404
9558
9558
9713
9713
9867
9867
9404
8945
8332
7872
8023
8332
8641
8791
8945
9100
9250
9404
9558
9558
9713
9863
9863
9859
9396
8777
8315
7548
6932
6929
7388
7692
8150
8455
8608
8912
9066
9373
9531
9680
9834
9830
9984
9830
9066
8451
8758
8908
9216
9365
9519
9672
9822
9822
9979
10137
10137
10291
10286
10286
9826
8908
9216
9365
9519
9519
9668
9822
9975
9975
10124
10129
10286
10286
10440
10440
10286
9523
9523
9672
9672
9826
9975
9975
10129
10129
10282
10278
10278
10436
10440
10444
10440
9830
9369
9523
9672
9826
9826
9975
9975
10129
10129
10282
10282
10278
10431
10436
10440
10444
9680
9373
9523
9676
9826
9979
9979
10129
10129
10282
10282
10282
10282
10431
10431
10436
10593
9984
10133
10133
10286
10282
10282
10282
10436
10436
10436
10431
10431
10585
10585
10585
10585
771
1850
2928
3849
4617
5384
6000
6615
7077
7535
7840
8147
8451
8755
8908
9212
9212
8601
8144
8448
8755
8905
9058
9365
9515
9668
9668
9822
9975
10133
10137
10291
10286
10286
10286
9672
9062
9369
9519
9672
9672
9822
9975
9975
10129
10129
10282
10278
10278
10278
10436
10440
10440
9984
9219
9369
9523
9676
9672
9826
9979
9975
10129
10129
10282
10282
10278
10278
10431
10431
10431
10431
10129
10286
10286
10291
10449
10444
10444
10444
10440
10593
10593
10589
10589
10589
10589
10589
10585
10129
9212
8297
