2002
2617
3540
4461
5228
6302
7071
7532
7225
7683
7987
8444
8751
8901
9208
9357
9511
9660
9814
9967
10116
10274
10734
10887
11045
10436
10585
10585
10580
10580
10734
10734
10729
10729
10729
10729
10729
10729
10882
11194
11347
11654
11045
10891
10891
10887
10887
10887
10887
10882
10882
10882
10882
10882
10882
10882
11036
11347
11654
11812
1388
2466
3543
4465
5384
6151
6764
7375
7680
7983
8444
8747
9054
9357
9818
10124
10129
9975
10124
10431
10431
10580
10734
10734
10887
10887
10882
11036
11036
11036
11189
11342
11500
11352
11045
11045
11194
11194
11194
11342
11342
11342
11342
11189
11189
11337
11337
11337
11337
11649
11802
11198
11194
11347
11347
11342
11342
11342
11342
11342
11342
11342
11337
11337
11337
11337
11491
11649
11802
11352
11347
11347
11347
11342
11496
11496
11496
11496
11342
11337
11337
11337
11337
11491
11491
11802
11955
11352
11347
11347
11347
11496
11496
11496
11496
11496
11496
11496
11491
11491
11491
11491
11491
11649
11802
11960
11659
11352
11352
11500
11500
11500
11496
11496
11496
11496
11496
