1859
3095
4020
4945
5713
6329
6940
7862
8626
9239
9850
10308
10769
11226
11529
11837
11985
12293
12441
12748
12902
12902
13204
13204
13357
13511
13511
13511
13664
13659
13812
13659
13812
13812
13965
13965
13965
13965
13965
13965
13965
14119
13965
13965
14119
14119
14119
14119
14119
14119
14119
14119
14119
13965
13965
14119
14119
14119
14119
14119
14119
14119
14119
14113
14113
14119
14119
14119
14119
14113
14113
14119
14113
14113
14113
14113
14113
13965
14119
14119
14119
14119
14119
14119
14119
14119
14119
14119
14119
14119
14119
14119
14119
14119
14119
14119
13965
14119
14119
14119
14119
14119
14119
14119
14119
14119
14119
14119
14119
13965
14119
14119
14119
14119
14119
14119
12754
12754
12754
12754
12754
12754
12754
12907
12907
12907
12907
12907
12754
12754
12754
12754
12754
12754
12600
12600
12754
12754
12754
12907
12754
12754
12754
12754
12754
12754
12754
12754
12754
12754
12754
12754
12754
12600
12754
12754
12754
12754
12754
12754
12754
12754
12754
12754
12754
12754
12754
12754
12754
12754
12754
12754
12754
12600
12600
12600
12600
12600
12754
12754
12605
12600
12600
12600
12600
12600
12600
12600
12451
12605
12605
12605
12600
12600
12600
12605
12605
12600
12600
12600
12600
12600
12600
12605
12605
12600
12600
12600
12600
12600
12451
12451
12605
12605
12605
12600
12600
12600
12451
12605
12600
12600
12600
12605
12605
12600
12605
12605
12600
12600
12600
12600
12600
12600
12451
12451
12605
12600
12600
12600
12600
12600
12446
12446
12446
12600
12600
12600
12600
12600
12600
12600
12600
12600
12600
12600
12600
12600
12600
10629
10629
10629
10629
10629
10629
10629
10629
10629
10629
10629
10629
10629
10475
10475
10475
10475
10629
10629
10629
10629
10629
10629
10629
10629
10321
10321
10321
10475
10475
10475
10475
10475
10475
10475
10629
10629
10629
10475
10475
10475
10475
10475
10475
10475
10629
10629
10629
10629
10629
10629
10475
10475
10475
10475
10475
10475
10475
10475
10629
10629
10629
10629
10629
10629
10475
10475
10475
10475
10475
10475
10475
10629
10629
10629
10629
10629
10629
10475
10475
10475
10475
10475
10475
10629
10629
10629
10629
10629
10629
10629
10629
10475
10475
10475
10475
10475
10629
10629
10629
10629
10629
10629
10629
10629
10629
10629
10475
10475
10475
10475
10475
10475
10629
10629
10629
10629
10629
10629
10629
10629
10475
10475
10475
10475
10475
10475
10629
10629
10629
10629
10629
10629
10629
10629
10629
10475
10475
10475
10475
10475
10475
10475
10475
10629
10629
10629
10629
10629
10629
10629
10475
10475
10475
10475
10475
10475
10475
10629
10629
10629
10629
10629
10629
10629
10629
10475
10475
10475
10475
10475
10475
10475
10629
10629
10629
10629
10629
10629
10629
10629
10629
10475
10475
10475
10475
10475
10629
10629
10629
10629
10629
10629
10629
10629
10629
10629
10475
10475
10475
10475
10475
10475
10475
10629
10629
10629
10629
10629
10629
10629
10629
10629
10475
10475
10475
10475
10475
10475
10475
10629
10629
10629
10629
10629
10629
10475
10475
10475
10475
10475
10167
10167
10167
10167
10167
10167
10167
10167
10321
10321
10321
10321
10321
10321
10475
10475
10475
10475
10013
10013
10167
10167
10321
10321
10321
10475
10475
10475
10475
10475
10475
10475
10629
10629
10629
10321
10475
10475
10475
10475
10475
10475
10475
10629
10629
10629
10629
10629
10629
10629
10629
10629
10321
10475
10475
10475
10475
10475
10475
10629
10629
10629
10629
10629
10629
10629
10629
10629
10629
10629
11990
11990
11990
11990
11990
11837
11837
11990
11990
11990
11837
11837
11837
11837
11837
11837
11837
11837
11837
11837
11837
11837
11837
11837
11837
11837
11837
11837
11837
11837
11837
11837
11837
11837
11837
11837
11837
11837
11837
11837
11837
11837
11837
11837
11837
11837
11837
11837
11837
11837
11837
11837
11837
11990
11837
11837
11837
11837
11837
11837
11837
11837
11837
11837
11837
11990
11837
11837
11837
11837
11837
11832
11837
11837
11837
11837
11832
11832
11837
11832
11832
11832
11832
11832
11832
11837
11832
11832
11832
11832
11832
11837
11832
11832
11837
11837
11837
11837
11837
11837
11837
11837
11837
11837
11837
11837
11837
11837
11837
11837
11990
11837
11837
11837
11837
11837
11837
11837
