2460
3074
3996
4763
5376
5990
6602
7219
7680
7372
7676
8137
8440
8747
9051
9204
9507
9660
9814
1847
2768
3689
4609
5222
5990
6602
7059
7520
7823
7676
7980
8440
8744
9051
9200
9507
9660
9809
9963
9963
10116
10576
10887
11194
11500
10743
10436
10431
10431
10580
10580
10580
10734
10729
10729
10729
10882
11189
11347
11654
11807
11807
11198
10431
10431
10580
10580
10580
10576
10576
10729
10729
11036
10431
10431
10580
10580
10580
10729
10729
10729
10729
10729
10729
10576
10882
11189
11496
11654
11807
11500
10585
10427
10427
10580
10580
10580
10729
10729
10729
10729
11036
10431
10431
10580
10580
10580
10729
10729
10729
10729
10729
10729
10576
10729
11036
11342
11654
11807
11807
11500
10734
10120
10274
10427
10427
10423
10576
10576
10576
10882
11189
10891
10738
10734
10734
10734
10734
10729
10729
10882
10882
10882
10878
10878
10878
11189
11496
11649
11960
12114
11807
11654
11040
10887
10882
10882
10882
10729
10729
10729
10729
10729
10887
10887
10891
10589
10585
10585
10585
10580
10580
10580
10580
10580
10580
10580
10580
10580
10427
10274
10580
10887
11194
11505
11659
11812
11352
10278
9511
9664
9818
9967
10120
10120
10274
10269
10423
10734
11040
10891
6946
7255
7560
7869
8332
8483
8791
8942
9250
9404
9554
9554
9550
8931
8003
7388
7538
7840
8147
8451
8758
9069
9223
9373
9527
9676
9826
9826
9822
8905
8901
9054
9204
9361
9515
9672
9830
9988
9992
10146
10150
10150
10308
9389
8626
617
1388
2466
3389
4311
5079
5695
6310
6926
7385
7689
7993
8297
8605
8297
7532
7683
8144
8448
8601
8905
9058
9212
9519
9676
9830
9830
9984
9979
9676
8758
8758
8908
9216
9365
9519
9672
9668
9822
9975
9975
10133
10291
10291
10137
9219
9066
9216
9369
9519
9672
9826
9975
9975
10129
10129
10129
10278
10282
10286
9830
9676
9830
9979
9979
10129
10129
10282
10282
10278
10278
10431
10431
10431
10431
10278
10282
10440
10440
10440
10440
10436
10436
10589
10589
10589
10589
10585
10585
10436
9365
9365
9519
9668
9826
9984
9984
10137
10133
10286
10286
10282
10436
10436
10436
10282
9365
9058
9212
9519
9515
9668
9822
9979
10137
10137
10137
10286
10286
10286
10440
10436
9826
9216
9365
9519
9672
9668
9822
9975
9975
10129
10129
10286
10286
10286
10440
10436
10436
9523
9062
9216
9365
9519
9672
9822
9975
9975
10129
10129
10124
10282
10440
10444
10440
10440
9523
9216
9369
9519
9672
9826
9979
9975
10129
10129
10282
10282
10278
10431
10431
10436
10440
9680
9066
9219
9369
9523
9672
9826
9822
9975
10129
10129
10124
10278
10278
10278
10431
10431
10124
9826
9822
9975
9975
10129
10124
10278
10278
10278
10431
10431
10431
10431
10427
10427
10580
10580
10124
10282
10282
10440
10444
10444
10444
10440
10440
10440
10436
10589
10589
10589
10589
10589
10585
9519
8755
7990
8297
8448
8755
9062
9219
9373
9531
9684
9834
9834
9984
10137
10133
10133
10286
10282
9979
9062
8297
7840
7990
8297
8601
8755
9058
9216
9523
9680
9834
9830
9984
9979
10133
10133
10282
10282
9975
9365
9212
9365
9519
9668
9822
9822
9975
9971
10129
10282
10286
10440
10440
10440
10436
10436
10589
10129
9212
