2315
2930
4008
4929
5848
6615
6920
7532
7990
8601
8905
9365
9668
9971
10124
10431
10580
10887
10887
11036
11189
11500
11654
11659
11198
11352
11352
11500
11654
11654
11654
11802
11802
11802
11955
11955
11955
11955
11955
11950
12104
12104
12104
12104
12104
12104
12104
12104
12104
12104
12104
12104
12104
12104
12104
12104
12104
12104
12262
12262
12420
12420
11510
11505
11659
11654
11807
11807
11802
11802
11955
11955
11955
11955
11955
12109
11950
12104
12104
12104
12104
12104
12104
12104
12104
12104
12104
12104
12104
12104
12104
12104
12104
12104
12104
12104
12257
11955
11654
11807
11802
11802
11955
11955
11950
11950
11950
11950
12104
12104
12104
12104
12104
11950
12104
12104
12104
12104
12104
12104
12104
12099
12099
12099
12099
12099
12099
12099
12104
12104
12099
12099
12099
12257
12257
12262
13204
13204
13204
13204
13204
13204
13204
13204
13204
13045
12891
12886
12732
12727
12574
12568
12415
12415
12415
12415
12415
12410
12410
12410
12257
12257
12257
12257
12257
12257
12257
12257
12257
12257
12257
12257
12257
12257
12257
12257
12257
12104
12104
12257
12257
12415
12415
12267
11352
11352
11500
11654
11654
11807
11802
11802
11955
11955
11950
11950
11950
12104
11950
11950
12104
12104
12104
12104
12104
12104
12104
12104
12104
12104
12104
12104
12104
12104
12104
12104
12104
12104
12104
12104
12104
12257
12262
12420
12574
12426
11203
10896
11049
11198
11352
11505
11500
11654
11500
11654
11649
11802
11802
11955
11955
11955
11802
11955
11955
11950
12104
12104
12104
11950
11950
11950
11950
12104
12104
12104
12104
11950
12104
12104
12104
12104
12104
12104
12262
11807
11807
11807
11955
11955
11955
12109
12104
12891
12891
12886
12732
12574
12574
12415
12415
12262
12257
12257
12257
12104
12104
12099
12099
12099
12099
12099
12099
11945
12099
11945
11945
11945
11945
11945
11940
11945
11945
11945
11945
11945
11945
11945
11945
11945
11945
11945
11945
10585
10585
10734
10887
11036
11189
11189
11189
11184
11337
11337
11491
11486
11491
11639
11639
11639
11639
11792
11792
11792
11792
11792
11792
11792
11792
11792
11792
11945
11945
11945
11945
11945
11792
11792
11792
11945
11945
11945
11945
11945
12099
12104
12257
12262
12262
12109
11198
11347
11347
11496
11496
11496
11644
11644
11644
11644
11644
11792
11792
11792
11792
11792
11792
11792
11792
11792
11945
11945
11792
11792
11945
11945
11945
11792
11639
11639
11486
11337
11337
11184
11184
11031
11031
11031
10878
10878
10585
10427
10580
10580
10580
10580
10580
10580
10576
10423
7859
8167
8472
8780
9085
9389
9543
9543
9696
9850
10000
10154
10308
10308
10304
10457
10457
10611
10611
10765
10765
10765
10765
10919
10919
10919
10919
10919
10914
10760
10756
10752
10752
10747
10747
10747
10743
10743
10743
10738
10738
10738
10585
10585
10585
10738
10734
10734
10734
10734
10580
10580
10580
10580
10580
10580
10580
10734
10580
10580
10580
10580
10580
10734
10734
10734
10580
10580
10580
10580
10585
10738
10743
10743
10743
9979
9672
9826
9979
10129
10129
10282
10282
10431
10278
10278
10278
10431
10431
10431
10431
10585
10585
10431
10585
10580
10580
10580
10580
10580
10580
10580
10580
10580
10580
10580
10580
10580
10580
10580
10734
10580
10580
10580
10580
10580
10734
10738
10738
10743
10133
10133
10286
10282
10436
10436
10431
10431
10585
10585
10431
10431
10427
10580
10585
10580
10580
10580
10580
10580
10580
10580
10580
10580
10580
10580
10580
10734
10734
10580
10580
10580
10580
10580
10580
10580
10580
10734
10585
10580
10580
10580
10580
10580
10585
10738
10743
10747
10440
