2007
2623
3700
4775
5543
6308
7074
7382
7686
8144
8755
9216
9523
9984
9830
9219
9523
9826
10286
10436
10743
10891
10436
10738
10891
11045
11194
11347
11500
11500
11654
11649
11802
11955
11955
12109
11955
11955
12109
12109
12109
12257
12109
12109
12257
12257
12257
12257
12257
12104
12257
12257
12257
12415
12420
12420
12272
11356
10901
11049
11203
11352
11505
11659
11807
11654
11807
11960
11955
12109
12109
12109
12109
12109
12109
12262
12262
12257
12410
12410
12257
12257
12257
12257
12257
12410
12410
12410
12257
12257
12410
12410
12410
12410
12410
12410
11654
11807
11802
11955
11955
11955
11955
11955
11802
11955
11955
11955
12104
12104
12104
12104
12104
12104
12104
12104
12104
12104
12104
12257
12257
12104
12104
12104
12104
12257
12257
12257
12257
12257
12257
12257
12257
12410
12410
12410
12415
12568
11965
11352
11505
11659
11812
11807
11960
11960
12109
11955
11807
11802
11955
11955
12109
12109
12262
12262
8630
9088
9393
9700
9850
9547
8780
8934
9239
9547
9850
10004
9242
8780
9088
9393
9700
10004
9700
8934
8780
9088
9393
9700
9850
9850
9547
9242
9393
9547
9700
9854
9850
10004
9393
8780
9239
9547
9850
10004
10158
9393
8780
9088
9393
9696
10004
10004
9547
8626
8476
8934
9239
9547
9696
9850
9239
8476
8476
8780
9242
9547
9850
9850
9088
8322
8780
9088
9393
9700
10004
9700
8780
8476
8934
9242
9547
9850
10158
9547
8784
8630
9088
9393
9700
9700
9854
9700
8780
8171
8630
8934
9239
9547
9700
9850
9088
8322
8476
8780
9239
9547
9696
9850
9696
8934
8167
8476
8934
9239
9547
9850
10158
9393
8630
8476
8934
9239
9547
9850
10158
9850
8934
8322
8780
9088
9547
9696
10004
10154
9547
8626
8630
8934
9239
9547
9850
10158
10154
9393
8476
8626
8934
9393
9700
9850
10158
10158
9239
8476
8476
8780
9242
9547
9700
10004
10158
9393
8630
