2615
2922
3689
4458
4917
5529
5990
6297
6755
6909
7062
7366
7520
8137
8444
8751
8908
8448
8140
8294
8444
8444
8598
8747
8747
8901
8901
8901
8747
9054
9365
9519
9676
9676
9373
8605
7836
7529
7683
7987
8140
8290
8444
8444
8598
8747
8905
8601
8755
8751
8751
8905
8901
9054
9054
9054
9054
9054
9051
9051
9051
9361
9668
9822
10133
9373
771
1696
2619
3543
4309
4923
5536
6149
6300
6607
7065
7372
7676
7983
8287
8440
8747
8451
8758
9066
9373
9680
9988
9684
8923
8923
9385
9688
9842
10150
10304
10304
10457
10611
10760
10914
11068
11222
11222
11375
11375
11529
11529
11529
11683
11683
11683
11683
11837
11683
11683
11683
11837
11837
11837
11837
11837
11837
11837
11837
11837
11837
11837
11837
11837
11837
11837
11837
11837
11837
11837
11837
11837
11837
11837
11837
11837
11837
11837
11837
11990
11990
11529
11529
11529
11683
11683
11683
11683
13965
14119
14119
14119
14119
13965
13965
13965
14119
14119
13965
13965
14119
14119
14113
13965
13965
14119
14119
14119
13965
13965
14119
14113
14113
13965
13965
13965
13965
14119
13965
13965
14119
14113
14113
14113
13960
14119
14119
14119
14119
14119
14119
14119
14113
14113
14113
13965
13965
14119
14119
14119
13965
13965
13965
14119
14119
14119
13965
13965
14119
14119
14119
14119
13965
14119
14119
14119
14119
14119
13965
13965
13965
13965
14119
14119
13965
13965
13965
13965
13965
13965
13965
13965
13965
14119
14119
14119
14119
14119
14119
14119
14113
14119
14119
14119
14119
14119
14119
14119
14119
14113
13965
13965
13965
13965
13965
14119
13965
13965
13965
14119
14119
14113
14113
10629
10629
10629
10629
10629
10629
10629
10629
10629
10629
10629
10629
10475
10475
10475
10475
10475
10475
10475
10475
10629
10629
10629
10629
10629
10475
10475
10475
10475
10629
10629
10629
10629
10629
10629
10629
10629
10629
10475
10475
10475
10475
10475
10475
10629
10629
10629
10629
10629
10629
10629
10475
10475
10475
10475
10475
10475
10475
10629
10629
10629
10629
10629
10629
10475
10475
10475
10475
10475
10475
10475
10629
10629
10629
10629
10629
10629
10629
10475
10475
10475
10475
10475
10629
10629
10629
10629
10629
10629
10629
10629
10629
10475
10475
10475
10475
10475
10475
10629
10629
10629
10629
10629
10629
10629
10629
10475
10475
10475
10475
10475
10475
10475
10629
10629
10629
10629
10629
10629
10629
10629
10321
10475
10475
10475
10475
10475
10475
10629
10629
10629
10629
10629
10629
10629
10475
10475
10475
10475
10475
10475
10629
10629
10629
10629
10629
10629
10629
10629
10629
10475
10475
10475
10475
10475
10475
10475
10629
10629
10629
10629
10629
10629
10629
10629
10629
10475
10475
10475
10475
10475
10475
10629
10629
10629
10629
10629
10629
10629
10629
10629
10321
10475
10475
10475
10475
10475
10475
10475
10629
10629
10629
10629
10629
10629
10629
10629
10321
10321
10321
10475
10475
10475
10475
10475
10475
10629
10629
10629
10629
10629
10629
10629
10321
10475
10475
10475
10475
10475
10475
10475
10629
10629
10629
10629
10629
10629
10629
10629
10629
10321
10475
10475
10475
10475
10475
10475
10475
10475
10629
10629
10629
10629
10629
10629
10629
10321
10475
10475
10475
10475
10475
10475
10629
10629
10629
10629
10629
10629
10629
10629
10629
10629
10321
10475
10475
10475
10475
10475
10475
10475
10629
10629
10629
10629
10629
10629
10629
10629
10629
10321
10321
10321
10321
10475
10475
10475
10475
10475
10475
10629
10629
10629
10629
10629
10629
10629
10629
