2007
2468
3239
4006
4775
5541
5848
5846
6305
6917
7378
7836
8140
7987
8294
8751
8905
9208
9361
9361
9664
9818
9971
10124
10124
10278
10278
10274
10431
10585
10743
10747
9830
9676
9826
9979
10129
10282
10282
9975
10129
10129
10278
10278
10431
10585
10431
10585
10580
10734
10734
10734
10580
10734
10734
10734
10734
10887
10887
10734
10887
10887
10887
10887
10887
10734
10734
10734
10734
10891
10891
10743
10747
10593
9676
9373
9523
9676
9826
9979
10129
10129
9975
10129
10278
10278
10431
10431
10585
10585
10585
10585
10580
10734
10734
10734
10734
10580
10734
10734
10734
10734
10887
10882
10882
10734
10734
10729
10729
10882
10882
11040
10738
10585
10585
10585
10738
10734
10734
10734
10734
10580
10734
10734
10580
10580
10427
10427
10427
10274
10427
10427
10427
10580
10580
10580
10580
10580
10431
10431
10427
10427
10431
10431
10431
10278
10278
10124
