2003
2618
3540
4307
5075
5687
6300
6758
7219
7833
7680
7987
8290
8594
8901
9051
9204
9511
9507
9660
9507
9660
9814
9963
10274
10580
10738
10738
9975
10129
10124
10124
10274
10274
10274
10427
10427
10423
10423
10423
10423
10576
10734
11040
11352
11356
10598
772
1544
2776
4006
4929
5848
6615
7228
7532
8144
8601
9058
9519
9822
10124
10278
10585
10734
11040
11194
11347
11496
11347
11496
11649
11649
11802
11802
11955
11955
11802
11955
11955
12109
12109
12267
12267
11663
11203
11356
11505
11505
11659
11807
11807
11807
11654
11802
11802
11955
11955
12109
12109
12109
12104
12104
12257
12257
12257
12257
12257
12257
12257
12257
12410
12410
12410
12410
12410
12257
12257
12257
12415
12415
12420
12574
12579
11817
10747
10291
10440
10743
10896
11198
11352
11505
11654
10891
11198
11347
11500
11654
11802
11802
11955
11955
11955
12109
12109
12262
12257
12257
12257
12257
12104
12257
12257
12257
12257
12410
12410
12410
12262
11659
11654
11807
11807
11960
11955
12109
12109
12109
