2618
3387
4155
4921
5690
6456
7225
7840
7840
7382
7686
7990
8294
8598
8905
9054
9204
9511
9664
9365
9515
9664
9664
9818
9967
9967
10120
10120
10269
10274
10580
10887
11045
11198
11203
11203
10436
9519
9361
9515
9664
9818
9971
9967
10120
10431
10738
9975
9975
10124
10124
10278
10274
10274
10427
10427
10423
10423
9822
9818
9971
10120
10120
10120
10274
10269
10269
10423
10423
10576
10887
11040
11352
11505
11505
11347
10891
10124
9361
9515
9664
9818
9818
9967
10120
10431
10738
10743
10282
10436
10431
10431
10431
10580
10580
10580
10580
10580
10576
9523
9519
9519
9668
9822
9971
9971
10120
10120
10274
10274
10269
10274
10580
10891
11198
11352
11505
11352
11198
10738
9975
9208
9361
9511
9664
9814
9967
10120
10427
10738
11045
10436
9979
9975
10129
10124
10278
10278
10274
10427
10427
10427
10423
10580
10124
10124
10278
10274
10427
10427
10427
10423
10423
10576
10576
10576
10576
10882
11040
11347
11505
11505
11347
11347
11194
11194
10427
9511
9357
9511
9664
9814
9967
10274
10585
10738
10896
11049
10133
9519
9668
9822
9975
9971
10124
10120
10274
10274
10274
10427
10734
10431
10278
10278
10431
10427
10427
10427
10580
10576
10576
10576
10576
10576
10576
9818
9967
10120
10120
10120
10269
10269
10423
10423
10423
10423
10576
10571
7100
7409
7869
8178
8483
8637
8942
9096
9250
9404
9554
9709
9558
8637
7869
7255
7255
7564
8023
8332
8483
8791
8942
9246
9396
9547
9692
9688
9838
8916
8608
8758
9062
9212
9365
9519
9676
9830
9984
9979
10133
10129
10129
9668
9058
9208
9361
9511
9664
9818
9822
9975
10133
10129
10282
10278
10278
10278
9361
9208
9357
9511
9660
9814
9814
9971
10129
10133
10282
10282
10278
10278
10124
9208
9208
9357
9511
9664
9814
9814
9971
10129
10133
10137
10295
10295
10299
10150
9235
620
1550
2632
3559
4485
5102
5873
6334
6949
7255
7715
8023
8328
8637
8483
8328
8637
8942
9096
9250
9400
9554
9709
9863
9863
10017
10013
10167
10167
10167
10167
10167
10321
10321
10321
10321
10321
10475
10475
10475
10475
10475
10475
10475
10475
10475
10475
10475
10475
10475
10629
10629
10629
10629
10629
10629
10629
10629
10475
10475
10629
10629
10629
10629
10629
10629
10629
10629
10629
10629
10629
10629
10629
10475
10629
10629
10629
10629
10629
10629
10629
10629
10629
10629
10629
10629
10629
10629
10629
10629
10629
10629
10629
10629
10629
10629
10629
10629
10629
10629
10629
10629
10629
10629
10475
10475
10629
10629
10629
10629
10629
10629
10629
10629
10629
10629
10629
10629
10629
10629
10629
10629
10629
10629
10629
10629
10629
10629
10629
10629
10629
10629
10629
10629
10629
10629
10629
10629
10629
10629
10629
10629
10629
10629
10629
10629
10629
10629
10629
10629
10629
10475
10475
10475
10629
10629
10629
10629
10629
10629
10629
10629
10629
10629
10629
10629
10629
10629
10629
10629
10629
10629
10629
10629
10629
10629
10629
10629
10629
10629
10629
10629
10629
10629
10629
10475
10475
10475
10475
10475
10475
10475
10629
10629
10629
10629
10629
10629
10629
10629
10629
10629
10475
10475
10475
10475
10629
10629
10629
10629
10629
10629
10629
10629
10629
10629
10629
10629
10629
13511
13511
13511
13511
13511
13511
13511
13511
13511
13511
13511
13511
13511
13511
13511
13516
13516
13516
13516
13516
13516
13516
13516
13516
13516
13516
13516
13516
13516
13516
13516
13516
13516
13516
13516
13516
13516
13516
13516
13516
13516
13516
13516
13516
13516
13516
13516
13516
13516
13516
13516
13516
13670
13516
13516
13516
13670
13670
13670
13516
13516
13516
13670
13670
13670
13516
13670
13670
13670
13670
13516
13516
13516
13516
13516
13516
13670
13516
13516
13516
13516
13516
13516
13516
13516
13516
13670
13670
13670
13516
13516
13516
13516
13516
13516
13516
13516
13516
13516
13516
13516
13516
13516
13516
13516
13516
13516
13516
13670
13516
13516
13511
13511
13664
13664
13664
