2161
2930
4006
4775
5541
6308
6920
7225
7836
8448
8905
9212
9672
9519
9822
10129
10431
10734
10887
10882
11036
11189
11337
11491
11644
11644
11792
11792
11945
11945
11945
11945
12099
12093
12093
12093
12247
12247
12247
12247
12247
12247
12247
12247
12247
12247
12247
12405
12563
11955
11955
12104
12104
12104
12104
12099
12099
12099
12252
12252
12252
12252
12252
12252
12252
12247
12247
12247
12247
12247
12247
12247
12247
12400
12400
12400
12247
12247
12247
12247
12400
12400
12400
12400
12405
12558
12563
12716
12716
12262
11807
11802
11955
11955
11950
12104
12104
12104
12099
12099
12099
12252
12252
12252
12252
12252
12252
12247
12247
12247
12247
12247
12247
12247
12247
12400
12400
12400
12400
12400
12400
12400
12400
12400
12405
12558
12563
11955
12109
12104
12104
12104
12257
12252
12252
