1859
2323
3249
4482
5407
5713
5713
6326
7095
7554
8167
8626
8780
9085
9547
9850
10004
10154
10308
10611
10765
10919
10919
11073
11226
11226
11375
11375
11375
11529
11529
11529
11683
11683
11683
11683
11683
11837
11683
11683
11683
11683
11683
11837
11683
11683
11683
11683
11837
11837
11683
11683
11683
11837
11837
11837
11683
11683
11837
11837
11837
11832
11683
11837
11832
11832
11837
11832
11683
11837
11832
11832
11832
11832
11683
11683
11837
11837
11837
11837
11683
11837
11837
11837
11837
11837
11837
11837
11837
11837
11837
11837
11837
11837
11837
11837
11837
11837
11837
11837
11837
11837
11837
11837
11837
11837
11837
11837
11837
11837
11837
11837
11837
11837
11837
11837
11837
11837
11837
11837
10629
10629
10629
10629
10629
10629
10629
10629
10629
10629
10629
10629
10629
10475
10475
10475
10475
10475
10475
10475
10475
10629
10629
10629
10629
10475
10475
10475
10475
10475
10475
10475
10475
10475
10629
10629
10629
10629
10475
10475
10475
10475
10475
10475
10475
10475
10629
10629
10629
10629
10629
10321
10475
10475
10475
10475
10475
10475
10475
10475
10475
10475
10629
10629
10629
10321
10475
10475
10475
10475
10475
10475
10475
10475
10629
10629
10629
10629
10475
10475
10475
10475
10475
10475
10475
10475
10475
10475
10629
10629
10629
10629
10321
10475
10475
10475
10475
10475
10475
10475
10475
10629
10629
10629
10629
10629
10475
10475
10475
10475
10475
10475
10475
10475
10629
10629
10629
10629
10629
10629
10629
10321
10321
10475
10475
10475
10475
10475
10475
10475
10475
10475
10629
10629
10629
10629
10321
10475
10475
10475
10475
10475
10475
10475
10475
10475
10475
10629
10629
10629
10629
10321
10475
10475
10475
10475
10475
10475
10475
10629
10629
10629
10629
10629
10629
10629
10321
10475
10475
10475
10475
10475
10475
10475
10629
10629
10629
10629
10629
10629
10629
10629
10321
10475
10475
10475
10475
10475
10475
10475
10475
10629
10629
10629
10629
10629
10629
10475
10321
10475
10475
10475
10475
10475
10475
10475
10629
10629
10629
10629
10629
10629
10629
10475
10475
10475
10475
10475
10475
10475
10475
10475
10629
10629
10629
10629
10629
10629
10629
10629
10475
10475
10475
10475
10475
10475
10475
10475
10629
10629
10629
10629
10629
10629
10629
10629
10475
10321
10475
10475
10475
10475
10475
10475
10475
10475
10629
10629
10629
10629
10629
10629
10629
10321
10321
10475
10475
10475
10475
10475
10475
10629
10629
10629
10629
10629
10629
10629
10629
10629
10475
10475
10475
10475
10475
10475
10475
10475
10475
10475
10629
10629
10629
10629
10629
10629
10629
10629
12600
12600
12600
12600
12600
12600
12451
12605
12605
12605
12600
12600
12451
12451
12451
12451
12605
12605
12600
12451
12451
12446
12600
12600
12600
12446
12446
12446
12446
12600
12600
12600
12446
12446
12446
12446
12446
12446
12446
12446
12446
12446
12600
12600
12600
12451
12446
12446
12446
12446
12605
12605
12451
12451
12451
12605
12600
12600
12600
12451
12451
12451
12605
12605
12600
12600
12605
12600
12600
12600
12600
12600
12600
12605
12605
12600
12600
12600
12600
12600
12600
12600
12600
12600
12605
12600
12600
12600
12600
12600
12600
12600
12600
12600
12600
12605
12605
12605
12605
12605
12451
12451
12451
12451
11990
11995
11990
11990
12144
12144
12144
12144
12144
11841
11837
11990
12144
12144
12298
12298
12451
12298
11990
12144
12144
12298
12298
12298
12451
12446
12451
12446
12446
12446
12446
12446
12446
12600
12446
12446
12600
12600
12600
12600
12600
12600
12600
13965
13965
13965
14119
14119
13965
13965
13965
13965
13965
13812
13812
13812
13965
13965
13965
13965
13965
13965
13965
13965
13965
13965
13965
13965
13965
13965
13965
13965
13965
13965
13965
13965
13965
13965
14119
13965
13965
13965
14119
14119
13965
13965
13965
13965
13965
14119
13965
13965
13965
14119
14119
13965
13965
13965
13965
13965
14119
13965
13965
13965
13965
13965
14119
13965
13965
13965
13965
14119
14119
13965
13965
13965
13965
14119
14113
13965
13965
13965
13965
14119
14119
14119
13965
13965
14119
14119
14119
14119
13965
13965
13965
13965
14119
14119
13965
13965
13965
13965
13965
13965
14119
13965
13965
13965
13965
14119
14119
13965
13965
13965
13965
13965
14119
14119
