2002
2617
3692
4613
5534
6456
7222
7071
7222
7680
8137
8440
8747
9051
9200
9353
9507
9503
9656
10116
10427
10580
10585
10585
9975
10129
10278
10278
10427
10427
10427
10576
10576
10729
10571
10725
10882
11189
11496
11654
11352
10282
10431
10431
10427
10580
10580
10576
10729
10729
10725
10725
10725
10882
11189
11496
11807
11960
11198
11045
11040
11040
11040
11036
11036
11036
11031
10878
10878
10878
11031
11342
11496
11802
11807
11659
11198
11198
11040
11040
11036
11036
11036
11036
11036
11031
11031
10878
11031
11189
11342
11347
11347
11352
11049
10436
10436
10585
10585
10580
10734
10729
10729
10729
10729
10725
10878
10878
11189
11496
11649
11802
11802
11649
11189
10427
10423
10576
10576
10576
10725
10725
10725
10725
10873
11031
10427
10580
10580
10576
10576
10729
10725
10725
10725
10725
10725
10873
10720
10873
11031
11337
11491
11496
11500
11347
11198
10431
10585
10580
10580
10729
10729
10729
10729
10878
10878
10878
10878
923
1384
2460
3535
4456
5531
6146
6761
7526
7987
7683
7833
8290
8594
8901
9051
9357
9511
9660
9967
10274
10585
10129
10278
10278
10427
10427
10427
10576
10576
10576
10729
10729
11036
10580
8938
9396
9854
10162
10466
10774
10162
9242
8938
9396
9700
10162
10466
10774
10008
9092
8784
8934
9081
9231
9381
9531
9680
9834
9984
9979
9979
10286
10593
10901
11054
11208
11054
10440
9826
9975
9975
10129
10129
10278
10278
10431
10585
10436
10286
10282
10282
10282
10431
10431
10431
10431
10427
10427
10427
10580
10891
11045
11352
11356
11356
11203
10743
9822
9208
9361
9511
9664
9818
9971
10278
10585
10743
10286
9519
9672
9668
9822
9975
9971
10124
10124
10278
10278
10431
9822
9975
9975
10129
10124
10124
10278
10278
10274
10427
10427
10274
10427
10738
10891
11198
11356
11356
11198
11198
10585
9668
9208
9208
9357
9511
9664
9971
10278
10589
10743
10593
9826
9672
9668
9822
9975
9971
10124
10124
10278
10274
10427
10738
10133
10129
10129
10129
10278
10278
10278
10431
10427
10427
10427
10427
10274
10580
10891
11045
11356
11510
11663
11663
10747
9826
8905
8137
8290
8444
8747
9054
9361
9822
10129
10440
10747
10133
9365
9212
9365
9515
9668
9822
9818
9971
9971
10124
10431
10738
10436
10133
10133
10129
10282
10278
10278
10278
10431
10427
10427
10427
10427
10427
9519
9672
9822
9822
9971
9971
10124
10124
10274
10274
10274
10427
10427
10274
10734
10891
11198
11352
11505
11352
11352
11198
11194
10431
9664
10475
10475
10629
10629
10629
10629
10629
10629
10629
10629
10629
10629
10475
10475
10475
10475
10629
10629
10629
10629
10629
10629
10629
10629
10629
10475
10629
10629
10629
10629
10629
10629
10629
10629
10629
10629
10629
10629
10475
10475
10629
10629
10629
10629
10629
10629
10629
10629
10629
10629
10629
10475
10475
10475
10629
10629
10629
10629
10629
10629
10629
10629
10629
10629
10475
10475
10475
10629
10629
10629
10629
10629
10629
10629
10629
10629
10629
10475
10475
10629
10629
10629
10629
10629
10629
10629
10629
10629
10629
10629
10629
10475
10475
10475
10475
10475
10475
10475
10475
10475
10629
10629
10629
10629
10629
10629
10475
10629
10629
10629
10629
10629
10629
10629
10629
10629
10629
10629
10629
10629
10321
10321
10475
10475
10475
10475
10475
10475
10475
10475
10629
10629
10629
10629
10629
10475
10475
10475
10475
10475
10475
10475
10475
10475
10629
10629
10629
10629
10629
10629
10171
10321
10321
10321
10321
10475
10475
10475
10475
10475
10475
10475
10475
10629
10629
10475
10475
10475
10475
10629
10629
10629
10629
10629
10629
10629
10629
10629
10629
10629
10629
10475
10629
10629
10629
10629
10629
10629
10629
10629
10629
10629
10629
10629
10629
10629
10629
10629
10629
10629
10629
10629
10629
10629
10629
10629
10629
10629
10629
10629
10624
10629
10475
10475
10629
10629
10629
10629
10629
10629
10629
10629
10629
10629
10629
10629
10629
10629
10475
10475
10475
10475
10475
10629
10629
10629
10629
10629
10629
10629
10629
10629
10629
10629
10629
10475
10475
10629
10629
10629
10629
10629
10629
10629
10629
10629
10629
10629
10629
10629
10629
10629
10475
10475
10475
10475
10475
10629
10629
10629
10629
10629
10629
10629
10629
10629
10629
10629
10629
10475
10475
10475
10629
10629
10629
10629
10629
10629
10629
10629
10629
10629
10629
10629
10629
10629
