2159
2775
3851
4771
5690
6456
7068
7526
7676
8137
8594
9051
9353
9660
9963
10116
10423
10887
11194
11500
11500
10891
11040
11040
11189
11342
11342
11491
11491
11491
11639
11639
11639
11639
11792
11792
11792
11792
11792
11945
12104
12257
12415
11500
11347
11496
11496
11649
11644
11644
11797
11797
11792
11792
11792
11792
11792
11792
11945
11945
11792
11945
12104
12257
12262
12114
11960
11505
11500
11500
11649
11649
11649
11644
11797
11797
11797
11797
11792
11792
11792
11792
11792
11945
11792
11945
12104
12257
12415
12568
12415
11802
11500
11496
11496
11649
11644
11644
11797
11797
11792
11639
11639
11639
11639
11792
11792
11792
11792
11945
11194
11189
11342
11337
11491
11491
11644
11639
11639
11639
11639
11792
11792
11787
11787
11787
11787
11787
11940
11787
12099
12252
12410
12410
12568
12415
11654
11347
11342
11496
11496
11644
11644
11644
11639
11792
11792
11792
11639
11639
11639
11486
11486
11486
11333
11337
11342
11040
620
1858
3095
4327
5405
6483
7249
7403
10629
10629
10475
10475
10629
10629
10629
10629
10629
10629
10629
10629
10629
10475
10475
10475
10475
10475
10475
10475
10629
10629
10629
10629
10629
10321
10321
10475
10475
10475
10475
10475
10475
10475
10475
10629
10629
10629
10321
10321
10475
10475
10475
10475
10475
10475
10475
10475
10475
10629
10629
10475
10475
10475
10475
10475
10475
10475
10475
10629
10629
10629
10629
10629
10629
10321
10475
10475
10475
10475
10475
10475
10475
10629
10629
10629
10629
10629
10475
10475
10475
10475
10475
10475
10475
10475
10629
10629
10629
10629
10629
10629
10321
10475
10475
10475
10475
10475
10475
10475
10475
10475
10475
10629
10629
10629
10629
10475
10475
10475
10475
10475
10475
10475
10475
10629
10629
10629
10629
10629
10629
10475
10475
10475
10475
10475
10475
10475
10475
10629
10629
10629
10629
10629
10629
10624
10321
10475
10475
10475
10475
10475
10475
10475
10475
10475
10629
10629
10629
10629
10629
10321
10475
10475
10475
10475
10475
10475
10475
10475
10629
10629
10629
10629
10629
10629
10321
10475
10475
10475
10475
10475
10475
10629
10629
10629
10629
10629
10629
10629
10629
10629
10167
10321
10321
10321
10321
10475
10475
10475
10475
10475
10475
10475
10629
10629
10629
10629
10321
10475
10475
10475
10475
10475
10475
10475
10629
10629
10629
10629
10629
10629
10629
10629
10321
10475
10475
10475
10475
10475
10475
10475
10629
10629
10629
10629
10629
10629
10629
10629
10321
10475
10475
10475
10475
10475
10475
10475
10475
10475
10629
10629
10629
10629
10629
10629
10629
10321
10321
10475
10475
10475
10475
10475
10475
10475
10475
10629
10629
10629
10629
10629
10629
10629
10321
10475
10475
10475
10475
10475
10475
10475
10475
10475
10475
10629
10629
10629
10629
10629
10629
10321
10321
10475
10475
10475
10475
10475
10475
10629
10629
10629
10629
10629
10629
10629
10629
10629
