2007
2777
3700
4775
5697
6464
7228
7074
7382
7990
8601
9062
9519
9822
9822
10278
10585
10738
11040
11194
11194
11347
11496
11649
11802
11802
11955
11802
11955
12109
12109
12267
12267
11965
11054
10747
11049
11203
11352
11505
11654
11654
11654
11807
11960
11955
12109
12109
11955
12109
12109
12262
12262
12410
12410
12109
12262
12257
12257
12257
12257
12410
12410
12109
12257
12257
12410
12410
12410
12410
12104
12262
12420
12420
12420
12420
12420
12267
11352
11045
11198
11347
11500
11654
11807
11955
11955
11955
12109
12104
12257
12257
12257
12410
12257
12257
12410
12410
12410
12563
12563
12410
12257
12410
12410
12410
12563
12563
12563
12410
12410
12410
12410
12568
12574
12574
12579
12272
11203
10593
10896
11203
11352
11505
11654
11807
11807
11807
11955
12109
12109
12262
12262
12410
12410
12257
12410
12410
12410
12410
12563
12563
12563
12563
12410
12563
12563
12563
12563
12563
12563
12563
