2157
2772
3694
4461
5228
5841
6610
7225
7840
7535
7378
7836
8140
8448
8751
8901
9208
9357
9511
9357
9058
9208
9361
9511
9664
9818
9967
9967
10120
10120
10120
10120
10431
10585
10738
10896
11049
10896
10436
9668
9822
9818
9971
9971
10120
10120
10274
10580
10585
9975
9975
10124
10124
10274
10274
10274
10274
10423
10423
616
1541
2617
3540
4307
5075
5687
6456
7225
7686
7686
7071
7375
7680
8140
8444
8747
8901
9204
9357
9511
9507
9507
9818
10124
10282
10589
10743
10589
10589
10431
10431
10124
9515
9361
9511
9511
9664
9818
9818
9967
10124
10431
10738
10436
9975
10129
10124
10278
10278
10274
10427
10427
10423
10423
10423
10269
10269
10580
10887
11045
11203
11356
11203
11203
10589
9672
9515
9668
9822
9818
9971
10124
10120
10274
10274
10427
10585
10129
10129
10124
10278
10278
10274
10427
10427
10423
10423
10576
10576
10269
10269
10576
10734
11040
11198
11505
11659
11510
10449
9535
923
1691
2767
3535
4456
5068
5836
6604
7372
7987
8294
8140
7526
7065
7523
7830
8134
8440
8744
9051
9357
9818
10129
10282
9826
9668
9822
9818
9971
9971
10120
10120
10274
10274
10274
10427
10734
9975
10129
10124
10278
10278
10274
10274
10427
10427
10427
10427
10423
10580
9971
10124
10124
10124
10274
10274
10274
10274
10274
10274
10274
10427
10427
10427
6795
7100
7564
7869
8174
8476
8780
8927
9077
9227
9377
9527
9676
9062
8297
8448
8751
8905
9208
9361
9511
9664
9664
9814
9967
9971
10124
9672
8905
8901
9208
9357
9511
9664
9660
9814
9967
9967
10124
10129
10282
9975
9208
8747
9054
9208
9357
9511
9664
9814
9814
9971
10129
10133
10282
10282
10129
9208
9054
9204
9357
9511
9660
9660
9818
9975
9979
10137
10137
10295
10299
10150
9692
9389
9389
9543
9700
9854
9854
10008
10008
10162
10162
10316
10316
10316
10316
9554
9400
9554
9709
9863
9863
10017
10167
10167
10167
10321
10321
10321
10321
10475
10167
10321
10321
10321
10321
10475
10475
10475
10475
10475
10475
10475
10475
10475
10321
10321
10321
10321
10475
10475
10475
10475
10475
10475
10629
10629
10629
10629
10475
10321
10321
10475
10475
10475
10475
10475
10475
10629
10629
10629
10629
10629
10629
10321
10321
10475
10475
10475
10475
10475
10475
10475
10629
10629
10629
10629
10629
10629
10475
10475
10475
10475
10475
10475
10475
10475
10475
10629
10629
10629
10629
10629
10629
10629
10475
10475
10475
10629
10629
10629
10629
10629
10629
10629
10629
10629
10629
10629
10629
10629
10629
10629
10629
10629
10629
10629
10629
10629
10629
10629
10629
10629
10629
10629
10629
10629
10629
10629
10629
10629
10629
10629
10629
10629
10629
10629
10629
10629
10629
10629
10629
10629
10629
10629
10629
10629
10629
10629
10629
10629
10629
10629
10629
10629
10629
10629
10629
10629
10629
10629
10629
10629
10629
10629
10629
10629
10629
10629
10629
10629
10629
10629
10629
10475
10629
10629
10629
10629
10629
10629
10629
10629
10629
10629
10629
10629
10629
10629
10629
10629
10629
10629
10629
10629
10629
10629
10629
10629
10629
10629
10629
10629
10629
10629
10629
10629
10629
10629
10629
10629
10629
10629
10629
10629
10629
10629
10629
10629
10629
10629
10629
10629
10629
10629
