3084
3544
4159
4927
5387
5846
6305
6610
7068
7222
7526
7830
8137
8444
8751
9062
8605
8601
8755
8905
9058
9208
9208
9361
9357
9511
9511
9664
9664
9664
9814
9971
9519
9668
9668
9664
9664
9818
9818
9818
9814
9814
9814
9967
9967
9967
9967
10120
9668
9664
9818
9818
9818
9814
9967
9967
9814
9814
9814
9814
9814
9967
9967
10120
9971
9822
9818
9818
9818
9818
9814
9967
9967
9814
9511
9660
9660
9660
9814
9814
9967
10124
9668
9668
9818
9818
9818
9818
9818
9967
9967
9967
9967
9967
9967
9967
9967
9967
10120
10274
9822
9822
9818
9818
9818
9971
9971
9971
9967
9967
9967
9967
9967
9967
9967
9967
10120
10278
9975
9822
9822
9822
9818
9818
9971
9971
9971
9971
9818
9967
9967
9967
9967
9967
9967
10274
10278
9826
9212
9365
9365
9515
9515
9664
9664
9664
9818
9814
9660
9660
9814
9814
9814
9814
9967
10124
10431
9975
9365
9515
9515
9664
9664
9664
9818
9818
9814
9814
9660
9814
9814
9814
9814
9967
10120
10278
10431
10129
6949
7100
7560
7869
8174
8483
8791
8942
9250
9404
9558
9709
9709
8942
8178
7409
6949
7100
7409
7715
8023
8328
8637
8788
9096
9250
9404
9554
9709
9404
8637
7869
7255
6640
6946
7409
7715
8178
8328
8637
8945
9096
9250
9404
9558
9709
9558
8791
8023
7255
7100
7409
7869
8178
8483
8791
8945
9096
9404
9558
9558
9709
9863
9558
8637
7869
7255
7100
7409
7718
7869
8178
8332
8483
8791
8945
9096
9404
9558
9713
9558
8945
8178
7564
6949
6334
6486
6795
7255
7564
8023
8332
8483
8791
8945
9250
9404
9558
9713
9558
8791
8023
7409
6795
6640
7103
7409
7564
8023
8332
8483
8791
9100
9250
9404
9558
9713
9709
9250
8483
7869
7100
6640
6795
7255
7718
8023
8332
8637
8791
9096
9250
9404
9554
9709
9709
9863
9404
8637
8174
8483
8637
8942
9096
9250
9400
9554
9709
9863
9863
10017
10017
10171
10167
9404
8483
7715
7100
7255
7409
7715
8178
8328
8637
8945
9096
9250
9404
9558
9709
9863
9863
9863
9096
8332
7564
6949
6640
6795
7255
7718
8023
8332
8637
8791
9096
9250
9404
9558
9713
9709
9863
9709
9096
8332
7718
7718
7869
8178
8483
8791
8945
9096
9404
9558
9558
9709
9863
9863
10017
10017
9558
8637
7869
7255
6640
6640
6949
7409
7718
8023
8332
8637
8791
9096
9250
9400
9554
9700
9850
9846
9842
9077
8154
7542
7385
7843
8150
8455
8758
8908
9216
9365
9519
9672
9830
9988
9984
10137
10133
10133
9369
8605
8908
9062
9212
9365
9519
9668
9822
9975
9975
10124
10124
10278
10282
10286
10444
10291
9373
9216
9369
9523
9672
9826
9979
9975
10129
10129
10129
10282
10278
10431
10431
10431
10431
9979
10133
10129
10129
10282
10282
10278
10431
10431
10431
10431
10431
10585
10585
10580
10580
10580
10278
10278
10436
10440
10440
10440
10440
10436
10436
10589
10589
10589
10589
10585
10585
10585
10585
9975
9668
9822
9975
9975
10129
10129
10286
10286
10444
10440
10440
10440
10436
10436
10589
10589
10589
10129
9672
9822
9975
9975
10129
10129
10278
10278
10278
10436
10440
10440
10593
10593
10593
10589
10589
10282
9365
12595
12748
12902
12897
12897
12595
12748
12902
12897
12897
12595
12748
12902
13050
13050
12595
12748
12902
12897
13050
12595
12748
12748
12902
13050
13050
12595
12748
12902
12897
13050
12595
12748
12748
12902
13050
13050
12595
12748
12902
12897
13050
13050
12595
12748
12902
12897
13050
12902
12595
12748
12902
12897
13050
12748
12595
12748
12902
13056
13050
12902
12595
12748
12897
12897
13050
13050
12595
12748
12897
12897
13050
13050
12595
12743
12743
12897
13050
13050
12595
12595
12743
12897
12897
13050
13050
12595
12743
12743
12897
13050
13050
12743
12595
12743
12897
12897
13050
13050
12595
12589
12743
12897
12897
13050
13050
12595
12595
12743
12897
12897
13050
12897
11985
12288
12441
12595
12748
12743
12743
