2159
2928
4003
4925
5690
6456
7222
7680
7830
8440
8901
9361
9822
10282
9979
10129
10278
10580
10734
10882
11036
11189
11036
11184
11184
11337
11333
11486
11486
11491
10887
11036
11036
11189
11184
11337
11491
11486
11486
11486
11639
11639
11639
11792
11787
11945
11189
11189
11342
11337
11491
11491
11644
11639
11486
11486
11639
11639
11639
11639
11787
11792
11496
11491
11644
11644
11639
11639
11792
11792
11639
11792
11792
11792
11792
11787
11787
11940
11792
11189
11189
11189
11337
11491
11491
11644
11639
11639
11333
11486
11486
11486
11639
11639
11639
11792
11797
9984
10286
10436
10585
10734
10887
11036
11189
11342
11184
11337
11337
11491
11486
11486
11639
11792
11797
926
2004
3235
4155
5077
5995
6761
7372
7830
8137
8287
8744
9204
9507
9814
10274
10580
10887
10431
10734
10887
11036
11036
11189
11337
11337
11491
11491
11491
11486
11639
11639
11639
11639
11792
11792
11950
11496
11496
11644
11644
11644
11792
11792
11792
11792
11792
11792
11792
11787
11940
11940
11940
11940
11940
12099
11837
12144
12293
12446
12446
11990
12144
12293
12446
12600
12144
12144
12293
12446
12600
12600
11990
12293
12446
12446
12446
12298
12144
12144
12144
11990
11990
11837
11534
11534
11683
11683
11683
11683
11683
11226
11380
11683
11837
11990
12144
11226
11534
11837
11990
12144
12293
11683
11837
11990
12293
12446
12446
11837
11990
12144
12293
12446
12600
12144
11990
12139
12293
12446
12600
12600
11990
12298
12446
12446
12600
12600
11990
12144
12293
12446
12600
12600
12600
12144
12298
12446
12446
12600
12600
12144
12144
12298
12446
12600
12754
12754
11990
12144
12298
12446
12600
12754
12754
11990
12144
12298
12446
12600
12754
12754
11990
12144
12298
12446
12600
12754
12754
11990
12144
12298
12446
12600
12754
12754
11990
12144
12298
12446
12600
12754
12754
12144
