8294
8448
8598
8901
9054
9357
9511
9511
9660
9814
9971
9975
10133
9519
8908
9058
9208
9361
9511
9664
9818
9814
9967
10124
10129
10286
10282
9672
9058
9208
9361
9511
9664
9818
9967
9967
10124
10129
10286
10291
10286
9826
8908
8144
8294
8448
8751
9054
9208
9357
9515
9672
9826
9979
9979
9975
10129
9515
9058
9208
9361
9511
9664
9814
9971
9975
10133
10129
10282
10278
10278
10278
9361
9361
9511
9664
9814
9818
9975
10133
10133
10282
10282
10278
10278
10431
10278
9361
9204
9357
9511
9664
9822
9975
9979
10129
10124
10278
10278
10274
10274
10427
9664
9051
9204
9511
9668
9826
9826
9975
9975
10124
10124
10278
10274
10274
10427
10120
9204
9204
9361
9672
9672
9826
9975
9975
10124
10124
10278
10274
10274
10274
10427
9967
9361
9208
9361
9511
9664
9660
9814
9967
9967
10116
10116
10116
10269
10274
10431
10436
9822
9212
9361
9511
9664
9818
9814
9967
10120
10120
10116
10274
10278
10436
10436
10436
10129
9212
9361
9515
9664
9664
9818
9967
9967
10120
10120
10278
10282
10286
10291
10295
10449
9842
9081
8927
9085
9239
9393
9547
9700
9854
9854
10008
10162
10162
10162
10316
10321
10321
10167
9400
9554
9709
9863
9859
10013
10013
10167
10167
10321
10321
10321
10321
10475
10475
10475
10167
10321
10321
10321
10321
10475
10475
10475
10475
10475
10475
10475
10475
10475
10475
10629
10475
10475
10475
10475
10475
10475
10475
10629
10629
10629
10629
10629
10629
10629
10629
10629
10475
10475
10475
10475
10475
10629
10629
10629
10629
10629
10629
10629
10629
10629
10629
10629
10629
10629
10629
10629
10629
10629
10629
10629
10629
10629
10629
10629
10629
10629
10629
10629
10629
10629
10629
10629
10629
10629
10629
10629
10629
10629
10629
10629
10629
10629
10629
10629
10629
10629
10629
10629
10629
10629
10629
10629
10629
10629
10629
10629
10629
10629
10629
10629
10629
10629
10629
10629
12600
12600
12600
12600
12600
12605
12605
12605
12605
12600
12600
12600
12451
12451
12451
12605
12605
12605
12451
12451
12605
12605
12600
12600
12600
12451
12451
12605
12605
12605
12605
12451
12451
12605
12600
12600
12600
12600
12451
12451
12605
12605
12605
12600
12600
12451
12451
12451
12451
12605
12605
12605
12451
12451
12605
12605
12600
12600
12600
12451
12451
12451
12600
12600
12600
12600
12446
12446
12446
12600
12600
12600
12600
12446
12446
12600
12600
12600
12600
12600
12600
12446
12446
12451
12605
12605
12600
12600
12451
12451
12446
12446
12600
12600
12600
12605
12451
12451
12605
12605
12600
12600
12600
12600
12451
12451
12605
12605
12605
12605
12600
12600
12451
12605
12600
12600
12600
12600
12605
12605
12451
12605
12605
12605
12600
12600
12600
12600
12451
12451
12605
12605
12605
12600
12600
12600
12451
12451
12451
12605
12605
12605
12605
12600
12600
13659
13659
13659
13659
13659
13659
13659
13659
13659
13659
13659
13659
13659
13659
13659
13659
13659
13659
13659
13812
13659
13659
13659
13659
13659
13659
13659
13659
13659
13659
13659
13664
13659
13659
13659
13659
13659
13659
13659
13511
13511
13511
13511
13511
13664
13664
13664
13664
13664
13664
13664
13664
13664
13664
13664
13664
13664
13659
13659
13664
13659
13664
13664
13664
13664
13664
13659
13659
13659
13659
13659
13659
13659
13659
13664
13664
13659
13664
13664
13659
13659
13659
13659
13659
13659
13659
13659
13659
13659
13659
13659
13659
13659
13659
13659
13659
13659
13659
13659
13659
13659
13659
13659
13659
13659
13659
13659
13659
13812
13659
13659
13659
13659
13505
13505
13352
13363
13516
13516
13516
13516
13516
13516
13516
13516
13516
13516
13516
13516
13516
13516
13516
13516
13516
13516
13516
13516
13516
13516
13516
13516
13516
13516
13516
13516
13516
13516
13516
13516
13516
13516
13516
13516
13516
13516
13516
13670
13516
13516
13516
13516
13516
13516
13516
13516
13516
13516
13516
13516
13516
13516
13516
13516
13516
13516
13516
13516
13516
13516
13511
13511
13511
13511
13511
13511
13511
13511
13511
13511
13511
13511
13664
13664
13511
13511
13511
13511
13516
13670
13516
13516
13516
13516
13516
13516
13363
13363
13516
13516
13516
13516
13516
13516
13516
13516
13516
13516
13516
13363
13516
13516
13516
13516
13516
13516
13516
13516
13516
13516
13516
13516
13516
