1853
2777
3854
4775
5697
6461
7228
7382
7840
8451
8755
9212
9519
9822
9975
10278
10589
10896
11049
11203
11208
10444
9830
10137
10440
10743
10896
11198
11352
11198
11352
11500
11654
11807
11802
11802
11955
11955
11955
11955
11955
11955
11955
11496
11649
11649
11649
11649
11649
11802
11802
11347
11347
11496
11496
11649
11649
11802
11950
11347
11045
11198
11347
11500
11500
11649
11802
11802
11649
11649
11802
11802
11955
11955
12104
11950
12104
12104
12104
12104
12257
12257
12257
12257
12257
12257
12257
12257
12257
12257
12257
12257
12257
12257
12410
12410
12410
12410
12257
12257
12415
12415
12420
12426
12426
12426
11663
10747
10440
10593
10896
11049
11352
11505
11654
11807
11045
11198
11347
11654
11654
11802
11955
11955
12109
12109
12109
12262
12262
12257
12410
12410
12257
12257
12257
12257
12257
12410
12410
12410
12410
12410
12410
12410
12410
12410
12568
12568
12574
11965
11054
10593
10896
11049
11198
11500
11654
11654
11802
11500
