2006
2931
3854
4775
5541
6308
6766
7225
7683
8140
8448
8751
9058
9361
9515
9664
9818
9971
10120
10274
10274
10427
10274
10427
10427
10576
10729
10882
10882
10882
10882
10882
11036
11036
11040
11040
10743
10436
10743
10891
11194
11347
11496
11649
11802
11797
11950
12104
12099
12099
12252
12252
12252
12405
12405
12400
12400
12400
12553
12553
12553
12553
12553
12553
12553
12553
12553
12553
12553
12553
12553
12553
12553
12553
12553
12553
12553
12558
12711
12716
12870
12875
11960
11960
11955
12109
12109
12257
12257
12257
12257
12410
12405
12405
12405
12405
12405
12405
12558
12558
12558
12558
12553
12553
12553
12553
12553
12553
12553
12553
12553
12553
12553
12553
12706
12706
12706
12706
12553
12553
12553
12553
12553
12711
12864
12716
12109
12262
12257
12257
12410
12410
12405
12405
12405
12405
12405
12558
12558
12558
12558
11837
11990
12144
12298
12446
11837
11990
12144
12298
12451
12298
11837
12144
12298
12446
12446
11841
11990
12144
12298
12446
12451
11990
12144
12298
12446
12446
11990
11990
12144
12293
12446
12600
11837
11990
12144
12293
12446
12446
11683
11990
12144
12293
12446
12446
11837
11990
12144
12293
12446
12446
11990
11990
12144
12298
12446
12600
12298
11990
12144
12298
12446
12600
12600
11841
11990
12298
12451
12446
12600
11990
11990
12144
12298
12451
12600
12600
11837
12144
12298
12451
12446
12600
12298
11837
12144
12298
12451
12600
12600
12144
11990
12144
12298
12446
12600
12600
12144
11990
12144
12298
12446
12446
12441
12436
12129
12124
12277
12272
12272
12267
12420
12262
12262
12415
12415
12410
12410
12410
12410
12410
12410
12410
12410
12410
12410
12405
12405
8476
8934
9242
9547
9700
9547
8630
8476
8780
9242
9547
9854
9242
8476
8630
9088
9393
9700
9850
9242
8322
8630
9088
9393
9700
9854
9242
8476
8476
8934
9242
9547
9700
9393
8630
8167
8630
9088
9393
9700
9850
8934
8322
8630
9088
9393
9700
9854
9393
8630
8476
8934
9242
9393
9547
9850
9088
8322
8630
8934
9239
9547
9850
9700
8934
8322
8780
9088
9393
9700
9850
9700
8780
8322
8780
9085
9393
9696
10004
9547
8780
8322
8780
9085
9547
9696
10004
9700
8780
8322
8780
9088
9393
9700
9850
10004
9088
8322
8476
8934
9242
9393
9547
9850
9700
8780
8167
8630
9088
9393
9547
9854
10004
9242
8476
8476
8780
9242
9547
9547
9850
10004
9088
8322
8322
8780
9088
9393
9547
9850
10004
9088
8322
8476
8780
9242
9393
9547
9700
10004
9239
8476
8167
8630
8934
9393
9547
9547
9854
9700
8780
8017
8322
8780
9088
9393
9700
10004
10004
9242
8322
