8762
8608
8762
9066
9216
9369
9519
9672
9826
9822
9975
9975
10129
9822
9822
9979
9979
10137
10137
10286
10286
10286
10436
10436
10436
10436
10129
9212
9365
9519
9668
9822
9826
9984
10137
10137
10291
10286
10286
10286
10286
9369
9216
9519
9672
9672
9822
9975
9975
10129
10133
10291
10291
10295
10449
9527
8762
7997
7997
8301
8605
8912
9062
9216
9365
9519
9672
9822
9975
9979
10137
9834
9066
9219
9369
9523
9672
9826
9826
9975
10129
10129
10129
10282
10282
10278
10129
10286
10286
10444
10444
10444
10440
10440
10436
10589
10589
10589
10585
10585
9975
9058
8448
8755
8905
9212
9369
9523
9680
9830
9830
9984
10133
10133
10133
10282
10129
9216
9062
9365
9519
9519
9668
9822
9975
10133
10137
10291
10286
10286
10286
10436
9979
9216
9216
9519
9519
9672
9822
9975
9975
10129
10129
10282
10286
10440
10444
10440
10137
9219
9369
9523
9519
9672
9826
9975
9975
10129
10129
10282
10282
10278
10431
10436
10440
9676
9830
9830
9979
9979
10133
10129
10282
10282
10282
10436
10431
10431
10431
10431
10585
10278
10436
10440
10440
10598
10598
10598
10593
10593
10593
10589
10589
10589
10589
10585
10282
9365
8448
7990
8140
8448
8601
8908
9216
9373
9523
9676
9826
9826
9979
9975
10129
10129
10282
9975
9365
9515
9668
9822
9975
9971
10124
10129
10282
10286
10440
10440
10440
10436
10436
10589
10129
9212
9365
9519
9672
9822
9822
9975
10129
10129
10124
10278
10282
10440
10444
10440
10440
10440
9979
9062
9369
9519
9519
9672
9826
9822
9975
10129
10129
10282
10278
10278
10431
10436
10440
10598
9984
9219
9369
9523
9676
9826
9979
9979
10129
10129
10129
10282
10282
10278
10431
10431
10431
10431
9979
9979
9975
10129
10129
10282
10282
10278
10431
10431
10431
10431
10431
10585
10580
10580
10580
10427
10431
10431
10436
10593
10593
10589
10589
10589
10589
10589
10585
10585
10585
10585
10585
10585
10585
10129
