2312
3082
4003
5081
6002
6769
7231
7382
7686
8144
8448
8755
9058
9361
9515
9664
9818
9971
10120
10274
10427
10431
10436
10436
10585
10738
10734
10887
10887
11036
11036
11036
11189
11189
11189
11337
11337
11337
10738
10734
10887
10887
11036
11036
11036
11189
10882
11036
11036
11184
11184
11184
11184
11337
10738
10887
10887
11040
11036
11036
11189
11189
11189
11189
11184
11184
11337
11337
11337
11337
11649
11040
11040
11040
11189
11189
11189
11342
11342
11337
11337
11337
11337
11337
11337
11491
11491
11644
11040
11194
11189
11189
11342
11342
11342
11337
11337
11337
11337
11337
11491
11491
11491
11491
11644
11649
11040
11194
11194
11194
11342
11342
11342
11342
11337
11337
11337
11337
11491
11491
11491
11491
11491
11802
11194
11194
11194
11342
11342
11342
11342
11342
11491
11337
11337
11337
11337
11491
11491
11491
11491
11649
11649
11198
11194
11194
11342
11342
11342
11342
11342
11337
11337
11036
11189
11184
11184
11337
11337
11337
11491
11802
11198
11045
11040
11194
11194
11189
11342
11342
11342
11342
11337
8780
9088
9393
9547
9696
9393
8626
8322
8780
9088
9393
9547
9547
8626
8476
8780
9088
9393
9547
9700
8780
8167
8626
8934
9085
9393
9547
9085
8322
8476
8780
9085
9393
9547
9696
8780
8322
8626
8934
9239
9393
9543
9393
8472
8476
8780
9085
9239
9393
9696
9239
8476
8322
8626
8934
9239
9547
9700
9239
8476
8322
8780
9088
9239
9547
9700
9393
8476
8167
8630
8934
9242
9393
9547
9700
8780
8167
8476
8780
9088
9393
9547
9696
9239
8476
8322
8626
8934
9242
9393
9700
9850
8934
8167
8476
8780
9088
9239
9547
9700
9547
8780
8017
8476
8780
9088
9239
9547
9696
9547
8626
8167
8476
8934
9239
9393
9547
9696
9393
8626
8017
8476
8780
9088
9239
9547
9700
9696
8934
8171
8476
8780
9088
9242
9393
9547
9696
9239
8476
8017
8476
8780
9088
9239
9547
9696
9850
8934
8167
8322
8626
8934
9239
9393
9543
9850
9547
8626
7862
8322
8626
8931
9239
9393
9543
9696
9393
8626
6795
7100
7409
7869
8178
8483
8637
8942
9096
9250
9400
9554
9404
8637
7869
7255
6640
6795
7100
7409
7715
8023
8328
8637
8942
9096
9250
9400
9554
9554
8791
8023
7255
6640
6795
7100
7409
7715
8023
8328
8637
8791
9096
9250
9404
9558
9558
9100
8332
7564
6949
6640
6795
7100
7564
7869
8178
8483
8791
8945
9250
9404
9558
9558
9558
8945
8178
7409
7103
7255
7718
8023
8332
8637
8791
9100
9250
9404
9558
9713
9709
9863
9250
8332
7718
6949
6640
7103
7409
7718
8178
8486
8637
8945
9096
9250
9404
9558
9713
9863
9250
8332
7718
6949
6488
6795
7103
7564
7869
8178
8483
8791
8945
9096
9250
9558
9558
9709
9709
8945
8178
7409
6795
6486
6949
7255
7715
8023
8328
8633
8784
9088
9235
9385
9535
9684
9838
9680
8916
8301
8608
8912
9062
9216
9369
9519
9672
9830
9984
9988
10137
10137
10286
10286
9523
9523
9672
9826
9979
9975
10129
10129
10129
10282
10278
10278
10278
10436
10440
10291
9527
9676
9830
9826
9979
9979
10129
10129
10282
10282
10282
10436
10431
10431
10431
10278
10278
10431
10436
10440
10593
10593
10593
10589
10589
10589
10589
10589
10589
10585
10585
9672
9365
9519
9668
9668
9822
9975
9975
10133
10133
10291
10286
10440
10440
10436
10436
10436
9672
9826
9822
9975
9975
10129
10124
10278
10278
10278
10431
10431
10431
10436
10593
10593
10133
9216
9369
9519
9672
9826
9826
9975
9975
10129
10129
10278
10278
10278
10431
10431
10431
10431
9216
9216
9365
9519
9672
9822
9822
9975
10129
10124
10124
10278
10278
10278
10278
10431
10278
9971
10124
10124
10282
10286
10440
10440
10436
10436
10436
10436
10589
10589
10585
10585
10585
10431
9668
9822
9822
9975
9975
10129
10124
10278
10282
10440
10440
10440
10440
10436
10436
10589
10589
10129
9365
9519
9672
9822
9822
9975
10129
10129
10124
10278
10278
10278
10436
10440
10444
10444
10449
10453
9539
923
1691
2767
3687
4456
5222
5992
6453
7068
7372
7830
8137
8440
8594
8897
9051
9204
9353
9511
8901
