4469
5081
5541
6000
6459
6764
7071
7375
7683
7526
7833
8137
8290
8594
8901
9212
9062
8908
9058
9212
9208
9361
9515
9511
9357
9357
9511
9511
9664
9660
9660
9818
9515
9515
9668
9664
9664
9818
9818
9814
9660
9814
9814
9814
9814
9814
9967
10120
9058
9212
9208
9361
9511
9511
9511
9664
9664
9511
9511
9660
9660
9660
9814
9967
9971
9515
9668
9668
9664
9818
9818
9818
9814
9814
9814
9814
9814
9814
9967
9967
9967
10120
9822
9822
9818
9818
9818
9818
9967
9967
9967
9967
9967
9967
9967
9967
9967
9967
10120
10274
9975
9971
9971
9971
9971
9967
9967
9967
9967
9967
9967
9967
9967
9967
9967
9967
10120
10274
10124
9971
9971
9971
9971
9971
9967
9967
10120
10120
9967
9967
9967
9967
9967
9967
9967
10274
10431
9975
9822
9818
9818
9971
9971
9971
9967
9967
9967
9814
9967
9967
9967
9967
9967
9967
10120
10278
10282
9672
9822
9822
9822
9818
9971
9971
9971
9971
9967
9818
9818
9818
9814
9814
9967
9967
10124
10278
10436
12293
12288
12288
12282
12277
12272
12119
12114
12114
12109
12109
12104
12104
12104
11950
11945
11945
11945
11945
12104
12104
11649
11649
11649
11797
11797
11797
11792
11792
11639
11639
11792
11792
11792
11787
11940
11787
11787
11787
11945
12252
12410
12410
11802
11802
11797
11797
11797
11950
11945
11945
11792
11945
11945
11945
11945
11945
11945
11945
11945
11792
12099
12257
12410
12415
12568
11960
11500
11496
11649
11649
11644
11797
11797
11797
11797
11792
11792
11792
11792
11792
11945
11945
11945
11189
11189
11337
11337
11491
11491
11639
11639
11639
11486
11639
11639
11639
11787
11787
11787
11787
11787
11787
11945
12099
12257
12410
12568
12410
11496
11194
11189
11342
11496
11491
11491
11644
11644
11639
11639
11639
11792
11792
11792
11792
11792
11945
12099
11496
11496
11496
11496
11491
11644
11644
11792
11792
11792
11639
11792
11792
11792
11787
11787
11787
11940
11940
11940
11342
11337
11491
11491
11486
11639
11639
11792
11792
11792
11792
11787
11787
11787
11787
11787
11940
11940
11940
11940
12298
12451
12600
12600
12754
12298
12451
12600
12754
12754
12451
12298
12451
12600
12600
12754
12144
12298
12451
12600
12754
12298
12298
12451
12446
12600
12600
11990
12144
12298
12446
12600
12600
12144
12298
12446
12600
12600
12446
12144
12293
12446
12600
12754
12446
12144
12293
12446
12600
12754
12600
12144
12298
12446
12600
12754
12754
12144
12139
12139
11980
11975
11970
11970
11812
11812
11812
11807
11654
11649
11649
11649
11649
11649
11496
11644
11644
11644
11802
11955
12114
11960
463
1543
2776
4006
4927
5848
6613
7225
7532
8301
8758
9373
9834
10291
10291
9830
10137
10440
10743
10891
11045
11352
11500
11500
11654
11654
11802
11955
11955
12109
11955
12109
12109
12257
12257
12257
12257
12257
12257
12257
12257
12257
12257
12410
12410
12257
12257
12257
12410
12410
12405
12405
12410
