2006
3084
4315
5235
6310
7077
7231
7843
8451
8908
9365
9822
9975
10278
10580
10734
11036
11189
11337
11491
11644
11797
11644
11644
11644
11644
11644
11644
11491
11644
11792
11792
11945
11945
12099
12099
12247
12247
12247
12247
12405
12558
12558
11955
11955
11955
12104
12104
12257
12252
12252
12252
12405
12405
12405
12405
12405
12400
12400
12400
12553
12553
12553
12553
12553
12553
12553
12553
12553
12553
12553
12553
12553
12553
12553
12553
12553
12553
12706
12711
12870
12870
13023
12114
12109
12262
12257
12257
12257
12410
12410
12405
12405
12405
12558
12558
12558
12558
12553
12553
12553
12553
12553
12553
12553
12553
12553
12553
12553
12553
12553
12553
12553
12553
12553
12553
12553
12553
12711
12558
12109
11950
12104
12104
12257
12252
12405
12405
12252
12405
12405
12400
12400
12400
12553
12553
12139
12288
12441
12595
12595
12748
12748
12902
12897
12897
12897
13050
13050
13050
13050
13050
13050
13050
13050
13204
13050
13050
13050
13050
13050
13050
13050
13204
13204
13204
13204
13204
13204
13204
13204
13204
13050
13050
13050
13050
13204
13204
13050
13204
13204
13204
13204
13204
12891
12891
12732
12732
12727
12574
12420
12415
12415
12415
12415
12262
12257
12262
12257
12257
12257
12257
12257
12257
12104
12104
12104
12104
12104
12104
12104
12104
12104
12104
12104
12099
12099
12099
12099
12104
12104
12262
12415
12420
12574
12267
11203
10589
10896
11045
11198
11194
11347
11500
11496
11649
11649
11802
11802
11797
11797
11950
11797
11950
11950
11950
11950
12104
12104
12104
11950
11950
12104
12104
12104
12104
12104
12099
12104
12104
12099
12099
12257
12257
12415
12114
