2932
3856
4777
5543
6464
7074
7532
8144
8601
9058
9365
9822
9975
10278
10585
10734
10887
11040
11036
11189
11342
11496
11496
11649
11644
11797
11797
11797
11950
11950
11950
11950
12109
12262
12267
12267
11352
11352
11500
11654
11654
11649
11649
11649
11649
11802
11802
11955
11955
11802
11802
11950
11950
11950
11950
11950
11950
12104
12104
12104
12104
12104
12104
12104
12104
12104
12104
12104
12104
12104
12262
12415
12415
12420
12415
11960
11352
11500
11500
11654
11654
11802
11802
11802
11802
11802
11955
11955
11955
11950
11950
11950
12104
12104
12104
12104
12104
12104
12104
12104
12104
12104
12104
12257
12257
12104
12104
12104
12257
12262
12420
12574
11659
11659
11659
11807
11807
11807
11955
11955
11802
11955
11955
11955
11955
12109
12104
12104
11950
12104
12104
12104
12104
12104
12104
12104
13198
13039
13034
12880
12875
12875
12722
12716
12716
12716
12558
12558
12558
12558
12558
12558
12558
12405
12400
12400
12400
12400
12400
12400
12400
12400
12400
12400
12400
12400
12400
12400
12400
12400
12400
12400
12405
12558
12563
12716
12722
11807
11960
11955
12109
12104
12104
12104
12104
12257
12257
12252
12252
12252
12252
12252
12252
12252
12405
12405
12405
12252
12405
12405
12405
12405
12400
12405
12400
12400
12400
12400
12400
12400
12405
12400
12400
12405
12558
12563
12563
11955
12109
12109
12104
12257
12257
12257
12257
12252
12252
12252
12252
12252
12252
12252
12252
12405
12405
12405
12400
12400
12247
12247
12247
12247
12247
12400
12400
12400
12400
12400
12400
12400
12400
12400
12400
12400
12400
12558
12563
12716
12716
12716
12563
11500
11649
11802
11802
11950
11950
12104
12104
10462
10457
10453
10602
10598
10598
10593
10593
10593
10589
10589
10589
10585
10585
10585
10585
10585
10585
10585
10734
10734
10734
10580
10580
10580
10580
10580
10734
10734
10580
10580
10734
10734
10734
10734
10734
10734
10580
10580
10734
10738
10743
10743
10743
10593
9523
9066
9216
9523
9672
9826
9826
9975
10129
10129
10129
10278
10278
10278
10431
10431
10431
10431
10585
10585
10585
10580
10580
10580
10580
10580
10580
10580
10580
10734
10734
10734
10734
10734
10734
10734
10734
10734
10738
10743
10743
10743
10133
10133
10282
10282
10282
10436
10431
10431
10431
10431
10431
10431
10585
10585
10585
10585
10580
10580
10585
10585
10585
10585
10580
10580
10734
10734
10734
10580
10580
10580
10580
10580
10580
10734
10734
10734
10580
10580
10580
10585
10738
10743
10743
10747
10747
10286
9373
8912
9216
9369
9519
9672
9822
9975
9975
10129
9975
10124
10124
10278
10278
10278
10431
10427
10427
10427
10427
10427
10427
10580
10580
10580
10580
10580
10580
10580
10427
10580
10580
10580
10580
10580
10580
10580
10734
10738
