2469
3393
4316
5237
6156
6769
7382
7686
8144
8605
9062
9365
9672
9975
10129
10278
10585
10738
10887
11040
11194
11194
11194
11347
11500
11496
11654
11654
11352
10896
11049
11198
11352
11505
11500
11654
11500
11654
11654
11807
11807
11802
11802
11807
11802
11802
11802
11802
11955
11955
11955
11802
11802
11955
11955
11955
11955
11955
11955
11955
11955
11955
11955
11960
12114
12119
11663
11208
11203
11356
11505
11659
11659
11807
11807
11500
11500
11654
11654
11654
11807
11802
11802
11649
11802
11802
11802
11955
11955
11955
11955
11649
11649
11649
11649
11802
11802
11802
11802
11802
11649
11807
11960
11965
12119
12119
12272
12272
11356
10593
10747
10896
11049
11198
11352
11505
11500
11352
11045
11198
11347
11500
11654
11807
11802
11955
11802
11802
11955
11955
11955
11955
11955
11955
11955
11802
11955
11955
11955
11955
11955
11955
12114
12114
11510
11049
11203
11352
11352
11505
11654
11654
11807
11807
11347
11500
11500
11654
11654
11649
11802
11802
11802
11222
11222
11217
11217
11371
11217
11217
11371
11371
11371
11371
11371
11371
11371
11371
11371
11371
11371
11371
11212
11212
11054
11054
10896
10896
10896
10891
10738
10738
10738
10738
10738
10734
10734
10580
10580
10580
10580
10580
10580
10580
10580
10580
10580
10580
10580
10427
10580
10580
10580
10580
10580
10580
10580
10580
10585
10738
10743
10896
10133
9979
10129
10129
10282
10282
10278
10278
10278
10431
10431
10431
10431
10431
10431
10427
10427
10580
10580
10580
10580
10580
10580
10580
10580
10580
10580
10580
10580
10580
10580
10580
10580
10580
10580
10580
10580
10738
10743
10896
10896
10896
10896
10133
10133
10129
10282
10282
10278
10278
10431
10278
10431
10431
10427
10427
10427
10580
10580
10427
10427
10580
10580
10580
10580
10580
10580
10580
10580
10580
10580
10580
10580
10580
