2157
2772
3695
4615
5228
5841
6453
6912
7369
7676
7983
8444
9058
9519
9826
10286
9676
8912
8147
7378
7683
7987
8294
8598
8901
9054
9208
9668
9668
9672
9668
9822
9971
9971
10120
10120
10274
10274
10269
10269
10423
10734
11045
11198
11045
11045
10891
10124
9361
9515
9664
9818
9814
9967
10120
10274
10580
10585
10282
10278
10278
10278
10427
10427
10427
10427
10423
10423
10269
10269
10580
10887
11045
11198
11198
11045
10891
10129
9361
9208
9361
9511
9664
9818
9967
10120
10431
10738
10282
9975
9975
10129
10124
10278
10274
10274
10427
10427
10427
10427
10274
10580
10891
11045
11198
11198
11045
11040
10887
10124
9361
9511
9664
9818
9967
9967
10120
10431
10738
11045
10282
9826
9822
9975
10124
10124
10278
10274
10274
10274
10427
10427
10580
9822
9818
9971
9971
10124
10120
10274
10274
10274
10269
10423
10423
10269
10423
10734
11040
11198
11352
11505
11663
10901
9984
9066
8301
7686
7990
8294
8598
8905
9054
9208
9357
9511
9971
10282
10133
9826
9822
9975
9971
10124
10120
10274
10274
10274
10423
10423
10423
10269
10580
10887
11045
11198
11198
11198
11045
11040
10887
10734
10124
9511
9664
9664
9814
9967
9967
10274
10585
10891
11045
11049
10286
9519
9672
9668
9822
9971
9971
10124
10120
10274
10274
10274
10427
10580
