2006
2930
4008
4929
5848
6461
7074
7532
7990
8601
9062
9676
9680
9219
9523
9826
10129
10436
10585
10431
10738
10891
11040
11194
11347
11347
11496
11496
11649
11649
11802
11802
11802
11955
11950
11950
11950
11950
11950
12104
12104
12104
12104
12104
12104
12104
12104
12262
12415
12420
11812
11049
11198
11352
11347
11500
11654
11649
11649
11649
11802
11802
11802
11950
11797
11797
11950
11950
11950
12104
12104
11950
11950
11950
11950
12104
12104
12104
12104
12104
12104
12104
12257
12257
12257
12109
11654
11654
11807
11802
11955
11955
11955
11955
11950
11950
11950
12104
12104
12104
12104
12104
12104
12104
12104
12104
12104
12104
12104
12104
12104
12104
12257
12257
12257
12257
12104
12104
12104
12104
12104
12257
12262
12267
11505
11654
11807
11807
11802
11955
11955
11955
11802
11955
11955
11955
12104
12104
12104
12104
11832
11827
11975
11970
11970
11817
11812
11812
11807
11960
11960
11955
11955
11955
11955
11955
11950
11955
11950
12104
12104
12104
12104
12104
12104
12104
12104
12104
12104
12104
12104
12104
12104
12104
12104
12104
12104
12262
12262
12420
12420
11659
11352
11505
11500
11654
11654
11802
11802
11802
11802
11955
11955
11950
11950
11950
12104
12104
12104
12104
12104
12104
12104
12104
12104
12104
12104
12104
12104
12104
12104
12104
12104
12104
12104
12104
12104
12104
12257
12257
12415
12420
11960
11960
12114
12109
12109
12109
12109
12109
12104
12104
12104
12104
12104
12104
12104
12104
12104
12104
12104
12104
12104
12104
12104
12104
12104
12104
12104
12252
12252
12099
12099
12104
12104
12104
12104
12257
12257
12104
12257
12262
12415
12420
12574
12574
11510
11203
11352
11505
11500
11654
11654
11807
11802
11827
11673
11673
11673
11673
11673
11515
11510
11510
11356
11352
11352
11045
11040
11194
11194
11342
11496
11496
11496
11491
11644
11797
11792
11945
11945
11945
11945
12099
12099
12099
12099
12099
12247
12247
12247
12247
12247
12247
12247
12247
12247
12400
12247
12247
12405
12558
12563
12716
11654
11654
11802
11802
11955
11955
11950
11950
12104
12104
12104
12099
12252
12252
12252
12252
12252
12252
12252
12252
12252
12252
12252
12252
12252
12405
12405
12252
12405
12400
12400
12400
12400
12400
12400
12400
12400
12400
12400
12400
12400
11649
11797
11797
11950
11945
11945
12099
12099
12099
12099
12252
12252
12247
12247
12247
12247
12247
12247
12247
12247
12247
12400
12247
12400
12400
12400
12400
12400
12400
12247
12400
12400
12400
12400
12400
12400
12400
12247
12247
12247
12400
12405
12558
12563
12415
7862
8167
8626
8931
9085
9389
9543
9696
9850
10000
10154
10308
10308
10457
10457
10611
10611
10611
10765
10765
10765
10765
10765
10919
10919
10919
10919
10765
10760
10756
10756
10752
10752
10747
10593
10743
10743
10743
10743
10738
10738
10738
10585
10585
10585
10585
10585
10580
10580
10580
10580
10580
10580
10580
10580
10580
10580
10734
10580
10580
10580
10580
10580
10580
10580
10580
10580
10580
10580
10580
10585
10738
10743
10743
10743
9830
9066
9216
9369
9519
9672
9822
9975
10129
10129
9975
10129
10278
10278
10278
10431
10431
10431
10431
10431
10431
10431
10431
10585
10585
10585
10580
10431
10431
10431
10580
10580
10580
10580
10580
10580
10431
10585
10580
10580
10580
10580
10738
10743
10743
10593
9523
9219
9369
9523
9672
9826
9975
10129
10129
10129
10129
10129
10278
10278
10431
10431
10431
10431
10585
10585
10431
10431
10431
10585
10585
10580
10580
10580
10580
10580
10580
10580
10580
10580
10580
10580
10580
10580
10734
10580
10580
10580
10580
10585
10585
10743
10743
10747
10743
9830
9066
