2005
2620
3543
4617
5384
6151
6917
7378
7378
7836
8294
8601
9058
9361
9515
9664
9818
9971
10120
10274
10274
10274
10274
10274
10120
10427
10738
10891
11049
11049
10896
10436
10436
10585
10738
10734
10887
11040
11036
11036
11036
11189
11189
11184
11184
11337
11337
10738
10738
10738
10887
10887
11036
11036
11036
11036
11036
11036
11189
11184
11184
11337
11337
11337
11337
11496
11802
11960
12114
12272
11510
11049
11045
11198
11198
11194
11194
11347
11347
11040
11189
11189
11189
11342
11342
11342
11342
11342
10891
10887
11040
11040
11189
11189
11189
11189
11342
11189
11337
11337
11337
11337
11337
11491
11491
11491
10431
10585
10585
10734
10734
10887
10887
11036
11036
11036
11036
11036
11036
11189
11184
11184
11337
11337
11337
10436
10585
10738
10734
10887
11040
11036
11189
11189
11036
11036
11189
11184
11184
11184
11337
11337
11337
11491
11040
11040
11036
11189
11189
11189
11342
11342
11337
11337
11337
11337
11337
11337
11491
11491
11491
11491
11491
11644
11040
11194
11189
11189
11342
11342
11337
11337
11337
11337
12595
12595
12748
12897
12897
12595
12595
12743
12897
12743
12589
12277
12272
12272
12267
12267
12262
12262
12104
11950
11950
11950
11945
11945
11945
11945
11639
11792
11792
11945
12104
12257
11955
11649
11649
11649
11797
11797
11797
11792
11792
11792
11792
11792
11792
11792
11945
11945
11945
11945
11945
11945
11945
12252
12257
12262
11654
11812
12119
12272
12426
12426
11822
11822
12129
12282
12431
12584
12743
12743
12897
13045
13045
13198
13198
13198
13352
13352
13352
13505
13505
13505
13505
13505
13659
13659
13505
13505
13505
13659
13659
13664
13664
13664
13664
13659
13659
13659
13659
13659
13659
13659
13659
13659
13659
13659
13659
13659
13659
13659
13659
13659
13659
13659
13659
13659
13659
13659
13659
13659
13659
13659
13659
13659
13659
13659
13659
13659
13659
13659
13659
11837
11837
11990
11990
11990
11837
11837
11837
11837
11837
11837
11837
11837
11837
11837
11837
11837
11837
11837
11837
11837
11837
11837
11837
11837
11837
11837
11837
11837
11832
11832
11832
11832
11832
11832
11832
11985
11837
11832
11832
11832
11832
11832
11832
11832
11832
11832
11832
11832
11832
11832
11832
11832
11832
11832
11832
11832
11837
11837
11832
11837
11837
11837
11837
11837
11837
11837
11837
11837
11837
11837
11837
11837
11837
11837
11837
11837
11837
11837
11837
11837
11837
11837
11837
11837
11837
11837
11837
11837
11837
11837
11837
11837
11837
11837
11837
11837
11837
11837
11837
11837
11837
11837
11837
11990
11837
11837
11837
11837
11837
11837
11837
11837
11837
11837
11837
11837
11990
11837
10629
10629
10629
10629
10629
10629
10629
10629
10629
10629
10629
10629
10629
10475
10475
10475
10475
10475
10475
10629
10629
10629
10629
10629
10629
10321
10475
10475
10475
10475
10475
10475
10475
10629
10629
10629
10629
10629
10475
10475
10475
10475
10475
10475
10475
10475
10629
10629
10629
10629
10629
10321
10475
10475
10475
10475
10475
10475
10629
10629
10629
10629
10629
10629
10629
10475
10475
10475
10475
10475
10475
10475
10629
10629
10629
10629
10629
10629
10475
10475
10475
10475
10475
10475
10475
10629
10629
10629
10629
10629
10629
10629
10475
10475
10475
10475
10475
10475
10475
10475
10475
10475
10629
10629
10629
10629
10475
10475
10475
10475
10475
10475
10629
10629
10629
10629
10629
10629
10629
10629
10629
10475
10475
10475
10475
10475
10475
10475
10475
10629
10629
10629
10629
10629
10629
10629
10321
10475
10475
10475
10475
10475
10475
10629
10629
10629
10629
10629
10629
10629
10629
10475
10475
10475
10475
10475
10475
10629
10629
10629
10629
10629
10629
10629
10629
10629
10321
10475
10475
10475
10475
10475
10475
10475
10475
10629
10629
10629
10629
10629
10629
10629
10321
10475
10475
10321
10321
10321
10321
10321
10321
10321
10321
10321
10321
10321
10321
10321
10321
10171
9404
9558
9554
9709
9863
10017
10017
10013
10167
10167
10321
10321
10321
10321
10475
10475
10475
10321
10321
10321
10475
10475
10475
10475
10475
10475
10475
10629
10629
10629
10629
10629
10629
10475
10475
10475
10475
10475
10475
10475
10629
10629
10629
10629
10629
10629
10629
10629
10629
10475
10321
10475
10475
10475
10475
10475
10475
10629
10629
10629
10629
10629
10629
10629
10629
10629
10321
10475
10475
10475
10475
10475
10475
10475
10475
10475
10475
10629
10629
10629
10629
10629
10629
10475
10321
10475
10475
10475
10475
10475
10475
10629
10629
10629
10629
10629
10629
10629
10629
10629
10629
