2469
3547
4469
5391
6310
6923
7535
7686
8297
8755
9216
9519
9822
10129
10282
10585
10891
11040
11194
11347
11342
11496
11649
11649
11802
11955
11955
11802
11955
11950
11950
12104
12104
12104
10743
10738
11045
11198
11347
11500
11496
11347
11347
11500
11649
11649
11802
11955
11955
11955
12104
12104
12104
12104
12257
12257
12104
12104
12104
12257
12257
12257
12257
12104
12104
12104
12257
12257
12257
12262
12415
11659
11812
11807
11960
11960
11960
12109
12109
12109
12109
12109
12109
12262
12262
12262
12257
12109
12109
12262
12262
12257
12257
12257
12410
12104
12257
12257
12257
12257
12257
12257
12257
12257
12257
12257
12257
12415
12415
12420
12574
11663
10593
10593
10743
10896
11198
11352
11500
11654
11654
10891
11045
11194
11347
11500
11649
11802
11955
11955
11802
11802
11955
11955
12109
12109
12109
12257
11955
11955
12109
12109
12104
12104
12104
12257
12257
11505
11654
11654
11807
11802
11802
11955
11955
11955
13056
13056
13050
13050
13050
12897
12897
12738
12738
12579
12579
12420
12420
12420
12262
12262
12262
12262
12109
12109
12109
12104
12104
12104
12104
12104
12104
12104
11950
11950
12104
12104
12104
12104
12104
12104
12104
12104
12104
12104
11950
11950
12104
12109
12262
12267
12267
11505
11505
11505
11654
11654
11807
11807
11500
11654
11654
11649
11802
11802
11649
11649
11802
11802
11802
11955
11955
11802
11802
11955
11950
11950
11950
11950
11950
11950
11950
11950
11950
11950
11950
11950
11950
11950
11950
12109
12267
12267
11510
11505
11659
11654
11654
11807
11807
11802
11807
11802
11802
11955
11955
11955
11955
11955
11955
11955
11950
11950
11950
11950
11950
11950
11950
11950
11950
11950
11950
11950
11950
11950
11950
12104
12104
12104
12104
12104
11950
12109
12109
12267
12267
12426
12426
11817
13056
13204
13209
13209
13209
13209
13204
13204
13357
13204
13050
12891
12886
12732
12732
12727
12574
12420
12420
12415
12415
12415
12262
12262
12262
12257
12257
12257
12104
12104
12257
12257
12257
12257
12257
12104
12104
12104
12104
12104
12257
12104
12104
12104
12104
12104
12104
12104
12104
12104
12262
12415
12420
12574
11663
10896
11049
11198
11352
11505
11500
11654
11654
11654
11802
11802
11955
11955
11955
11955
11955
12109
12109
12104
12104
12104
12104
12104
12104
12104
12104
12104
12257
12104
12257
12257
12257
12257
12257
12257
12104
12104
12104
12257
12257
12257
12415
12114
11659
11654
11807
11807
11960
11955
11955
11955
11955
11955
12109
12109
12109
12104
12104
12104
12104
12104
12104
12104
12257
12257
12257
12104
12104
12257
12257
12257
12257
12257
12257
12257
12257
12257
12257
12257
12257
12257
