2767
3228
3995
4917
5685
6453
7222
7836
7526
7065
7065
7369
7830
8134
8440
8747
8897
9204
9511
9212
9361
9515
9668
9818
9818
9971
9971
10120
10120
10120
10120
10274
10580
10738
11045
11352
10896
9975
9668
9822
9818
9971
10124
10124
10274
10274
10274
10427
9975
9975
9975
10129
10124
10124
10278
10278
10274
10427
10427
10274
10274
10427
10734
10891
11198
11352
11203
10282
9668
9822
9822
9971
9971
10124
10124
10278
10274
10274
10431
772
1852
3084
4161
5081
6002
6613
7378
7378
7990
8448
8905
9365
9822
10129
10431
10431
10585
10734
11040
11194
11347
11496
11496
11347
11496
11496
11649
11649
11802
11960
11960
11203
11198
11352
11505
11654
11654
11807
11807
11500
11500
11654
11807
11955
11955
12109
12109
12109
12109
12262
12257
12257
12257
12410
12410
12410
12410
12410
12410
12410
12410
12410
12410
12257
12257
12410
12410
12415
12415
12574
12574
12272
11356
10444
10593
10896
11049
11198
11352
11505
11654
11654
11352
11500
11654
11807
11807
11955
11955
12109
12109
12109
12109
12109
12104
12104
12257
12257
12257
