2467
2928
4005
4771
5692
6302
6914
7375
7680
8137
8444
8901
9204
9511
9664
9664
10124
10585
10891
11203
11049
10291
10133
10286
10436
10589
10738
10738
10891
10585
10734
10887
10887
11040
11036
11189
11189
11189
11189
11342
11654
11807
11965
11659
11198
11198
11194
11347
11347
11347
11342
11342
11342
11342
11496
11496
11496
11491
11491
11491
11491
11649
11802
11960
12114
12272
11812
10896
11049
11045
11045
11194
11194
11194
11347
11342
11342
11342
11342
11342
11337
11337
11491
11491
11491
465
1548
3095
4327
5405
6329
6943
7403
8171
8780
9393
9854
10312
10616
10923
11226
11534
11837
11990
12144
12298
12446
12600
12754
12754
12907
12907
13056
13056
13056
13209
13209
13209
13209
13363
13363
13363
13363
13363
13363
13363
13363
13516
13516
13511
13516
13511
13511
13511
13511
13511
13363
13516
13516
13516
13516
13516
13516
13659
13664
13664
13664
13659
13664
13659
13659
13659
13659
13659
13659
13664
13659
13659
13664
13659
13659
13659
13659
13659
13659
13659
13664
13664
13664
13664
13659
13659
13659
13659
13659
13659
13659
13659
13664
13664
13659
13659
13659
13659
13659
13659
13659
13659
13664
13659
13659
13659
13659
13659
13659
13659
13659
13659
13659
13659
13659
13659
13659
13659
13659
13659
13659
13659
13659
13659
13659
13659
13659
13659
13659
13659
13659
13659
13659
13659
13659
13659
13659
13659
13659
13659
13659
13659
13659
13659
13659
13659
13659
13659
13659
13659
13659
13659
13659
13659
13659
13659
13659
13659
13659
13659
13659
13659
13659
13812
13812
13659
13659
13659
13659
13812
13812
13812
10629
10629
10629
10629
10629
10629
10629
10629
10629
10629
10629
10629
10629
10475
10475
10475
10475
10475
10629
10629
10629
10629
10629
10629
10629
10475
10475
10475
10475
10475
10475
10629
10629
10629
10629
10629
10629
10629
10475
10475
10475
10475
10475
10475
10629
10629
10629
10629
10629
10629
10629
10321
10321
10475
10475
10475
10475
10475
10475
10475
10475
10475
10475
10475
10321
10321
9863
9863
9863
9863
10017
10017
10017
10017
10167
10167
10321
10321
10321
10321
10475
10167
10167
10167
10321
10321
10321
10475
10475
10475
10475
10475
10475
10475
10475
10321
10321
10475
10475
10475
10475
10475
10475
10475
10629
10629
10629
10629
10629
10321
10475
10475
10475
10475
10475
10475
10475
10475
10629
10629
10629
10629
10629
10629
10475
10475
10475
10475
10629
10629
10629
10629
10629
10629
10629
10629
10629
10629
10475
10475
10475
10475
10629
10629
10629
10629
10629
10629
10629
10629
10629
10629
10629
10475
10475
10475
10475
10629
10629
10629
10629
10629
10629
10629
10629
10629
10629
10629
10629
10629
10629
10629
10629
10629
10629
10629
10629
10629
10629
10629
10629
10629
10629
10629
10475
10475
10475
10475
10475
10629
10629
10629
10629
10629
10629
10629
10629
10629
10629
10629
10321
10475
10475
10475
10475
10475
10475
10475
10629
10629
10629
10629
10629
10629
10629
10629
10321
10321
10475
10475
10475
10475
10475
10475
10475
10475
10475
10475
10475
10629
10629
10629
10325
10321
10321
10321
10475
10475
10475
10475
10475
10475
10475
10629
10629
10629
10629
10629
10629
10321
10321
10475
10475
10475
10475
10475
10475
10629
10629
10629
10629
10629
10629
10629
10629
10629
10475
10475
10475
10475
10475
10475
10475
10475
10629
10629
10629
10629
10629
10629
10629
10629
10629
10321
10321
10475
10475
10475
10475
10475
10475
10629
10629
10629
10629
10629
10629
10629
10629
10629
10475
