2003
2464
3233
4154
5231
6151
6920
7378
7225
6764
7071
7529
7987
8290
8598
8747
9051
9204
9357
9357
9664
10124
10436
10743
11049
10743
9979
9826
9822
9975
9971
10124
10124
10274
10274
10274
10274
10274
10585
10891
11045
11203
11356
11054
9988
9069
8304
8150
8455
8758
9062
9212
9365
9515
9668
9818
9818
9212
9365
9361
9515
9664
9818
9971
9967
10120
10120
10120
9814
9967
10116
10427
10734
10891
11045
11045
10436
9668
9515
9668
9664
9818
9971
9967
10120
10120
10274
10274
10269
9971
9971
10124
10120
10274
10274
10269
10423
10423
10423
10423
10423
10423
10423
10729
10887
11194
11352
11505
11054
9988
9073
1230
2307
3229
4150
4763
5531
5990
6604
7062
7369
7827
8134
8440
8137
8444
8594
8901
9051
9357
9511
9511
9660
9814
9967
9967
9515
9515
9668
9668
9818
9971
9971
10120
10120
10274
10274
10274
617
1698
2930
4161
5081
6002
6615
7378
7836
7686
8297
8755
9212
9668
9975
10278
10431
10589
10286
10589
10891
11045
11198
11347
11500
11500
11649
11496
11649
11802
11802
11955
11955
11950
12104
11950
11950
11950
12104
12104
12104
12104
12104
12257
11950
12104
12104
12104
12104
12104
12104
12104
12104
