2469
3239
4161
5083
5848
6461
7074
7378
7990
8448
8905
9365
9668
9822
10124
10278
10580
10734
10887
10887
11040
11189
11342
11496
11496
11496
11649
11802
11960
12114
12119
11049
10747
10896
11045
11198
11352
11500
11347
11500
11654
11654
11802
11802
11802
11802
11802
11955
11955
11950
11950
11955
11955
11950
12104
12104
12104
12104
11950
11950
12104
12104
12104
12104
12104
11347
11347
11500
11496
11496
11649
11649
11649
11649
11802
11797
11950
11950
11950
11797
11950
11950
11950
11950
12104
12104
11950
11950
12104
12104
12104
12104
12104
11950
11950
11950
12104
12104
12104
12104
12257
11654
11654
11649
11802
11802
11955
11955
11950
11802
11802
11950
11950
11950
11950
12104
11950
11950
11950
12104
12104
12104
12104
12104
11950
11950
12104
12104
12104
12104
12104
12257
12104
12104
12104
12104
12104
12262
12262
12420
11659
13352
13352
13352
13352
13352
13198
13193
13034
13034
12875
12875
12722
12716
12716
12716
12563
12558
12558
12558
12558
12558
12558
12405
12400
12400
12400
12400
12400
12400
12400
12400
12400
12400
12400
12247
12400
12400
12400
12400
12400
12400
12400
12405
12558
12563
12716
12415
11500
11654
11802
11802
11955
11950
12104
11950
12104
12104
12099
12099
12252
12252
12252
12252
12252
12252
12252
12252
12252
12252
12252
12252
12405
12405
12405
12252
12247
12247
12247
12247
12400
12252
12252
12405
12405
12558
12563
12716
12109
11807
11955
11955
12109
12104
12104
12257
12104
12257
12252
12252
12252
12252
12252
12252
12252
12252
12252
12405
12405
12400
12400
12247
12247
12247
12405
12405
12400
12400
12252
12400
12400
12400
12400
12400
12400
12400
12405
12405
12563
12563
12716
12563
12563
11955
13204
13204
13204
13204
13204
13050
13045
12886
12886
12732
12574
12574
12574
12568
12415
12415
12415
12415
12257
12257
12257
12257
12257
12257
12257
12257
12257
12257
12104
12104
12104
12104
12257
12257
12104
12104
12104
12104
12104
12104
12104
12104
12104
12104
12257
12262
12415
11812
11807
11807
11960
11955
11955
11955
11802
11955
11955
11955
11950
12104
11950
11950
11950
12104
12104
12104
12104
11950
12104
12104
12104
12104
12104
12099
12104
12104
12104
12104
12104
12099
12252
12104
12099
12099
12099
12099
12099
12257
11500
11500
11649
11649
11802
11802
11797
11797
11797
11797
11950
11950
11950
12104
12104
11950
11950
11950
12104
12104
12104
12104
12104
12104
12104
12104
12104
12104
12104
12104
12104
12104
12104
12104
12104
12104
12104
12257
12104
12104
12104
12104
12262
12415
12420
12119
10914
10914
10910
10752
10752
10747
10747
10593
10589
10589
10589
10589
10585
10585
10431
10431
10585
10585
10585
10580
10580
10580
10431
10431
10431
10585
10580
10580
10580
10431
10431
10427
10427
10580
10580
10580
10580
10431
10431
10431
10431
10580
10580
10585
10589
9826
9826
9979
10129
10129
10282
10282
10278
10129
9975
9975
10129
10124
10278
10278
10431
10431
10124
10278
10278
10278
10431
10431
10431
10585
10278
10431
10431
10431
10431
10427
10580
10580
10580
10278
10431
10431
10431
10427
10580
10580
10580
10278
10431
10436
10589
10593
10593
10747
10747
10743
9830
8912
8758
8912
9216
9369
9519
9672
9822
9975
9975
9668
9822
9822
9971
9971
10124
10278
10278
10278
10278
10278
10427
10427
10427
10427
10427
10580
10580
10427
10427
10580
10580
10580
10580
10580
10580
10580
10580
9971
9971
10129
10133
10133
10286
10286
10286
10286
10282
10282
9672
9062
9365
9519
9668
9822
9975
9971
10124
10124
10278
10124
10278
10278
10278
10427
10427
10427
10427
10580
10427
10427
10427
10580
10580
10580
10580
10580
10580
10580
