7560
7866
8174
8479
8633
8942
9096
9250
9400
9400
9554
9709
9709
9250
8791
8174
7715
7100
6949
7100
7409
7869
8178
8332
8637
8791
8945
9096
9250
9404
9558
9404
9100
8637
8178
7564
7872
8178
8332
8637
8791
8945
9100
9250
9404
9558
9713
9713
9558
9250
8637
8178
7564
7564
7869
8178
8486
8791
8945
9096
9250
9404
9558
9558
9709
9709
9558
9250
8791
8178
8023
8332
8483
8791
8945
9096
9250
9404
9558
9558
9709
9863
9863
9863
9713
9096
8637
8178
8332
8637
8791
8945
9100
9250
9404
9558
9713
9713
9863
9863
10017
9863
9558
8791
8023
8020
8325
8630
8777
9081
9231
9381
9531
9680
9834
9830
9984
9979
10133
9373
9369
9523
9676
9826
9826
9975
9975
10129
10129
10124
10278
10278
10278
10278
9672
9672
9822
9975
9975
10129
10124
10278
10278
10278
10278
10431
10431
10431
10431
10431
10436
10440
10440
10440
10589
10589
10589
10589
10585
10585
10585
10585
10585
10431
9515
9365
9515
9672
9830
9830
9988
10137
10137
10133
10286
10286
10282
10436
10436
10436
9672
8755
8294
8294
8601
8751
9062
9216
9527
9676
9676
9826
9979
9979
10129
10129
10282
10129
9519
9058
9058
9212
9365
9515
9672
9826
9984
10137
10133
10133
10286
10286
10282
10436
10282
9672
9212
9365
9519
9668
9822
9975
9975
10133
10133
10291
10286
10440
10440
10436
10436
10436
9826
9365
9519
9672
9822
9822
9975
10129
10129
10129
10286
10286
10444
10440
10440
10440
10440
10133
9216
9369
9519
9672
9826
9822
9975
9975
10129
10129
10278
10282
10440
10444
10444
10440
10440
9830
9216
9369
9519
9672
9826
9975
9975
10129
10129
10129
10278
10278
10278
10436
10440
10444
10602
9684
8762
7997
8301
8455
8758
8908
9216
9365
9519
9672
9822
9822
9975
9975
10124
10124
10282
10286
10286
9369
9369
9523
9672
9826
9826
9975
9975
10129
10129
10282
10282
10278
10431
10431
10431
10431
10589
9979
10133
10129
10129
10282
10282
10431
10431
10431
10431
10431
10431
10431
10585
10585
10585
10580
10580
12441
12595
12748
12902
12897
12441
12595
12748
12897
12897
12441
12595
12748
12897
12897
12441
12595
12748
12897
12897
12743
12595
12595
12743
12897
12897
12441
12595
12743
12897
12897
12743
12595
12595
12748
12897
12897
12441
12595
12748
12902
12897
12897
12441
12595
12748
12748
12902
12902
12441
12595
12748
12748
12902
12902
12441
12595
12595
12748
12902
12897
12441
12595
12748
12743
12897
12897
12441
12595
12748
12743
12897
12897
12748
12595
12748
12748
12897
12897
12897
12441
12595
12748
12748
12902
12897
12748
12595
12595
12748
12902
12897
12897
12441
12595
12748
12902
12902
12897
12897
12595
12595
12748
12902
12897
12897
12902
12441
12595
12748
12902
12897
12897
12902
12441
12595
12748
12902
12902
13050
12897
11990
12144
12293
12446
12600
11990
12139
12293
12446
12600
12446
12144
12298
12446
12600
12600
11990
12298
12446
12446
12600
12298
12144
12298
12446
12600
12600
11990
12298
12451
12446
12446
12441
12134
11822
11822
11817
11812
11659
11659
11654
11654
11654
11649
11649
11649
11649
11649
11644
11802
11045
10891
11040
11040
11194
11189
11189
11342
11189
11189
11189
11184
11337
11337
11337
11337
11337
11337
11337
11649
11802
11960
12114
12267
11352
10891
11045
11040
11194
11194
11189
11342
11342
11342
11342
11337
11337
11337
11337
11337
11491
11491
11649
11040
11194
11194
11189
11189
11342
11342
11342
11337
11337
11337
11337
11337
11337
11491
11491
11491
11491
11491
11491
11802
11955
12114
12267
12267
12114
11500
11194
11194
11194
11342
11342
11342
11342
11342
11496
11342
11337
11337
11491
11491
11491
11491
11491
11802
11654
10896
10891
11045
11040
11040
11194
11189
11189
11342
11342
11036
11189
11189
11184
11337
11337
11337
11337
11337
11337
