2162
2777
3701
4469
5235
5848
6461
6613
7071
7532
7990
8294
8601
8601
8905
9058
9361
9515
9664
9818
9664
9818
9971
10124
10124
10274
10124
10124
10274
10274
10427
10427
10427
10427
10580
10738
10738
10743
10743
10133
9523
9676
9826
9979
10129
10129
10282
10282
10278
10431
10431
10580
10580
10580
10580
10580
10734
10734
10734
10887
10734
10734
10734
10734
10887
10887
10887
10734
10887
10887
10887
10887
10887
10887
10431
10431
10431
10585
10585
10585
10580
10580
10431
10427
10427
10427
10427
10580
10580
10427
10427
10427
10427
10580
10580
10580
10580
10427
10427
10427
10580
10580
10580
10580
10580
10427
10427
10427
10427
10580
10585
10738
10896
10440
10286
10282
10436
10436
10585
10585
10585
10431
10278
10431
10431
10585
10580
10734
10734
10734
10734
10734
10734
10734
10734
10887
10882
10882
10882
10882
10882
10882
10882
10882
10882
10882
9092
9550
9854
10316
10620
10774
9859
8938
9092
9550
10008
10312
10466
10774
9854
8938
9088
9550
10008
10312
10620
10769
9854
9088
8938
9396
9700
10162
10466
10774
10312
9396
8938
9396
9700
10162
10466
10774
10774
9859
8938
8938
9396
9854
10162
10466
10774
10466
9550
8784
9242
9705
10008
10312
10620
10923
10162
9242
8784
9246
9705
10008
10312
10620
10923
10162
9396
8633
9092
9550
9854
10316
10620
10928
10466
9550
8938
9396
9854
10158
10466
10769
11077
10466
9550
9088
9550
10008
10312
10620
10769
11077
10620
9700
8938
9242
9705
10008
10312
10620
10923
11077
10162
9242
8784
9242
9700
10008
10466
10620
10923
10923
10008
9088
8938
9396
9700
10162
10466
10769
11077
10620
9700
8938
8784
9396
9700
10162
10466
10769
11077
10774
9854
8938
8938
9396
9700
10162
10466
10774
10923
11077
10008
9242
8784
9242
9700
10008
10466
10620
10923
11231
10316
9396
8630
9092
9396
9854
10162
10466
10774
11077
10466
9705
8784
8476
8934
9239
9692
9996
10299
10449
10752
10901
10747
10901
11203
11352
11352
11505
11654
11654
11807
11226
11534
11837
11990
12144
11529
11837
11990
12139
12293
11837
11990
12144
12293
12446
12446
11990
12139
12293
12446
12600
11990
12144
12293
12446
12600
12600
11990
12298
12446
12446
12600
12293
12144
12298
12451
12600
12600
12298
12144
12298
12446
12600
12600
12144
12144
12298
12451
12600
12600
12298
12144
12298
12446
12446
12600
12446
11990
12298
12451
12600
12600
12600
11990
12144
12298
12446
12600
12600
12144
12144
12298
12446
12600
12600
12600
11990
12144
12293
12446
12600
12754
12446
11990
12293
12293
12446
12600
12600
12144
11990
12298
12446
12600
12600
12754
11990
12144
12298
12446
12446
12600
12600
11990
12144
12298
12451
12600
12600
12754
12144
11990
12298
12451
12600
12600
12754
12451
12144
12298
12446
12600
12600
12754
12754
