1853
2777
3854
4929
5848
6613
7071
7683
8294
8908
9519
9826
9523
9826
10129
10431
10738
10887
10887
11040
11189
11342
11491
11644
11644
11797
11950
11950
12099
12099
12099
12252
12252
12252
12252
12405
12252
12252
12405
12405
12405
12400
12405
12400
12400
12553
12553
12553
12553
12558
12711
12716
12870
12875
12722
11812
11960
11960
12109
12109
12262
12257
12257
12257
12257
12410
12405
12405
12405
12405
12405
12558
12558
12558
12558
12558
12558
12553
12553
12553
12558
12553
12553
12553
12553
12553
12553
12553
12553
12553
12553
12553
12553
12711
12864
12870
12109
11955
12109
12104
12257
12257
12257
12405
12252
12405
12405
12405
12405
12400
12553
12400
12400
12553
12553
12553
12553
12553
12553
12553
12553
12553
12553
12553
12553
12553
12553
12553
12553
12553
12553
12553
12553
12553
8784
9396
9700
10162
10466
10774
10312
9396
9092
9550
9854
10158
10466
10774
10316
9396
8938
9396
9854
10162
10466
10774
10316
9396
8938
9396
9700
10162
10466
10774
10620
9550
8784
8938
9396
9854
10162
10620
10774
10162
9242
8938
9396
9854
10158
10466
10774
10774
9700
8938
9092
9550
9854
10312
10620
10769
10466
9550
8784
9242
9705
10008
10466
10620
10923
10312
9396
8784
9246
9705
10008
10466
10620
10928
10466
9550
8788
9246
9550
10008
10316
10620
10928
10774
9705
8938
9242
9550
10008
10312
10620
10923
11077
10162
9242
8938
9396
9854
10158
10466
10769
11077
10466
9550
8784
9088
9550
9854
10312
10620
10769
11077
10158
9396
8784
9242
9700
10008
10466
10616
10923
11077
10158
9242
8784
9242
9705
10008
10312
10620
10923
11077
10316
9396
8784
9242
9705
10162
10466
10774
10928
11231
10466
9550
8633
8938
9396
9859
10162
10620
10774
11077
10620
9705
8938
9246
9705
10008
10470
10774
10928
11231
10928
10008
9092
8633
9246
9705
10008
10470
10774
11082
11231
10620
9550
8784
9396
9859
10162
10466
10774
11077
11385
10928
10008
9092
8780
9242
9547
9850
9850
9393
8630
8934
9239
9547
9700
9700
9242
8476
8630
9088
9393
9700
9850
9242
8476
8934
9242
9547
9854
9850
9088
8630
8934
9393
9700
9854
9850
9242
8476
8630
9088
9393
9700
10004
9393
8630
8780
9242
9547
9854
10004
9700
8934
8630
8934
9393
9700
9850
10158
9242
8476
8934
9242
9547
9547
9700
9854
9088
8322
8322
8780
9242
9547
9700
9700
9242
8322
8322
8780
9088
9393
9393
9547
9547
8630
8017
8476
8934
9239
9547
9850
9850
8934
8630
8934
9393
9700
9850
10158
9850
8934
8780
9085
9393
9696
10004
10158
10004
9088
8476
8934
9239
9547
9700
9850
9850
9547
8780
8171
8630
9088
9393
9700
9700
9850
9547
8630
8171
8630
9088
9393
9700
9700
9850
9547
8784
8171
8630
8934
9396
9700
9850
10158
9547
8784
8630
8934
9239
9547
9850
10158
10312
9393
8630
8784
9088
9547
9700
9700
9850
9850
9700
8784
8017
