1860
2632
3559
4329
5100
5868
6329
6789
7403
8017
8476
8780
9088
9393
9700
10004
10308
10462
10616
10765
10919
11073
11073
11226
11226
11380
11375
11529
11529
11529
11683
11683
11683
11683
11683
11683
11683
11837
11683
11837
11832
11832
11832
11832
11832
11832
11832
11837
11837
11832
11837
11837
11837
11837
11832
11837
11837
11837
11837
11837
11837
11837
11837
11837
11837
11837
11837
11837
11837
11837
11837
11837
11990
11837
11837
11837
11837
11837
11837
11837
11837
11837
11837
11837
11837
11837
11837
11837
11837
11837
11837
11837
11837
11837
11837
11837
11837
11837
11832
11837
11837
11832
11837
11837
11832
11832
11837
11832
11832
11832
11832
11832
11832
11832
11837
11832
11832
11832
11832
11832
14113
14119
14119
14119
14119
14119
14119
14119
14119
14119
14119
14119
14119
14119
14119
14119
14119
14119
14119
14119
14119
14119
14119
14119
14119
14119
14119
14119
14119
14119
14119
14119
14119
14119
14119
14119
14119
14119
14119
14119
14119
14119
14119
14119
14119
14119
14119
13965
13965
14119
14119
14119
13965
13965
13965
13965
13965
14119
13965
13965
14119
14119
14119
14119
14119
14119
14119
14119
14119
14119
14119
14119
14119
14119
14119
14119
14119
14119
14119
14119
14119
14119
14119
14119
14119
14119
14119
14119
14119
14119
14119
14119
14119
14119
14119
14119
14119
14119
14119
14119
14113
14113
13965
14119
14119
14119
14119
14119
14119
14119
14113
14113
14113
14113
14113
10629
10629
10629
10629
10629
10629
10629
10629
10629
10629
10629
10629
10629
10475
10475
10475
10475
10629
10629
10629
10629
10629
10629
10629
10629
10475
10475
10475
10475
10475
10629
10629
10629
10629
10629
10629
10629
10629
10475
10475
10475
10475
10475
10475
10629
10629
10629
10629
10629
10629
10629
10475
10475
10475
10475
10475
10475
10475
10629
10629
10629
10629
10629
10629
10629
10475
10475
10475
10475
10475
10629
10629
10629
10629
10629
10629
10629
10629
10475
10475
10475
10475
10475
10475
10629
10629
10629
10629
10629
10629
10629
10629
10475
10475
10475
10475
10475
10475
10629
10629
10629
10629
10629
10629
10629
10629
10629
10475
10475
10475
10475
10475
10475
10629
10629
10629
10629
10629
10629
10629
10629
10475
10475
10475
10475
10475
10475
10629
10629
10629
10629
10629
10629
10629
10629
10629
10475
10475
10475
10475
10475
10629
10629
10629
10629
10629
10629
10629
10629
10629
10629
10475
10475
10475
10475
10475
10629
10629
10629
10629
10629
10629
10629
10629
10629
10629
10475
10475
10475
10475
10475
10475
10475
10629
10629
10629
10629
10629
10629
10629
10629
10629
10321
10321
10321
10475
10475
10475
10475
10475
10475
10475
10629
10629
10629
10629
10629
10629
10475
10475
10475
10475
10475
10475
10475
10629
10629
10629
10629
10629
10629
10629
10629
10629
10475
10475
10475
10475
10475
10629
10629
10629
10629
10629
10629
10629
10629
10629
10629
10629
10475
10475
10475
10475
10475
10475
10475
10629
10629
10629
10629
10629
10629
10629
10629
10629
10629
10475
10475
10475
10475
10475
10475
10475
10475
10475
10321
10321
10321
10321
10321
10321
10321
10321
10321
10167
9709
9709
9863
9863
10017
10013
10167
10167
10321
10321
10321
10321
10475
10475
10475
10475
10475
10475
10321
10475
10475
10475
10475
10475
10475
10475
10629
10629
10629
10629
10629
10629
10629
10629
10629
12754
12754
12754
12754
12754
12754
12754
12754
12754
12754
12754
12754
12754
12754
12754
12754
12754
12907
12754
12754
12754
12754
12754
12754
12754
12754
12754
12754
12754
12754
12600
12754
12754
12754
12754
12754
12907
12754
12754
12754
12754
12754
12754
12754
12754
12754
12754
12754
12754
12907
12754
12754
12754
12754
12754
12754
12907
12600
12754
12754
12754
12754
12754
12754
12600
12600
12600
12600
12754
12754
12754
12600
12754
12754
12754
12754
12754
12754
12754
12600
12600
12754
12754
12754
12754
12754
12600
12600
12600
12600
12600
12600
12754
12754
12600
12600
12600
12600
12600
12600
12600
12605
12451
12605
12600
12600
12600
12600
12600
12446
12446
12605
12605
12600
12600
12600
12600
12605
12605
12600
12600
12600
12600
12600
12600
12600
12451
12605
12605
12600
12600
12600
12600
12600
12451
12451
12605
12605
12600
12600
12600
12600
12600
