2006
2468
3393
4315
5083
5697
6313
6926
6772
6618
7077
7535
7840
8297
8605
8755
9062
9212
9365
9515
9668
9822
9822
9822
9971
9971
10124
10124
10278
10278
10431
10278
10278
10278
10431
10431
10431
10431
10585
10431
10431
10585
10589
10589
10593
10747
10286
9373
9066
9369
9523
9672
9826
9826
9975
10129
9975
10129
10129
10282
10278
10278
10431
10431
10278
10431
10431
10431
10431
10431
10585
10585
10431
10431
10585
10580
10580
10580
10580
10580
10585
9672
9672
9826
9975
9975
10129
10124
10278
10278
9822
9971
9971
10124
10278
10278
10278
10427
10427
10274
10427
10427
10427
10427
10580
10580
10580
10580
10427
10427
10427
10580
10580
10580
10580
10580
10580
9975
9975
10129
10124
10124
10278
10278
10278
10431
10124
10278
10278
10278
10427
10427
10427
10427
10427
10580
10427
10427
10427
10580
10580
10580
10580
10580
10580
10427
10427
10580
10580
10580
10580
10580
10580
10738
10738
10133
10133
10129
10282
10282
10436
10431
10431
10431
10585
9975
9975
10124
10124
10278
10278
10431
10431
10431
10431
10278
12589
12743
12743
12891
12891
13045
13045
13045
13198
13198
13198
13198
13198
13198
13352
13198
13352
13352
13352
13346
13352
13352
13346
13352
13352
13352
13352
13352
13346
13346
13352
13352
13352
13352
13352
13352
13352
13352
13352
13346
13193
13034
12880
12875
12875
12716
12716
12716
12563
12558
12558
12558
12558
12558
12405
12405
12405
12405
12405
12400
12400
12400
12400
12400
12400
12400
12400
12400
12400
12400
12400
12400
12400
12400
12400
12400
12400
12558
12563
12716
12722
12114
11960
11955
11955
12104
12104
12104
12099
12099
12099
12252
12252
12252
12252
12247
12247
12247
12247
12247
12247
12247
12247
12247
12247
12247
12400
12400
12400
12400
12400
12247
12247
12247
12400
12400
12400
12400
12400
12405
12558
12563
12716
12722
12722
12716
11807
13204
13204
13204
13204
13204
13204
13204
13204
13204
13204
13045
12891
12886
12732
12727
12727
12574
12568
12568
12415
12415
12415
12410
12410
12410
12257
12257
12257
12257
12257
12257
12257
12257
12257
12257
12257
12257
12257
12257
12257
12104
12104
12104
12104
12257
12257
12104
12104
12104
12257
12262
12415
12267
11352
11505
11654
11654
11807
11802
11802
11802
11802
11955
11950
11950
11950
12104
12104
12104
12104
12104
12104
12104
12104
12104
12104
12104
12257
12252
12252
12252
12252
12252
12252
12252
12252
12252
12252
12099
12252
12252
12252
12252
12257
12415
11807
11802
11955
11955
11955
12109
12104
11950
11950
11950
11950
12104
12104
12104
12104
12104
12104
12104
12104
12104
12104
12104
12104
12104
12104
12104
12104
12257
12257
12257
12104
12104
12104
12104
12104
12104
12257
12257
11832
12139
12293
12441
12441
12595
12595
12748
12589
12584
12584
12426
12426
12420
12420
12420
12267
12262
12262
12262
12262
12257
12109
12104
12104
12104
12104
12257
12257
12104
12104
12104
12104
12104
12104
12104
12104
12104
12104
12104
12257
12104
12104
12104
12104
12104
12104
12257
12104
12109
12262
12420
12420
12574
11965
11203
11352
11505
11505
11654
11807
11807
11500
11500
11654
11649
11802
11802
11955
11802
11955
11955
11955
12104
12104
12104
11950
11950
11950
12104
12104
12104
12104
12104
12104
12104
12104
12104
12099
12099
11950
12104
12104
12104
12104
12252
12257
12410
11654
11654
11802
11802
11955
11955
11955
12104
11955
11950
11950
12104
12104
12104
12104
11950
12104
12104
12104
12104
12104
12257
12252
12104
12104
12099
12099
12099
12252
12252
12252
12099
12252
12252
12252
12252
12252
12252
12252
