8594
8901
9204
9357
9515
9672
9826
9826
9975
9975
10129
10124
10124
9357
8897
9051
9361
9519
9672
9672
9822
9822
9822
9971
9971
9971
9967
9967
9971
9515
9515
9511
9664
9664
9814
9814
9814
9967
9967
10120
10278
10282
10282
10129
9361
9054
9357
9511
9664
9660
9814
9967
9971
10129
10129
10278
10278
10278
9971
9204
9357
9511
9507
9660
9818
9975
10133
10129
10129
10282
10278
10278
10431
9664
9051
9204
9353
9664
9822
9826
9975
10129
10124
10124
10278
10278
10274
10274
9814
9051
9208
9365
9672
9672
9822
9975
9975
10124
10124
10124
10278
10274
10274
10120
9515
9208
9361
9515
9664
9818
9818
9967
9967
10120
10120
10120
10274
10274
10431
10133
771
1697
2775
3697
4465
5233
5846
6459
6917
7375
7836
8140
8448
8751
8905
8451
8451
8755
8908
9212
9365
9515
9668
9822
9822
9971
9971
10124
10124
10278
9818
9668
9822
9826
9979
10133
10133
10286
10282
10282
10282
10436
10431
10431
10431
10431
9822
9212
9361
9515
9668
9822
9822
9979
10137
10137
10141
10291
10291
10286
10440
10440
10286
9369
8451
7686
7686
7990
8294
8601
8908
9058
9212
9365
9519
9676
9830
9984
9984
10137
10133
9979
9062
8908
9062
9216
9365
9519
9672
9822
9975
9975
10129
10129
10124
10282
10286
10444
10444
9676
9369
9523
9672
9826
9979
9975
10129
10129
10129
10282
10282
10278
10431
10431
10431
10431
9979
10133
10129
10129
10282
10282
10431
10431
10431
10431
10431
10585
10585
10580
10580
10580
10431
10278
10278
10436
10440
10440
10436
10589
10589
10589
10585
10585
10585
10585
10585
10585
10585
10278
9515
9361
9515
9668
9822
9818
9975
10133
10137
10286
10286
10286
10436
10436
10436
10436
10436
10436
9672
9212
9365
9519
9668
9822
9822
9975
10129
10124
10282
10286
10291
10449
10444
10444
10440
10440
9979
9066
8301
8147
8451
8755
8908
9216
9365
9519
9672
9822
9822
9975
9975
10129
10286
10291
10291
10440
9984
9219
8476
8780
9085
9393
9700
9393
8626
8626
8934
9239
9547
9696
9393
8476
8626
8934
9239
9547
9696
9393
8630
8630
8934
9239
9547
9700
9547
8780
8476
8780
9242
9393
9700
9850
8934
8322
8780
9088
9393
9547
9850
9393
8630
8630
8934
9239
9393
9700
9850
9088
8322
8780
9088
9393
9547
9696
9696
8780
8322
8780
9085
9393
9543
9850
9543
8780
8472
8780
9085
9393
9543
9850
9696
8780
8322
8780
9085
9393
9543
9696
9850
8934
8167
8626
8934
9239
9547
9696
10004
9239
8476
8476
8780
9088
9393
9700
9850
9696
8780
8322
8626
8934
9239
9547
9696
10004
9393
8472
8322
8780
9085
9393
9543
9850
10004
9085
8322
8472
8934
9085
9393
9696
9850
10004
9088
8322
8476
8780
9088
9393
9700
9850
10004
9242
8476
8476
8780
9088
9393
9700
9850
10004
9393
8476
8322
8780
9088
9393
9547
9696
10004
9700
8780
8167
8630
8934
9239
9547
9696
9850
10004
9088
8322
