1860
2632
3404
4329
5100
5868
6177
6789
7249
7862
8167
8630
8780
9085
9393
9696
9850
10004
10004
10154
10308
10462
10462
10462
10616
10611
10611
10765
10765
10765
10765
10765
10765
10765
10765
10765
10765
10765
10765
10765
10765
10765
10765
10765
10765
10765
10765
10765
10765
10765
10765
10765
10765
10765
10765
10765
10765
10765
10765
10765
10765
10919
10765
10765
10765
10765
10765
10765
10765
10765
10765
10765
10765
10765
10765
10919
10765
10765
10765
10765
10765
10765
10765
10765
10765
10765
10765
10765
10765
10765
10919
10765
10765
10765
10765
10765
10919
10919
10765
10765
10765
10765
10765
10765
10919
10919
10765
10765
10765
10765
10765
10765
10765
10765
10765
10765
10765
10919
10919
10919
10919
10765
10765
10765
10765
10765
10765
10919
10919
10765
10765
10765
10765
10765
10765
10765
10919
10629
10629
10629
10629
10629
10629
10629
10629
10629
10629
10629
10629
10629
10321
10321
10475
10475
10475
10475
10475
10475
10475
10629
10629
10629
10321
10321
10475
10475
10475
10475
10475
10475
10475
10475
10629
10629
10629
10321
10475
10475
10475
10475
10475
10475
10475
10475
10475
10475
10629
10629
10321
10475
10475
10475
10475
10475
10475
10475
10475
10629
10629
10629
10629
10629
10321
10475
10475
10475
10475
10475
10475
10475
10475
10629
10629
10629
10629
10475
10321
10475
10475
10475
10475
10475
10475
10475
10475
10475
10475
10475
10475
10321
10321
10475
10475
10475
10475
10475
10475
10475
10475
10475
10629
10629
10629
10629
10321
10475
10475
10475
10475
10475
10475
10475
10475
10475
10629
10629
10629
10629
10475
10475
10475
10475
10475
10475
10475
10475
10629
10629
10629
10629
10629
10629
10629
10321
10321
10475
10475
10475
10475
10475
10475
10475
10475
10475
10629
10629
10629
10629
10321
10475
10475
10475
10475
10475
10475
10475
10475
10475
10629
10629
10629
10629
10629
10321
10321
10475
10475
10475
10475
10475
10475
10475
10475
10475
10475
10475
10475
10475
10629
10321
10321
10475
10475
10475
10475
10475
10475
10475
10475
10629
10629
10629
10629
10629
10629
10321
10475
10475
10475
10475
10475
10475
10475
10629
10629
10629
10629
10629
10629
10629
10629
10475
10475
10475
10475
10475
10475
10475
10475
10475
10629
10629
10629
10629
10629
10629
10629
10321
10321
10321
10321
10321
10321
10321
10321
10321
10321
10321
10321
10321
10321
10321
10321
10321
10321
10321
9709
9404
9554
9554
9709
9863
9863
10013
10013
10167
10167
10321
10321
10321
10321
10321
10475
10475
10167
10321
10321
10321
10321
10475
10475
10475
10475
10475
10475
10475
10475
10629
10629
10629
10629
10321
10321
10321
10321
10475
10475
10475
10475
10475
10475
10475
10475
10629
10629
10629
10629
10629
10475
13965
13965
13965
13965
14119
13965
13965
14119
14119
14119
14119
14119
14119
14119
14119
13965
14119
14119
14119
14119
14119
14119
14119
14119
14113
13965
13965
13965
14119
14119
13965
13965
13965
13965
13965
13965
13965
13965
13965
13965
14119
13965
13965
14119
14119
14119
14119
13965
13965
13965
13965
14119
14119
13965
13965
13965
13965
13965
13965
13965
13965
13965
13965
13965
13965
13965
13965
13965
13965
13965
13965
13965
13965
13965
13965
14119
13812
13812
13965
13965
13965
13965
13965
13965
13965
13965
13965
14119
14119
13965
13965
13965
14119
14119
14119
13965
13965
13965
14119
14119
14119
14119
13965
13965
13965
14119
14119
14119
13965
13965
13965
13965
13965
14119
14119
12754
12600
12600
12600
12600
12600
12605
12600
12600
12600
12600
12600
12605
12600
12600
12605
12605
12605
12605
12451
12605
12600
12600
12600
12600
12451
12451
12605
12605
12605
12600
12451
12451
12605
12600
12600
12600
12600
12451
12451
12605
12605
12605
12600
12600
12451
12451
12451
12605
12605
12605
12600
12451
12605
12605
12600
12600
12600
12600
12451
12451
12605
12605
12605
12600
12600
12451
12451
12451
12600
12605
12605
12600
12451
12451
12446
12600
12600
12600
12600
12600
12446
12446
12600
12600
12600
12600
12600
12446
12446
12446
12446
12600
12600
12600
12600
12451
12451
12451
12446
12446
12446
12600
12600
12451
12451
12451
12451
12605
12600
12600
12600
12451
12451
12451
12605
12605
12605
12600
12600
12451
12451
12605
12600
12600
12605
12605
12605
12451
12451
12605
12605
12600
12600
12600
12600
12605
12451
12451
12605
12605
12605
12600
12600
12600
