2006
2623
3546
4315
5081
5695
6308
6766
6613
7225
7529
7990
8297
8605
8912
8916
8150
7843
8147
8451
8758
9062
9216
9365
9365
9519
9668
9822
9975
9975
10129
10124
10124
10278
10278
10278
10431
10431
10431
10431
10431
10431
10580
10580
10580
10580
10580
10431
10427
10585
10585
10589
10593
10747
10747
9830
8916
8912
9066
9369
9523
9672
9826
9822
9975
9975
9975
10129
10124
10278
10278
10278
10431
10278
10278
10431
10431
10431
10431
10585
10580
10431
10431
10427
10427
10580
10580
10580
10585
10585
10133
10129
10129
10282
10282
10278
10431
10431
10431
10124
10124
10278
10278
10278
10427
10427
10427
10427
10274
10427
10427
10427
10580
10580
10580
10580
10580
10427
10427
10427
10580
10580
10580
10580
10580
10580
9066
9219
9369
9523
9672
9826
9975
10129
10129
9822
9668
9668
9822
9975
10124
10124
10278
10278
10278
10278
10278
10427
10427
10427
10427
10580
10580
10580
10580
10580
10580
10580
10580
10580
10580
10580
10738
10738
10436
9826
9979
10133
10129
10282
10282
10278
10431
10431
10431
13198
13352
13352
13193
13039
13034
12880
12875
12875
12722
12716
12716
12563
12558
12558
12558
12558
12405
12405
12405
12405
12400
12400
12400
12400
12400
12400
12400
12400
12400
12400
12400
12400
12400
12400
12400
12400
12400
12400
12400
12405
11649
11649
11797
11797
11950
11945
11644
11792
11792
11945
11945
11945
12099
11945
12099
12099
12093
12093
12093
12093
12093
12093
12247
12247
12247
12099
11945
11792
11792
11639
11639
11639
11491
11491
11491
11337
11337
11337
11342
11496
11649
11807
11505
11045
11198
11347
11500
11649
11649
11802
11797
11797
11950
11950
11950
11950
11797
11797
11644
11644
11797
11797
11792
11797
11644
11644
11491
11491
11491
11491
11491
11337
11337
11337
11337
11337
11184
11184
11184
11184
11184
11189
11189
11194
10738
10738
11040
11194
11342
11342
11496
11644
11644
11644
11797
11792
11945
11945
12099
12099
