7686
8147
8451
8601
8908
9062
9212
9523
9676
9680
9838
9988
9834
9069
8150
7843
8147
8455
8758
8908
9062
9369
9519
9672
9672
9826
9984
10137
9527
9523
9676
9830
9979
9979
10133
10129
10282
10282
10282
10282
10431
10282
10282
10440
10440
10444
10440
10440
10593
10589
10589
10589
10589
10589
10436
9672
9212
9365
9519
9668
9826
9826
9984
10137
10133
10133
10286
10286
10282
10282
9365
9212
9365
9519
9672
9822
9822
9975
10129
10133
10291
10291
10286
10440
10286
9369
9216
9365
9519
9672
9822
9822
9975
10129
10124
10124
10278
10282
10440
10291
9527
9373
9523
9676
9672
9826
9979
9975
10129
10129
10282
10282
10282
10278
10431
10282
10436
10440
10440
10440
10589
10589
10589
10589
10589
10589
10585
10585
10585
10431
9519
9365
9519
9668
9826
9984
10137
10137
10133
10286
10286
10282
10282
10436
10436
10282
9519
9212
9365
9519
9668
9822
9822
9975
10133
10137
10291
10291
10286
10440
10440
10436
9826
9216
9365
9519
9672
9822
9822
9822
9975
9975
9971
10129
10133
10133
10133
10133
10133
10129
10129
9826
9975
9975
10129
10129
10124
10278
10278
10278
10431
10431
10431
10436
10440
10598
10598
9988
9069
8455
8608
8758
9062
9216
9365
9519
9672
9822
9822
9975
9975
10124
10124
10278
10282
10133
9830
9979
9979
10129
10129
10282
10282
10278
10278
10431
10431
10431
10431
10431
10431
10431
9971
10124
10129
10286
10291
10440
10440
10440
10436
10436
10436
10589
10589
10585
10585
10585
10585
9668
9365
9519
9668
9822
9822
9979
10137
10137
10291
10286
10286
10440
10436
10436
10436
10436
10431
9672
9212
9365
9515
9668
9822
9975
9971
10124
10129
10286
10286
10286
10440
10440
10436
10436
10436
9826
9216
9365
9519
9672
9822
9822
9975
10129
10129
10124
10278
10278
10436
10440
10444
10440
10440
10286
9369
9369
9523
9672
9826
9826
9975
9975
10129
10129
10278
10278
10278
10278
10431
10431
10436
10593
10133
12441
12595
12748
12748
12902
12441
12595
12748
12748
12902
12595
12595
12748
12902
12902
12748
12441
12595
12748
12897
12897
12441
12595
12748
12897
12897
12595
12441
12595
12743
12743
12897
12441
12595
12595
12743
12897
12897
12441
12595
12743
12897
12897
12595
12595
12748
12743
12897
12897
12441
12595
12743
12743
12897
12897
12441
12441
12595
12748
12897
12897
12595
12595
12595
12743
12897
12897
12743
12441
12595
12743
12897
12897
12897
12441
12595
12748
12743
12897
12897
12441
12595
12748
12748
12897
12897
12897
12441
12595
12748
12902
12897
12897
12595
12595
12748
12748
12897
12897
12897
12441
12595
12748
12748
12902
12897
12897
12441
12595
12748
12748
12902
12897
13050
12441
12595
12595
12743
12897
12897
12897
8476
8780
9239
9393
9547
9393
8630
8322
8626
9088
9393
9547
9393
8630
8476
8780
9242
9547
9696
9393
8476
8476
8934
9239
9547
9700
9547
8630
8322
8780
9088
9242
9393
9547
9088
8322
8167
8630
9088
9393
9547
9547
8780
8171
8476
8934
9242
9393
9547
9393
8630
8017
8476
8780
9242
9393
9700
9393
8630
8322
8780
9088
9393
9547
9547
9393
8630
8017
8476
8934
9088
9393
9700
9547
8780
8017
8476
8934
9242
9547
9854
9700
8934
8171
8630
9088
9393
9547
9700
10004
9088
8322
8476
8934
9242
9547
9700
9700
9547
8630
8017
8322
8780
9088
9239
9393
9547
9547
8780
8013
8322
8780
9088
9393
9547
9696
9547
8780
8017
8167
8626
8934
9088
9393
9700
9850
8934
8167
8476
8780
9242
9239
9393
9547
9854
9088
8322
8017
8476
8934
9242
9393
9547
9700
9547
8780
8017
8322
8784
9088
9393
9547
9850
10004
9088
8322
8476
8934
9088
9242
9393
9547
9700
9700
8780
8017
11990
12144
12293
12446
12446
11990
12144
12293
12446
12446
11837
11990
12293
12293
12446
12293
11990
12144
12293
12446
12600
11990
11990
12139
12293
12446
12446
11837
12144
12293
12446
12446
12446
11683
11837
12144
12293
12293
12446
11837
11990
12144
12446
12446
12600
11837
11990
12298
12446
12446
12600
11990
12144
12298
12446
12600
12600
11837
11990
12144
12298
12446
12600
12298
11990
12144
12298
12446
12293
12144
11683
11380
11683
11837
12144
12298
12293
11534
11837
11990
12144
12293
12446
12446
11837
11990
12144
12293
12446
12600
12293
11837
12144
12293
12446
12600
12600
12298
11990
12144
12293
12446
12600
12600
12293
11837
12144
12293
12446
12600
12600
12446
11837
12144
12298
12446
12600
12446
12446
11534
11688
11837
11990
12144
12293
12293
12144
11073
