2003
2926
4003
5079
5846
6459
6917
7222
7068
7526
7983
8287
8594
8897
9361
9822
9365
9365
9515
9668
9818
9971
9971
10120
10274
10274
10274
10734
11040
11198
11352
11352
11194
10431
10278
10427
10427
10580
10580
10576
10576
10887
10891
10738
10738
10734
10734
10734
10729
10729
10729
10729
10882
10729
11036
11347
11500
11659
11654
11347
10585
10431
10427
10427
10580
10580
10576
10576
10729
11040
10585
10585
10580
10734
10734
10734
10729
10729
10729
10729
10729
10882
11189
11347
11654
11807
11812
11198
10436
10431
10431
10585
10580
10580
10580
10734
10729
10882
10887
10585
10585
10580
10580
10734
10729
10729
10729
10729
10729
10729
10729
11036
11347
11500
11807
11965
11654
11347
10431
10431
10427
10580
10580
10580
10580
10729
10729
10882
11194
10585
10585
10585
10734
10734
10734
10729
10729
10729
10729
10882
10882
9971
9971
10120
10274
10274
10423
10423
10423
10576
10576
10571
10571
9365
9212
9515
9664
9818
9971
9967
10120
10274
10269
10423
10423
10269
9664
9664
9818
9971
9971
10120
10274
10274
10427
10423
10423
10576
10576
10423
10729
11040
11347
11500
11812
11659
11505
10891
10124
10278
10278
10427
10427
10427
10580
10576
10576
10729
11040
11045
