2005
2774
3697
4311
4925
5538
5997
6456
6761
7068
7526
7830
7983
8444
8905
8601
8755
8905
9058
9208
9208
9361
9357
9357
9511
9511
9664
9660
9660
9814
9814
9660
9814
9814
9814
9967
10278
10282
9672
9519
9668
9668
9668
9818
9818
9818
9818
9664
9818
9818
9814
9814
9814
9814
9967
9814
9814
9814
10124
10278
10436
10589
9830
923
1693
2461
3229
3998
4611
5224
5685
6144
6451
6755
7062
6914
7222
7372
7680
7830
7983
8137
8287
8440
8594
8594
8440
8594
8747
9208
9515
9672
9672
9830
9216
8601
8140
8294
8290
8444
8598
8594
8747
8747
8901
9208
9212
8908
9058
9058
9058
9054
9054
9208
9208
9208
9204
9204
9204
9204
9204
9515
9668
9826
9826
9979
9826
9672
9062
8294
8444
8598
8598
8751
8747
8901
8901
8901
9208
9519
9062
9062
9212
9212
9212
9208
9208
9208
9208
9208
9208
9208
9208
8901
9208
9361
9519
9672
9830
9984
10137
9684
9073
8769
9077
9385
9688
9996
10150
10457
10000
9846
10154
10304
10611
10765
10919
11073
11073
11226
11222
11375
11375
11529
10629
10629
10629
10629
10629
10629
10629
10629
10629
10629
10629
10629
10629
10629
10629
10629
10629
10629
10629
10629
10629
10629
10629
10629
10629
10629
10629
10629
10629
10629
10629
10629
10629
10629
10629
10629
10629
10629
10629
10629
10629
10629
10629
10629
10629
10629
10629
10629
10629
10629
10629
10629
10629
10629
10629
10629
10629
10629
10629
10629
10629
10629
10629
10629
10629
10629
10629
10629
10629
10629
10629
10629
10629
10629
10629
10629
10629
10629
10629
10629
10629
10629
10629
10629
10629
10629
10629
10629
10629
10629
10629
10475
10171
10167
10321
10321
10321
10475
10475
10475
10475
10475
10475
10475
10475
10475
10321
10017
10017
10017
10017
10171
10171
10167
10167
10167
10167
10167
10321
10321
10321
10321
10321
9709
9554
9709
9863
9863
10017
10013
10167
10167
10321
10321
10321
10321
10475
10475
10321
10321
10475
10475
10475
10475
10475
10475
10475
10629
10629
10629
10629
10629
10629
10321
10475
10475
10475
10475
10475
10475
10475
10475
10475
10629
10629
10629
10629
10629
10629
10629
10629
10629
10629
10629
10629
10629
10629
10629
10629
10629
10629
10629
10629
10629
10475
10629
10629
10629
10629
10629
10629
10629
10629
10629
10629
10629
10629
10629
10629
10629
10475
10475
10475
10475
10475
10475
10475
10629
10629
10629
10629
10629
10629
10629
10629
10629
10475
10475
10475
10475
10475
10475
10475
10629
10629
10629
10629
10629
10629
10629
10629
10629
10475
10475
10475
10475
10475
10475
10475
10475
10475
10475
10629
10629
10629
10629
10629
10629
10629
10475
10475
10475
10475
10475
10475
10475
10629
10629
10629
10629
10629
10629
10629
10629
10629
10629
10321
10321
10475
10475
10475
10475
10475
10475
10475
10475
10629
10629
10629
10629
10629
10629
10629
10475
10475
10475
10475
10475
10475
10475
10629
10629
10629
10629
10629
10629
10629
10629
10629
10629
