2007
2777
3700
4775
5541
6154
6308
6917
7683
8294
8751
9208
9511
9971
10274
10580
10729
11036
11036
11337
11491
11644
11797
11792
11792
11945
11945
12099
12099
12252
12252
12252
12252
12405
12405
12405
12405
12563
12716
12722
12875
12420
617
1542
2619
3695
4769
5536
6302
6912
7219
7523
8137
8751
9365
9826
10282
9826
9672
9975
10124
10278
10427
10580
10729
10882
10882
11031
11031
11031
11184
11184
11491
11649
11194
11194
11189
11342
11337
11337
11491
11491
11491
11184
11337
11333
11333
11486
11486
11639
11797
11496
11342
11342
11342
11337
11337
11491
11491
11491
11486
11486
11486
11486
11486
11486
11486
11639
11797
11644
11342
11496
11491
11491
11491
11491
11491
11486
11639
11486
11486
11486
11486
11486
11486
11486
11792
11950
11496
11496
11491
11491
11491
11491
11486
11639
11639
11486
11486
11486
11486
11486
11486
11639
11639
11945
11797
11040
11194
11189
11189
11342
11337
11337
11491
11491
11491
