2157
3079
4001
4769
5534
6146
6761
7526
7683
7987
8294
8598
8901
9208
9357
9511
9660
9814
9967
10120
10427
10734
11045
11352
10738
10431
10431
10585
10580
10580
10734
10729
10729
10729
10729
9971
10124
10120
10274
10274
10427
10423
10576
10576
10576
10423
10576
10882
11194
11500
11654
11198
10282
10129
10278
10278
10431
10427
10427
10580
10580
10576
10729
10278
10278
10278
10431
10427
10580
10580
10576
10576
10729
10729
10576
10729
11036
11347
11500
11807
11659
10743
10738
10738
10738
10734
10734
10734
10734
10729
10882
10882
465
1394
2941
4174
5252
6329
6789
7249
8017
8784
9242
9854
10312
10620
10923
11226
11534
11837
11990
12144
12298
12446
12600
12754
12907
12907
12907
13056
13056
13209
13209
13209
13209
13209
13363
13363
13363
13363
13363
13363
13363
13516
13516
13516
13516
13516
13516
13516
13516
13516
13516
13516
13516
13516
13516
13516
13516
13516
13516
13516
13516
13516
13516
13516
10629
10629
10629
10629
10629
10629
10629
10629
10629
10629
10629
10629
10629
10475
10475
10475
10475
10475
10475
10629
10629
10629
10629
10629
10629
10475
10475
10475
10475
10475
10629
10629
10629
10629
10629
10629
10629
10629
10321
10321
10475
10475
10475
10475
10475
10475
10475
10475
10629
10629
10629
10475
10475
10475
10475
10475
10475
10629
10629
10629
10629
10629
10629
10629
10629
10475
10475
10475
10475
10475
10475
10475
10475
10629
10629
10629
10629
10629
10475
10475
10475
10475
10475
10475
10475
10629
10629
10629
10629
10629
10629
10629
10475
10475
10475
10475
10475
10475
10475
10629
10629
10629
10629
10629
10629
10629
10321
10475
10475
10475
10475
10475
10475
10629
10629
10629
10629
10629
10629
10629
10629
10475
10475
10475
10475
10475
10475
10475
10475
10475
10475
10629
10629
10629
10629
10629
10475
10475
10475
10475
10475
10475
10475
10475
10629
10629
10629
10629
10629
10629
10629
10475
10475
10475
10475
10475
10475
10475
10475
10629
10629
10629
10629
10629
10629
10629
10321
10321
10475
10475
10475
10475
10475
10475
10475
10475
10629
10629
10629
10629
10629
10475
10475
10475
10475
10475
10475
10475
10475
10475
10475
10475
10475
10321
10321
10321
10321
10321
10321
9709
9863
9863
10017
10017
10167
10167
10167
10321
10321
10321
10321
10475
10475
10475
10475
10475
9863
10013
10013
10167
10167
10167
10321
10321
10321
10475
10475
10475
10475
10475
10475
10475
10321
10321
10321
10321
10475
10475
10475
10475
10475
10475
10475
10629
10629
10629
10629
10629
10629
10321
10321
10321
10475
10475
10475
10475
10475
10475
10475
10629
10629
10629
10629
10629
10629
10629
10321
10321
10475
10475
10475
10475
10475
10475
10629
10629
10629
10629
10629
10629
10629
10629
10629
10321
10475
10475
10475
10475
10475
10475
10475
10629
10629
10629
10629
10629
10629
10629
10629
10629
10629
