2305
3226
4148
4917
5687
6302
6610
6456
6300
6761
7065
7219
7523
7676
7983
8134
8287
8140
8290
8444
8444
8594
8747
8747
8901
8897
8897
8897
9051
9361
9515
9519
9672
9676
9062
8140
7987
8140
8290
8290
8444
8594
8594
8901
9208
8908
8905
8905
9058
9054
9054
9054
9054
9204
9204
9204
9204
9357
9668
9975
10129
10286
9826
9058
8598
8598
8751
8751
8901
8901
8901
9054
9361
9365
8755
8751
8751
8905
8905
8901
9054
9054
9054
9051
9204
9051
9361
9668
9822
9979
9979
10137
9373
8605
7836
7375
7372
7680
7830
7983
8137
8444
8905
9212
8908
8297
8294
8448
8444
8598
8751
8751
8901
8901
8901
9054
9208
8147
8147
8297
8451
8448
8601
8601
8751
8751
8905
8901
8901
8901
8901
9208
9515
9672
9826
9984
9984
9830
9216
8448
8140
8290
8444
8444
8594
8747
8747
8901
9361
9519
9216
9212
9212
9212
9208
9208
9208
9208
9208
9204
9204
9204
9204
9357
9668
9822
9979
9979
10137
10137
9988
9219
8297
7683
7222
7526
7680
7830
8137
8290
8598
8905
9212
9369
9066
8605
8601
8755
8751
8905
8905
9054
9054
9054
9054
9054
9204
9361
8905
8905
9054
9054
9054
9054
9204
9204
9204
9204
9204
9204
9204
