8791
8945
9100
9250
9404
9558
9558
9713
9863
9863
9863
10017
10017
9558
9096
8637
8178
7718
7869
8178
8486
8637
8945
9100
9250
9404
9558
9558
9713
9863
9558
9250
8637
8023
7869
8178
8486
8637
8791
9100
9254
9404
9558
9558
9713
9713
9863
9558
9250
8637
8023
8178
8486
8637
8945
9100
9250
9404
9404
9558
9713
9713
9867
9863
9713
9250
8641
7872
7412
6795
6949
7409
7718
8023
8332
8641
8791
8945
9100
9250
9404
9558
9558
9558
9404
8791
8023
7409
6949
6488
6488
6949
7409
7718
8023
8332
8486
8791
8945
9100
9250
9404
9558
9558
9404
8945
8332
7718
7103
6640
6488
6795
7255
7564
7869
8178
8483
8637
8945
9096
9250
9404
9404
9554
9709
9558
9096
8483
8637
8791
9100
9250
9250
9404
9558
9713
9709
9863
9863
10017
10017
10017
9863
9404
8791
8486
8637
8791
9100
9250
9250
9404
9558
9713
9713
9867
9863
10017
10017
10017
9713
9404
8791
8332
7718
7718
8023
8332
8637
8791
8945
9100
9250
9404
9558
9713
9713
9863
9863
10017
9558
9100
8486
8023
7409
7718
8023
8332
8641
8791
8945
9100
9250
9404
9558
9713
9713
9863
9863
9863
9558
9100
8486
7872
7258
6797
6488
6795
7258
7564
7872
8178
8486
8637
8945
9100
9250
9404
9404
9558
9713
9713
9558
9250
8486
7872
7255
6795
6334
6334
6795
7255
7564
7869
8178
8483
8791
8945
9096
9250
9404
9558
9554
9709
9863
9558
8791
8178
7564
7103
6488
6179
6179
6640
7103
7409
7872
8178
8486
8637
8945
9100
9250
9404
9558
9558
9713
9713
9713
9404
8791
8332
8486
8791
8945
9100
9250
9404
9558
9558
9713
9863
9863
10017
10017
10017
10171
10017
9250
8637
8178
7718
7258
6795
6949
7255
7564
7869
8178
8486
8637
8945
9100
9250
9404
9558
9558
9713
9713
9863
9867
9558
9100
8486
8023
7409
7718
8023
8332
8483
8791
8945
9100
9250
9404
9558
9713
9713
9863
9863
10017
10017
9863
9404
8945
8332
7718
7103
7258
7718
8023
8325
8630
8777
8927
9227
9377
9531
9680
9838
9992
9992
10141
10137
10137
9519
8905
9058
9365
9519
9676
9834
9834
9984
9979
10133
10129
10129
10282
10278
10278
10436
10440
10440
9826
8905
8751
9058
9208
9361
9515
9668
9826
9984
9979
9979
10129
10129
10124
10278
10278
10278
10431
10282
9519
12743
12897
13050
13050
13050
12748
12897
13050
13050
13050
12743
12897
13050
13050
13204
12748
12897
13050
13050
13204
13050
12897
12897
13050
13050
13050
12743
12897
13050
13050
13204
12897
12897
12897
13050
13050
13050
12748
12902
13050
13050
13204
13204
12748
12897
13050
13050
13050
13050
12748
12902
13050
13050
13204
13050
12748
12897
12897
13050
13050
13050
12748
12897
13050
13050
13204
13204
12748
12897
12897
13050
13204
13050
12441
12288
12441
12595
12748
12897
12897
12595
12748
12743
12897
13050
12897
12748
12288
12441
12595
12743
12897
12897
12441
12595
12748
12902
12897
13050
13050
12595
12748
12897
12897
13050
13050
13050
12748
12902
12902
13050
13204
13204
13204
12748
12902
12902
13050
13204
13204
13204
