2006
2931
4008
5085
6007
6775
6775
6467
7080
7689
8301
8758
9062
9216
9519
9826
10129
10431
10585
10738
10887
11040
11194
11342
11496
11496
11649
11649
11802
11802
11955
11802
11950
11950
11950
11950
12104
12104
12104
12104
12262
12262
12420
12420
11812
11965
11960
11960
11960
12114
12109
12109
12109
12109
12109
12104
12104
12104
12104
12104
12104
12257
12257
12257
12104
12104
12104
12104
12257
12257
12257
12104
12104
12257
12257
12257
12257
12257
12257
12262
12415
12420
12574
12579
12272
11510
11505
11659
11654
11807
11807
11807
11960
11955
11955
11955
11955
12109
12109
12109
12109
12104
12104
12104
12104
12257
12257
12104
12104
12104
12104
12257
12257
12257
12257
12104
12104
12257
12257
12262
12415
12574
12119
11049
11203
11352
11505
11659
11654
11807
11807
11807
11802
11955
11955
11955
11955
12109
12109
