2005
2928
3851
4925
5690
6456
7068
7833
7683
8140
8598
9054
9208
9511
9818
9967
9967
10120
10269
10269
10423
10423
10576
10576
10571
10124
10274
10427
10427
10576
10576
10729
10729
10878
10878
10729
10878
10878
11031
11180
11180
11333
11333
10734
10729
10882
11031
11184
11337
11333
11333
11180
11333
11333
11486
11486
11639
11639
11634
11634
11792
11945
12104
12257
12415
11807
11500
11496
11649
11649
11644
11644
11644
11797
11491
11644
11644
11639
11792
11792
11792
11792
11792
8751
8901
9357
9664
9967
10120
10423
10576
10571
10571
10725
10878
11031
11180
11180
11333
11486
10734
10734
10882
11036
11184
11184
11337
11337
11486
11184
11333
11333
11486
11486
11486
11639
11634
11634
11792
10882
10882
11031
11184
11337
11337
11486
11486
11639
11486
11486
11639
11639
11634
11787
11787
11787
11787
11787
10729
10729
10882
11031
11184
11337
11333
11486
11486
11486
11486
11486
11486
11639
11634
11634
11787
11787
11787
11792
11189
11184
11184
11337
11337
11486
11486
11639
11639
11639
11486
11486
11486
11639
11639
11634
11787
11787
11787
11787
