2159
3083
4159
4925
5692
6456
7068
7526
8137
8444
8747
9204
9511
9814
10116
10269
10423
10571
10725
11031
11342
11496
11347
11040
11194
11342
11342
11491
11491
11644
11491
11491
11486
11639
11639
11639
11792
11792
11792
11792
11792
11792
11945
12104
12257
11500
11496
11496
11644
11644
11644
11792
11792
11486
11639
11639
11639
11639
11792
11792
11787
11787
11787
11787
11787
11945
12104
12257
12109
772
2005
3237
4313
5387
6308
6920
7071
7683
8294
8751
9208
9664
9971
10274
10580
10729
11036
11184
11337
11491
11644
11797
11792
11945
12099
12099
12252
12252
12252
12252
12405
12405
12405
12410
11802
11955
12104
12104
12257
12257
12252
12252
12252
12405
12405
12405
12405
12553
12553
12553
12553
12553
12553
12553
12553
12553
12553
12553
12553
12553
12553
12553
12706
12553
12553
12553
12553
12553
12553
12711
12711
12109
12262
12257
12257
12410
12405
12405
12405
9700
9850
10158
10308
10462
10004
9088
9088
9393
9700
9850
10158
9393
8780
8934
9239
9547
9850
9850
9088
8934
9239
9547
9850
10158
9700
8780
8934
9242
9547
9850
10004
9547
8784
8476
8934
9239
9389
9692
9842
9535
9684
9834
9984
10137
10133
10286
10286
10436
10436
10585
10585
10585
10585
10585
10734
10734
10734
10734
10734
10734
10734
10887
10887
10887
10887
10887
10734
10887
10887
10887
10887
10887
11040
10436
10436
10431
10431
10585
10431
10431
10431
10124
10124
10124
10278
10278
10274
10274
10427
10278
10274
10427
10427
10427
10427
10427
10427
10427
10427
10427
10427
10427
10427
10427
10580
10427
10427
10427
10427
10580
10580
10585
10738
10440
9979
10133
10129
10282
10282
10431
10431
10431
10278
10278
10431
10431
10585
10580
10580
10580
10580
10580
10580
10580
10734
10734
10734
10734
10580
10734
10734
10734
10734
10734
10734
10734
10734
