8945
9100
9254
9404
9558
9558
9713
9713
9867
9863
10017
10017
10017
9867
9404
8791
8486
8791
8945
9100
9250
9404
9404
9558
9713
9713
9867
9863
9863
9558
9100
8637
7872
7258
6795
6795
7258
7564
7872
8178
8486
8637
8791
9100
9254
9404
9404
9558
9404
8945
8486
7872
7258
6795
7258
7564
7872
8178
8486
8637
8945
9100
9254
9404
9404
9558
9713
9404
9250
8791
8637
8791
8945
9100
9250
9404
9558
9558
9713
9709
9863
9863
10017
10017
9863
9404
8637
8023
8023
8332
8483
8791
8945
9096
9250
9404
9558
9558
9709
9709
9863
9863
9558
9100
8486
7872
7258
7103
7564
7872
8178
8332
8637
8791
8945
9100
9250
9404
9558
9713
9713
9558
9250
8791
8178
7869
8178
8332
8637
8791
8945
9100
9250
9404
9558
9713
9713
9867
9863
9713
9250
8945
8486
8023
7409
6949
7409
7718
8023
8332
8641
8791
8945
9100
9250
9404
9558
9558
9713
9713
9558
9100
8486
8023
7409
6949
7103
7409
7718
8023
8332
8641
8791
8945
9100
9250
9404
9558
9558
9713
9713
9713
9558
8945
8486
8791
8945
9100
9250
9404
9558
9558
9713
9713
9863
9863
10017
10017
10017
10017
9863
9558
9250
9404
9558
9554
9709
9709
9863
9863
10017
10017
10017
10017
10171
10171
10171
10171
9863
9404
8791
8178
7564
7255
7718
8023
8332
8486
8791
8945
9100
9250
9404
9558
9558
9713
9713
9867
9863
9713
9250
8791
8178
7564
6949
6949
7258
7718
8027
8332
8486
8791
8945
9100
9250
9404
9558
9558
9713
9713
9867
9713
9404
9100
8332
7718
7103
7103
7409
7718
8023
8332
8641
8791
8945
9100
9250
9404
9558
9558
9713
9867
9863
9713
9404
8945
8486
8023
7564
7869
8178
8486
8637
8945
9100
9250
9404
9404
9558
9709
9863
9863
10017
10017
10017
9709
9096
8637
7869
7255
6795
6795
7100
7564
7869
8178
8483
8637
8791
9096
9250
9404
9554
9554
9709
9863
9863
9863
9554
9096
8483
7869
7255
6949
6949
7255
7564
8023
8178
8486
8791
8945
9100
9250
9404
9558
9558
9713
9713
9867
9867
9713
9558
9100
8486
7872
7718
7872
8178
8483
8784
8931
9235
9381
9531
9680
9676
9830
9984
9988
10141
10141
10291
9979
9369
8908
9058
9212
9361
9515
9672
9830
9984
9979
10133
10129
10282
10278
10278
10278
10427
10427
10431
9826
8908
12595
12595
12743
12897
12897
12441
12595
12743
12897
12897
12441
12595
12743
12743
12897
12441
12595
12743
12897
12897
12748
12595
12748
12743
12897
12897
12441
12595
12748
12902
12902
12748
12595
12748
12748
12902
12897
12441
12595
12748
12748
12902
12902
12441
12595
12748
12902
12902
12902
12441
12595
12748
12748
12902
12902
12441
12595
12748
12748
12902
12902
12441
12595
12748
12902
12902
12902
12441
12595
12748
12748
12902
12902
12748
12595
12748
12748
12902
12902
12897
12441
12595
12748
12748
12902
12902
12595
12595
12748
12748
12902
12897
12897
12441
12595
12748
12902
12902
13050
13050
12595
12748
12748
12897
12897
12897
12897
12595
12595
12748
12897
12897
12897
12743
12595
12595
12743
12897
12897
12897
12897
