2005
2620
3697
4771
5690
6456
7068
7372
7833
8444
9058
9672
10133
9523
9216
9672
9822
10124
10427
10580
10729
10882
11036
11184
11337
11337
11491
11486
11797
11040
11189
11342
11342
11491
11644
11644
11639
11639
11792
11792
11792
11792
11940
11940
12099
11342
11342
11491
11491
11644
11639
11639
11792
11792
11792
11792
11945
11940
11940
11940
12093
11496
11491
11644
11644
11644
11797
11792
11792
11792
11792
11792
11945
11940
11940
11940
11940
12099
12104
11649
11797
11797
11797
11792
11792
11945
11945
11945
11945
11945
11940
11940
11940
12093
12093
12247
11649
11644
11644
11797
11792
11792
11945
11945
11945
11792
11792
11787
11940
11940
11940
11940
11940
12252
11649
11342
11342
11491
11491
11644
11644
11792
11792
11792
11639
11639
11792
11787
11787
11940
11940
11940
12252
11496
11496
11644
11644
11644
11792
11792
11792
11945
11945
11792
11792
11940
11940
11940
11940
11940
12093
12252
11649
11644
11797
11797
11797
11945
11945
11945
11945
11940
11792
11792
11940
11940
11940
11940
11940
12093
12252
12104
8626
9085
9393
9696
10004
9696
8934
8934
9239
9547
9850
10158
9239
8626
9088
9393
9700
10004
9850
9088
8780
9242
9547
9850
10004
9700
8780
8934
9242
9547
9850
10158
9547
8784
8934
9239
9547
9696
9850
9842
9231
9227
9223
9373
9369
9523
9519
9672
9668
9668
9668
9818
9818
9818
9818
10124
10129
9672
9672
9668
9822
9822
9818
9818
9818
9971
9818
9814
9814
9967
9967
9967
9967
9967
9967
10120
10278
10431
10589
10589
10589
10282
9519
9058
9212
9361
9361
9361
9361
9511
9511
9511
9511
9204
9204
9357
9357
9357
9511
9668
9672
9826
9979
9369
9365
9519
9519
9668
9668
9664
9818
9818
9818
9818
9814
9814
9814
9967
9967
9967
9967
10120
9668
9664
9818
9818
9818
9818
9814
9967
9967
9967
9814
9814
9967
9967
9967
9967
9967
9967
9967
10120
9212
9365
9361
9515
9515
9664
9664
9664
9818
9814
9664
9660
9660
9814
9814
9814
9814
9814
9814
10120
9668
9664
9818
9818
9818
9814
9814
9814
9967
9967
8023
8332
8637
8791
8942
9250
9404
9558
9709
9709
9863
10017
10017
9096
8328
7560
7100
7564
7869
8174
8483
8791
8942
9096
9404
9400
9554
9709
9863
9250
8328
7715
6946
7255
7715
8020
8322
8626
8773
9077
9227
9381
9531
9680
9830
9676
9676
9676
9826
9979
9979
10129
10129
10282
10282
10440
10444
10444
10440
9830
9219
9369
9523
9672
9826
9826
9975
9975
10129
10129
10282
10282
10278
10278
10129
10129
10278
10282
10286
10444
10449
10449
10453
10457
10457
10462
10462
10462
10008
9088
9242
9242
9396
9550
9705
9859
9859
10013
10013
10167
10167
10321
10321
10321
9400
9554
9709
9709
9863
10013
10013
10167
10167
10167
10321
10321
10321
10321
10475
10167
10167
10321
10321
10321
10321
10475
10475
10475
10475
10475
10475
10475
10629
10321
10321
10475
10475
10475
10475
10475
10475
10475
10629
10629
10629
10629
10629
10629
10321
10475
10475
10475
10475
10475
10475
10629
10629
10629
10629
10629
10629
10629
10629
10321
10475
10475
10475
10475
10475
10475
10629
10629
10629
10629
10629
10629
10629
10629
10321
10475
10475
10475
10475
10475
10475
10475
10475
10629
10629
10629
10629
10629
10629
10629
10321
10475
10475
10475
10475
10475
10475
10475
10629
10629
10629
10629
10629
10629
10629
10629
10321
10475
10475
10475
10475
10475
10475
10475
10475
10475
10629
10629
10629
10629
10629
10629
10321
10475
10475
10475
10475
10475
10475
10475
10629
10629
10629
10629
10629
10629
10629
10629
10321
10475
10475
10475
10475
10475
10475
10475
10629
10629
10629
10629
10629
10629
10629
10629
10629
10321
10475
10475
10475
10475
10475
10475
10475
10629
10629
10629
10629
10629
10629
10629
10629
10629
10321
10475
10475
10475
10475
10475
10475
10629
10629
10629
10629
10629
10629
10629
10629
10629
10629
10475
10475
10475
10475
10475
10475
10475
10475
10475
10629
10629
10629
10629
10629
10629
10629
10629
