8791
9100
9250
9250
9404
9558
9713
9709
9863
9863
9863
10017
10017
9558
9096
8486
7872
7258
6795
6949
7409
7718
8023
8332
8637
8791
8945
9100
9250
9404
9558
9404
9100
8637
8332
7718
7564
7872
8178
8486
8637
8791
9100
9254
9404
9404
9558
9713
9713
9558
9100
8641
7872
7409
6949
6488
6949
7409
7718
8023
8332
8641
8791
8945
9254
9250
9404
9558
9558
9100
8637
8023
7409
6949
6488
6795
7258
7564
7872
8178
8486
8637
8791
8945
9100
9250
9404
9558
9404
8945
8486
8178
7564
6949
6949
7258
7718
8023
8332
8483
8791
8945
9100
9250
9250
9404
9404
9558
9558
9404
9250
8945
8637
8023
7409
7103
7409
7718
8023
8332
8637
8791
8945
9096
9250
9404
9558
9558
9709
9709
9404
8945
8332
7718
7103
6640
6640
7103
7409
7718
8023
8332
8637
8791
8945
9096
9250
9404
9558
9558
9558
9100
8637
8332
7872
7872
8178
8486
8637
8945
9100
9250
9404
9558
9558
9709
9863
9863
9863
9863
9096
8483
8023
7564
6949
7255
7564
7869
8178
8483
8637
8791
9096
9250
9404
9404
9558
9713
9713
9713
9250
8791
8332
7869
7409
6949
7255
7718
8023
8332
8483
8791
8945
9096
9250
9404
9404
9558
9709
9709
9709
9404
9100
8483
7869
7409
6795
7103
7409
7718
8023
8332
8633
8784
9085
9235
9385
9535
9684
9680
9834
9988
9992
9223
8455
8297
8601
8908
9058
9212
9369
9676
9676
9830
9979
9979
10129
10129
10129
10124
9971
9365
9212
9365
9515
9668
9818
9818
9971
9971
10120
10124
10282
10286
10286
10436
10436
10431
9818
9208
9357
9511
9668
9822
9979
9979
10133
10129
10129
10278
10278
10278
10278
10274
10427
10278
9668
8751
8747
8901
9051
9357
9357
9511
9664
9822
9979
9979
10129
10129
10282
10278
10278
10278
9971
9204
8751
8901
9054
9208
9357
9511
9664
9814
9814
9967
10124
10129
10286
10282
10282
10436
10431
9818
9357
9511
9664
9664
9818
9975
10133
10133
10282
10282
10282
10278
10278
10431
10431
10427
10427
10124
9361
9208
9361
9511
9511
9664
9814
9814
9967
9967
10124
10282
10282
10282
10436
10431
10431
10431
9971
9051
9051
9357
9515
9668
9826
9830
9984
9984
10133
10133
10129
10282
10278
10278
10431
10431
10427
10124
9365
8444
12595
12748
12902
12902
12897
12595
12748
12748
12902
12902
12595
12748
12902
12902
12897
12595
12748
12748
12902
13056
12902
12595
12748
12748
12902
12897
12441
12595
12595
12748
12902
12897
12595
12748
12748
12897
12897
12595
12595
12743
12897
12897
12897
12595
12748
12897
12897
13050
13050
12595
12748
12748
12902
13056
13050
12595
12748
12748
12902
12902
12897
12595
12748
12748
12902
13056
13056
12595
12748
12748
12902
13050
13050
12748
12595
12748
12902
12902
13050
13050
12595
12748
12748
12902
12897
13050
12748
12595
12748
12902
12902
13050
13050
12595
12595
12748
12902
12902
13056
13050
12595
12748
12748
12902
13050
13050
12902
12595
12748
12902
12902
13050
13050
12902
12595
12748
12902
12897
13050
13050
12902
9092
9550
10008
10316
10620
10774
10316
9396
9246
9705
10008
10312
10620
10923
10162
9246
9396
9854
10162
10466
10774
11077
10008
9246
9246
9550
10008
10316
10620
10928
10162
9242
9092
9550
9854
10316
10620
10774
10466
9550
8784
9242
9705
10162
10466
10774
10923
10008
9246
8938
9396
9854
10316
10620
10774
10774
9854
8938
9396
9700
10162
10466
10774
11077
10620
9550
8784
9242
9700
10008
10466
10774
10923
10466
9550
8784
8784
9242
9700
10008
10312
10620
10923
10008
9088
9242
9700
10162
10466
10769
10923
11231
10158
9242
9088
9550
10008
10312
10774
10923
11231
10466
9550
8938
9550
9854
10316
10620
10928
11077
10928
10008
9092
8938
9396
9854
10162
10466
10774
11077
10774
9854
8938
9092
9550
9854
10312
10620
10923
11077
10620
9700
9092
9550
10008
10312
10620
10923
11077
11385
10466
9550
8633
9092
9550
10008
10316
10620
10928
11077
10774
9859
8938
8938
9242
9705
10162
10466
10774
11077
10923
10008
9246
8784
9246
9550
9854
10316
10620
10923
11077
10312
9550
8784
8476
8938
9550
9854
10312
10620
10923
11077
10312
9396
8934
9393
9700
9850
10158
10004
9088
9088
9393
9700
10004
10004
9547
8630
8934
9239
9547
9850
10004
9242
8780
9242
9547
9700
9854
10004
9088
8784
9088
9393
9700
10004
10004
9088
8934
9242
9547
9854
10004
10004
9088
8630
9088
9393
9700
9700
10004
9393
8630
8626
9088
9393
9547
9700
9696
9700
9547
9700
9700
9850
10004
10004
10158
10004
9393
9547
9850
10004
10158
10312
10312
9700
8780
8780
9085
9393
9696
9850
9850
9547
8780
8322
8780
9085
9393
9696
9850
9696
8934
8167
8476
8934
9239
9547
9696
9850
9393
8472
8167
8626
8934
9088
9239
9393
9547
9393
8630
8322
8780
9088
9393
9547
9700
9854
9239
8476
8322
8780
9088
9393
9700
10004
10004
9088
8476
8934
9242
9547
9854
10004
10158
9700
8780
8322
8784
9088
9393
9700
9700
9850
9700
8934
8171
8476
8934
9242
9393
9547
9854
10004
9242
8476
8476
8934
9239
9547
9850
10004
10004
9393
8630
