2161
2777
3546
4315
5081
5848
6308
6308
6766
7225
7683
8144
8448
8448
8751
9058
9208
9361
9668
9664
9664
9818
9971
10124
10124
10274
10124
10274
10274
10274
10427
10427
10427
10427
10427
10580
10580
10734
10734
9975
9975
9971
10124
10124
10278
10278
10278
10278
10274
10427
10427
10427
10427
10427
10427
10427
10427
10580
10580
10580
10580
10580
10580
10580
10580
10580
10580
10734
10580
10580
10734
10734
10734
10734
10734
10580
10580
10580
10734
10734
10734
10887
10589
10282
10282
10431
10431
10585
10585
10585
10278
10431
10431
10580
10580
10580
10734
10734
10580
10580
10734
10734
10734
10734
10882
10734
10734
10729
10729
10729
10882
10882
10882
10734
10734
10729
10882
10882
10882
10882
10882
10734
10734
10734
10887
10887
11045
11045
10896
10133
9979
9979
10129
10282
10436
10436
10585
10585
10282
10278
10431
10431
10585
10580
10580
10734
