1859
2478
3404
4484
5407
6329
6789
6637
6789
7557
8325
8938
9396
9854
10008
10466
10769
11077
11226
11380
11534
11688
11841
11990
12144
12144
12144
12144
12144
12298
12298
12298
12144
12298
12298
12298
12451
12451
12451
12298
12298
12451
12451
12451
12451
12451
12451
12451
12451
12451
12451
12446
12446
12298
12451
12451
12451
12446
12600
12600
12446
12446
12446
12446
12446
12446
12600
12446
12446
12446
12446
12600
12600
12600
12446
12446
12446
12446
12451
12600
12600
12600
12451
12451
12446
12446
12446
12600
12605
12451
12451
12451
12605
12600
12600
12600
12600
12451
12451
12451
12451
12600
12600
12600
12600
12446
12446
12446
12446
12446
12600
12600
12600
12446
12446
12600
12600
12600
12600
12600
12600
12446
12446
12446
12600
12600
12600
12600
12600
12451
12446
12446
12451
12451
12605
12605
12600
12451
12451
12451
12446
12446
12600
12605
12605
12600
10629
10629
10629
10629
10629
10629
10629
10629
10629
10629
10629
10629
10475
10475
10475
10475
10475
10475
10475
10629
10629
10629
10629
10629
10629
10475
10475
10475
10475
10475
10475
10475
10629
10629
10629
10629
10629
10629
10321
10475
10475
10475
10475
10475
10475
10629
10629
10629
10629
10629
10629
10475
10475
10475
10475
10475
10475
10475
10475
10475
10475
10475
10475
10629
10475
10475
10475
10475
10475
10475
10475
10475
10475
10629
10629
10629
10629
10629
10475
10475
10475
10475
10475
10475
10475
10475
10629
10629
10629
10629
10629
10629
10475
10475
10475
10475
10475
10475
10475
10629
10629
10629
10629
10629
10629
10629
10321
10475
10475
10475
10475
10475
10475
10475
10475
10629
10629
10629
10629
10629
10629
10321
10475
10475
10475
10475
10475
10475
10475
10475
10629
10629
10629
10629
10629
10475
10475
10475
10475
10475
10475
10475
10475
10475
10629
10629
10629
10629
10629
10629
10475
10475
10475
10475
10475
10475
10475
10475
10629
10629
10629
10629
10629
10629
10629
10629
10475
10475
10475
10475
10475
10475
10475
10475
10629
10629
10629
10629
10629
10629
10629
10321
10321
10321
10475
10475
10475
10475
10475
10475
10475
10629
10629
10629
10629
10629
10629
10321
10475
10475
10475
10475
10475
10475
10475
10475
10629
10629
10629
10629
10629
10629
10629
10321
10475
10475
10475
10475
10475
10475
10629
10629
10629
10629
10629
10629
10629
10629
10629
10629
10321
10475
10475
10475
10475
10475
10475
10475
10475
10475
10475
10629
10629
10629
10629
10629
10475
10475
10475
10475
10475
10475
10475
10629
10629
10629
10629
10629
10629
10629
10629
10629
10629
10321
10475
10475
10475
10475
10475
10475
10475
10475
10629
10629
10629
10629
10629
10629
10629
10629
10321
10321
10321
10475
10475
10475
10475
10475
10475
10629
10629
10629
10629
10629
10629
10629
10629
10629
13965
13965
13965
14119
14119
13965
13965
14119
14119
14119
13965
13965
13965
14119
14119
14119
14119
14119
14113
14113
14119
13965
13965
13965
14119
13965
13965
14119
14119
14119
14119
13965
13965
13965
14119
14119
13965
14119
14119
14119
14119
14119
14119
14119
14119
14119
14119
13965
14119
14119
14119
14119
14119
13965
13965
13965
13965
13965
13965
13965
14119
14119
14119
14119
14119
14119
14119
14119
14119
14119
13965
14119
14119
14119
14119
14119
14119
13965
13965
14119
14119
14119
14119
14119
14119
14119
14119
14119
14119
13965
13965
14119
14119
14119
14119
14119
14119
14119
14119
14119
14119
14119
13965
14119
14119
14119
14119
14119
14119
14119
14119
14119
14119
14119
14119
11837
11837
11837
11837
11837
11837
11837
11837
11837
11837
11837
11837
11837
11837
11837
11837
11837
11837
11837
11837
11837
11837
11837
11837
11837
11837
11837
11837
11837
11837
11990
11837
11837
11837
11837
11837
11837
11683
11837
11837
11837
11837
11837
11837
11837
11837
11837
11837
11837
11837
11837
11837
11837
11837
11837
11837
11837
11837
11837
11837
11837
11837
11837
11837
11837
11837
11837
11837
11837
11837
11837
11837
11837
11837
11837
11837
11837
11832
11985
11837
11837
11832
11832
11832
11832
11837
11837
11832
11832
11832
11832
11832
11832
11832
11832
11837
11837
11837
11683
11837
11837
11837
11837
11837
11837
11683
11837
11837
11837
11837
11837
11837
11837
11837
11837
11837
11837
11837
11837
