1853
2777
3546
4469
5081
5848
6308
6613
7225
7532
7990
8294
8601
8598
8905
9054
9208
9515
9668
9826
9523
9672
9826
9975
9975
10124
10124
10124
10124
10278
10278
10431
10427
10427
10427
10580
10580
10580
10580
10580
10580
10580
10734
10734
10734
10729
10580
10734
10729
10729
10729
10729
10729
10580
10734
10734
10729
10734
10887
10891
10129
10129
10282
10282
10436
10431
10585
10585
10585
10585
10734
10734
10734
10734
10734
10734
10734
10734
10887
10887
10887
10887
10887
10887
10887
10887
10887
10887
10887
10887
10887
10887
10882
10882
10882
10882
10887
10887
10887
11040
11198
11198
11203
10747
9830
9830
9979
10133
10129
10282
10436
10431
10431
10431
10585
10585
10585
10580
10734
10734
10734
10734
10734
10887
10887
10887
10887
10887
10734
10734
10887
10887
10887
10887
10887
10887
10887
10882
10882
10882
10882
10882
11040
11045
10282
