2467
3236
4159
5079
5846
6610
7068
7529
7833
8290
8598
9054
9357
9511
9818
9515
9668
9818
10124
10274
10427
10580
10580
10576
10729
10882
10882
11036
11031
11031
10431
10580
10734
10734
10882
11036
11036
11036
10729
10882
10882
11036
11031
11184
11184
11342
10734
10887
10887
11036
11036
11036
11189
11189
11189
11184
11184
11337
11337
11337
11337
11491
11040
11040
11040
11189
11189
11189
11342
11342
11337
11337
11337
11337
11337
11337
11337
11491
11644
10891
10891
10887
11040
11040
11189
11189
11189
11342
11189
11189
11184
11184
11337
11337
11337
11491
11496
11040
11194
11194
11189
11342
11342
11342
11337
11337
11337
11337
11337
11337
11337
11491
11491
11491
11649
11194
11194
11342
11342
11342
11342
11342
11491
11491
11491
11491
11491
11491
11491
11491
11491
11491
11644
11802
11194
11194
11347
11342
11342
11342
11342
11342
11491
11491
11337
11337
11337
11337
11491
11491
11491
11644
11802
11198
11194
11194
11347
11342
11342
11342
11342
11337
11491
11337
11337
11337
11491
11491
11491
11491
11644
11802
11500
