1859
2477
3403
4329
5252
5868
6174
6789
7403
7862
8322
8780
8626
9088
9393
9696
10004
10154
10308
10462
10616
10765
10919
11073
11073
11226
11380
11375
11375
11375
11529
11529
11683
11529
11683
11683
11529
11529
11375
11073
10765
10919
11073
11226
11226
11226
11226
11226
11375
11375
11529
11375
11375
11529
11529
11683
11683
11529
11683
11683
11683
11683
11678
11529
11683
11683
11683
11837
11832
11683
11683
11678
11832
11832
11832
11832
11683
11683
11837
11837
11832
11832
11837
11837
11837
11837
11837
11837
11683
11837
11837
11837
11837
11837
11837
11837
11837
11837
11837
11837
11837
11837
11837
11837
11832
11832
11832
11832
11683
11683
11837
11837
11832
11832
11832
11683
11678
11678
11832
11837
11837
11837
12600
12600
12600
12600
12754
12754
12446
12446
12600
12600
12600
12600
12446
12446
12446
12600
12600
12600
12446
12446
12446
12446
12446
12600
12600
12451
12451
12600
12600
12600
12600
12451
12451
12451
12451
12451
12605
12605
12451
12451
12451
12446
12446
12446
12600
12451
12451
12451
12605
12605
12600
12600
12451
12451
12451
12451
12451
12605
12605
12451
12451
12451
12605
12600
12600
12600
12451
12451
12451
12605
12605
12600
12600
12451
12451
12451
12446
12451
12451
12605
12605
12451
12451
12451
12605
12600
12600
12600
12451
12451
12451
12451
12605
12605
12600
12600
12451
12451
12451
12451
12451
12605
12605
12605
12451
12451
12451
12451
12600
12600
12600
12600
12451
12451
12446
12446
12600
12600
12600
12600
12446
12446
12446
12446
12446
12600
12600
12600
12446
12446
12600
12600
12600
12600
12600
12600
12451
12451
12451
12446
12446
12600
12600
12600
12600
14119
14119
14119
14119
14119
13965
13965
14119
14119
14119
14119
14119
14119
14119
14119
14119
14119
14119
14119
14119
14119
14119
14119
14119
14119
14119
14119
14119
14119
14119
13965
14119
14119
14119
14119
14119
14119
14119
14119
14119
14119
14119
14119
14119
14119
14119
14113
14119
14119
14119
14113
14113
13965
14119
14119
14119
14119
14119
14119
14119
14119
14119
14119
14119
14119
14119
14119
14119
14119
14119
14119
14119
14119
13965
13965
13664
13357
13050
12902
12748
12595
12441
12441
12441
12134
12288
12441
12288
12288
12288
12288
12134
12134
12134
12134
12288
12589
12743
12441
12441
12595
12897
13050
13204
13204
13204
13352
13505
13505
13659
13659
13812
13812
13812
13812
13812
13965
13965
13965
10629
10629
10629
10629
10629
10629
10629
10629
10629
10629
10629
10629
10475
10475
10475
10475
10475
10629
10629
10629
10629
10629
10629
10629
10629
10475
10475
10475
10475
10475
10475
10475
10629
10629
10629
10629
10629
10629
10475
10475
10475
10475
10475
10475
10475
10629
10629
10629
10629
10629
10629
10321
10475
10475
10475
10475
10475
10475
10629
10629
10629
10629
10629
10629
10475
10475
10475
10475
10475
10475
10475
10629
10629
10629
10629
10629
10629
10629
10321
10475
10475
10475
10475
10475
10475
10475
10629
10629
10629
10629
10629
10629
10475
10475
10475
10475
10475
10475
10475
10629
10629
10629
10629
10629
10629
10629
10321
10475
10475
10475
10475
10475
10475
10629
10629
10629
10629
10629
10629
10629
10629
10475
10475
10475
10475
10475
10475
10475
10475
10475
10475
10629
10629
10629
10629
10475
10475
10475
10475
10475
10475
10475
10629
10629
10629
10629
10629
10629
10629
10629
10475
10475
10475
10475
10475
10475
10475
10629
10629
10629
10629
10629
10629
10629
10629
10629
10475
10475
10475
10475
10475
10475
10629
10629
10629
10629
10629
10629
10629
10629
10629
10475
10475
10475
10475
10475
10475
10475
10629
10629
10629
10629
10629
10629
10629
10629
10629
10321
10321
10321
10475
10475
10475
10475
10475
10475
10629
10629
10629
10629
10629
10629
10629
10321
10321
10321
10475
10475
10475
10475
10475
10475
10475
10629
10629
10629
10629
10629
10629
10629
10475
10475
10475
10475
10475
10475
10629
10629
10629
10629
10629
10629
10629
10629
10629
10629
10321
10475
10475
10475
10475
10475
10475
10475
10629
10629
10629
10629
10629
10629
10629
10629
10629
10321
10321
10475
10475
10475
10475
10475
10629
10629
10629
10629
10629
10629
10629
10629
10629
10629
10475
10475
10475
10475
10475
10475
10475
10475
10629
10629
10629
10629
10629
10629
10629
10629
10629
10629
