2161
2623
3546
4315
5081
5695
6308
6920
6920
7378
7836
8140
8448
8751
9058
9062
8758
9062
9212
9365
9519
9668
9822
9668
9822
9975
9971
10124
10124
10278
10278
10124
10124
10278
10278
10427
10427
10427
10427
10274
10274
10427
10427
10427
10427
10580
10427
10427
10427
10427
10585
10589
10589
10747
10291
9527
9676
9830
9826
9979
10129
10129
10282
10129
10129
10129
10282
10278
10278
10431
10431
10431
10278
10278
10278
10431
10278
10278
10431
10431
10427
10278
10278
10274
10427
10427
10427
10427
10580
10431
9975
10129
10129
10278
10278
10278
10431
10431
10431
10431
10431
10427
10427
10580
10580
10580
10580
10580
10427
10580
10580
10580
10580
10580
10580
10580
10580
10580
10580
10580
10580
10580
10580
10580
10580
10734
8766
8612
8916
9066
9373
9523
9672
9826
9826
9975
9822
9822
9975
10129
10124
10278
10278
10278
10431
10278
10278
10427
10427
10427
10427
10580
10580
10580
10580
10427
10427
10580
10580
10580
10580
10580
10580
10738
10743
10133
10133
10282
10282
10282
10431
10431
10431
10431
10585
12748
12743
12738
12584
12579
12579
12420
12420
12420
12415
12415
12262
12262
12262
12257
12257
12257
12257
12257
12257
12257
12257
12257
12104
12104
12104
12104
12104
12257
12104
12104
12104
12252
12252
12252
12099
12099
12099
12257
12415
12415
12114
11659
11807
11807
11802
11955
11955
11955
11955
11955
11950
12104
12104
12104
12104
12104
12104
12104
12104
12104
12104
12104
12104
12104
12104
12104
12104
12104
12104
12104
12104
12104
12104
12104
12104
12104
12104
12104
12104
12262
12415
11659
11807
11807
11960
11955
11955
11955
11802
11955
11950
11950
11950
11950
12104
12104
11950
12104
12104
12104
12104
12104
12104
12104
12104
12104
12104
12104
12104
12104
12104
12104
12104
12104
12104
12104
12257
12104
12257
12257
12262
12415
12420
12574
12574
11510
11203
11352
11505
11654
11654
11807
11807
11802
