1859
2631
3557
4482
5407
6329
6635
7554
8322
9085
9696
10158
10616
11073
11375
11683
11985
12293
12441
12595
12748
12897
13050
13204
13357
13511
13511
13511
13659
13659
13659
13812
13812
13812
13812
13965
13965
13965
13965
13965
13965
13965
13965
13965
13965
13965
14119
14119
13965
13965
13965
14119
14119
14119
13965
13965
13965
13965
14119
14119
13965
13965
13965
14119
14119
14119
13965
13965
14119
14119
14119
14119
14119
14119
14119
14119
14119
14119
13965
14119
14119
14119
14119
14119
14119
14119
14119
14119
14119
14119
13965
14119
14119
14119
14119
14119
14119
13965
13965
14119
14119
14119
14119
13965
14119
14119
14119
14119
14119
14119
13965
13965
13965
14119
14119
14119
14119
10629
10629
10629
10629
10629
10629
10629
10629
10629
10629
10629
10629
10475
10475
10475
10475
10475
10629
10629
10629
10629
10629
10629
10629
10629
10475
10475
10475
10475
10475
10475
10475
10629
10629
10629
10629
10629
10629
10475
10475
10475
10475
10475
10475
10475
10475
10475
10475
10629
10629
10629
10475
10475
10475
10475
10475
10475
10475
10475
10629
10629
10629
10629
10629
10475
10475
10475
10475
10475
10475
10475
10475
10629
10629
10629
10629
10629
10629
10321
10475
10475
10475
10475
10475
10475
10629
10629
10629
10629
10629
10629
10629
10475
10475
10475
10475
10475
10475
10475
10629
10629
10629
10629
10629
10629
10629
10475
10475
10475
10475
10475
10475
10475
10475
10475
10629
10629
10629
10629
10629
10629
10475
10475
10475
10475
10475
10475
10475
10475
10475
10629
10629
10629
10629
10629
10321
10321
10475
10475
10475
10475
10475
10475
10475
10475
10629
10629
10629
10629
10629
10475
10475
10475
10475
10475
10475
10475
10475
10629
10629
10629
10629
10629
10629
10629
10629
10475
10475
10475
10475
10475
10475
10629
10629
10629
10629
10629
10629
10629
10629
10629
10321
10475
10475
10475
10475
10475
10475
10475
10475
10629
10629
10629
10629
10629
10629
10629
10321
10475
10475
10475
10475
10475
10475
10629
10629
10629
10629
10629
10629
10629
10629
10629
10321
10475
10475
10475
10475
10475
10475
10475
10475
10475
10475
10475
10629
10629
10629
10629
10475
10475
10475
10475
10475
10475
10475
10475
10475
10629
10629
10629
10629
10629
10629
10629
10629
10321
10475
10475
10475
10475
10475
10475
10629
10629
10629
10629
10629
10629
10629
10629
10629
10629
10321
10475
10475
10475
10475
10475
10475
10475
10629
10629
10629
10629
10629
10629
10629
10629
10629
10321
10475
10475
10475
10475
10475
10475
10475
10475
10629
10629
10629
10629
10629
10629
10629
10629
10629
12600
12600
12600
12600
12600
12600
12600
12605
12600
12600
12600
12600
12605
12451
12451
12451
12451
12605
12605
12451
12605
12605
12605
12600
12600
12451
12451
12451
12451
12605
12605
12605
12451
12451
12451
12605
12605
12600
12451
12451
12451
12605
12605
12605
12600
12451
12451
12451
12451
12451
12451
12605
12298
12298
12451
12451
12451
12451
12451
12298
12451
12451
12451
12451
12605
12605
12451
12451
12451
12451
12451
12446
12600
12605
12451
12451
12451
12451
12605
12605
12600
12451
12451
12451
12451
12605
12605
12605
12600
12451
12451
12451
12446
12600
12600
12600
12451
12451
12446
12446
12600
12600
12600
12600
12293
12446
12446
12446
12446
12600
12600
12600
12298
12451
12446
12446
12446
12446
12451
12600
12451
12451
12451
12451
12451
12446
12446
12600
12600
12451
12451
12451
12451
12605
12600
12600
12600
12451
12451
12451
12451
12605
12605
12605
12600
10919
10919
10919
10919
10919
10919
10919
10919
10919
10919
10919
10919
10919
10919
10919
10919
10919
10919
10919
10919
10919
10919
10919
10765
10765
10919
10919
10919
10919
10919
10765
10765
10765
10765
10919
10919
10919
10919
10919
10919
10919
10919
10919
10919
10919
10919
10919
10919
10919
10919
10919
10919
10919
10919
10919
10765
10919
10919
10919
10919
10919
10919
10765
10765
10765
10765
10765
10919
10919
10765
10765
10765
10919
10919
10919
10919
10765
10765
10765
10765
10919
10919
10919
10765
10765
10765
10765
10765
10919
10919
10919
10765
10765
10765
10919
10919
10919
10919
10765
10765
10765
10765
10919
10919
10919
10919
10765
10765
10765
10765
10765
10919
10919
10765
10765
10919
10919
10919
10919
10919
10919
10765
10765
10765
10765
10919
10919
10919
10919
10765
10765
10765
10765
10765
10765
10919
10919
10616
