2007
2623
3700
4777
5543
6464
7074
7535
7993
8451
8908
9365
9668
9975
10129
10278
10585
10738
11040
11194
11347
11347
11342
11496
11649
11649
11802
11807
11352
11505
11654
11807
11802
11955
11955
11955
11955
12109
12109
12109
12262
12262
12262
12257
12257
12257
12410
12410
12257
12257
12257
12410
12410
12410
12410
12410
12257
12257
12257
12257
12257
12257
12257
12257
12257
12257
12262
12415
12420
12420
12119
11208
10901
11049
11203
11505
11659
11807
11807
11807
11807
11955
12109
12109
12262
12262
12415
12262
12410
12410
12410
12410
12410
12410
12257
12410
12410
12410
12410
12410
12410
12410
12410
12410
12410
12410
12410
12410
12410
12410
12109
11807
11807
11955
11955
12109
12262
12262
12410
11802
11955
12109
12104
12257
12257
12257
12410
12257
12257
12410
12410
12410
12410
12410
12410
12410
12257
12257
12410
12410
12410
12410
12410
12410
12410
12410
12410
12410
12410
12410
12410
12568
12568
11965
11380
11688
11837
12144
12144
11688
11841
11990
12144
12144
12144
11226
11534
11841
11990
12144
11990
11688
11837
12144
12298
12298
11688
11990
12144
12298
12451
12446
11841
11990
12144
12298
12451
12298
11841
12144
12144
11990
11990
11837
11534
11226
11534
11688
11688
11688
11534
11380
10923
11077
11226
11534
11534
11534
11534
10923
11226
11380
11683
11837
11990
11534
11534
11837
11990
12144
12293
12144
11683
11837
12144
12293
12446
12446
11683
11837
12144
12298
12446
12446
12446
11837
11990
12144
12298
12446
12446
12139
11832
11980
11975
12129
12124
12119
12272
12114
12267
12267
12262
12262
12415
12415
12415
12410
12410
12410
12410
12410
12410
12410
12410
12410
12410
12410
12410
12410
12410
12410
12410
12410
12410
12410
12410
12563
12563
12410
12410
12410
12563
12568
12574
12420
12272
11356
