1859
2631
4021
5100
6022
6635
7097
7862
8630
9242
9700
10158
10620
10923
11226
11534
11683
11837
12144
12298
12446
12600
12754
12754
12907
12902
12902
13056
13056
13209
13209
13209
13209
13363
13363
13363
13363
13363
13363
13363
13357
13511
13516
13516
13511
13511
13511
13511
13511
13511
13511
13511
13511
13516
13516
13516
13516
13516
13516
13516
13516
13516
13516
13516
13516
13516
13516
13516
13516
13516
13516
13516
13516
13516
13516
13516
13516
13516
13516
13516
13516
13516
13516
13511
13516
13511
13511
13516
13516
13511
13516
13511
13511
13511
13511
13511
13511
13511
13511
13511
13511
13511
13664
13511
13511
13511
13511
13511
13511
13516
13516
13516
13516
13516
13516
13670
13516
12600
12600
12600
12600
12600
12600
12605
12600
12600
12600
12600
12600
12451
12451
12605
12605
12600
12600
12605
12451
12451
12600
12600
12600
12600
12451
12451
12600
12600
12600
12600
12446
12446
12446
12600
12600
12600
12600
12446
12446
12600
12600
12600
12600
12600
12446
12446
12446
12600
12600
12600
12600
12451
12446
12446
12600
12600
12600
12600
12451
12451
12605
12605
12600
12600
12600
12451
12451
12446
12451
12605
12605
12605
12451
12451
12605
12605
12600
12600
12600
12600
12451
12451
12605
12605
12605
12600
12600
12451
12451
12446
12446
12605
12605
12605
12605
12451
12451
12451
12451
12446
12446
12600
12600
12451
12451
12451
12605
12600
12600
12600
12600
12451
12451
12451
12605
12605
12605
12600
12600
12451
12451
12451
12600
12600
12600
12605
12605
12451
12451
12605
12605
12600
12600
12600
12600
12451
12451
12451
12605
12600
12600
12600
12600
12600
10629
10629
10629
10629
10629
10629
10629
10629
10629
10629
10629
10629
10475
10475
10475
10475
10475
10475
10629
10629
10629
10629
10629
10629
10629
10475
10475
10475
10475
10475
10475
10629
10629
10629
10629
10629
10629
10629
10475
10475
10475
10475
10475
10475
10475
10629
10629
10629
10629
10629
10629
10475
10475
10475
10475
10475
10475
10629
10629
10629
10629
10629
10629
10629
10475
10475
10475
10475
10475
10475
10475
10475
10475
10475
10475
10475
10629
10629
10475
10475
10475
10475
10475
10475
10629
10629
10629
10629
10629
10629
10629
10629
10475
10475
10475
10475
10475
10475
10475
10629
10629
10629
10629
10629
10629
10629
10475
10475
10475
10475
10475
10475
10475
10629
10629
10629
10629
10629
10629
10629
10629
10475
10475
10475
10475
10475
10475
10629
10629
10629
10629
10629
10629
10629
10629
10475
10475
10475
10475
10475
10475
10475
10475
10629
10629
10629
10629
10629
10629
10629
10475
10475
10475
10475
10475
10475
10475
10475
10629
10629
10629
10629
10629
10629
10629
10629
10321
10321
10475
10475
10475
10475
10475
10475
10475
10629
10629
10629
10629
10629
10629
10321
10475
10475
10475
10475
10475
10475
10475
10475
10475
10629
10629
10629
10629
10629
10629
10321
10475
10475
10475
10475
10475
10475
10475
10629
10629
10629
10629
10629
10629
10629
10629
10321
10475
10475
10475
10475
10475
10475
10475
10629
10629
10629
10629
10629
10629
10629
10629
10629
10475
10475
10475
10475
10475
10475
10475
10629
10629
10629
10629
10629
10629
10629
10629
10629
10321
10321
10475
10475
10475
10475
10475
10475
10475
10475
10475
10629
10629
10629
10629
10629
10629
10321
10321
10475
10475
10475
10475
10475
10475
10475
10629
10629
10629
10629
10629
10629
10629
10629
10321
10475
10475
10475
10475
10475
10475
10475
10475
10629
10629
10629
10629
10629
10629
10629
10629
10629
13505
13505
13659
13659
13659
13659
13659
13659
13659
13659
13659
13659
13659
13659
13812
13659
13812
13812
13812
13812
13812
13812
13812
13812
13812
13812
13812
13812
13812
13812
13965
13812
13812
13812
13812
13812
13812
13812
13812
13812
13812
13812
13812
13812
13812
13812
13812
13664
13664
13659
13659
13659
13812
13659
13659
13659
13659
13659
13659
13664
13659
13659
13659
13659
13659
13659
13659
13659
13659
13659
13659
13659
13659
13659
13659
13659
13659
13659
13659
13659
13659
13659
13659
13659
13659
13659
13659
13659
13659
13659
13659
13659
13659
13659
13812
13812
13659
13659
13659
13659
13659
13659
13659
13659
13659
13659
13659
13659
13812
13659
13659
13659
13659
13659
13659
13659
