1860
2323
3251
4176
5100
5713
5713
6174
6943
7557
8017
8476
8780
9242
9547
9850
10004
10158
10308
10616
10769
10919
10919
11073
11073
11226
11375
11226
11375
11375
11375
11529
11529
11529
11529
11683
11683
11683
11683
11683
11683
11683
11683
11837
11683
11683
11683
11837
11837
11837
11683
11683
11683
11837
11837
11837
11683
11837
11837
11837
11837
11837
11683
11683
11837
11837
11837
11837
11837
11837
11837
11837
11837
11837
11683
11837
11837
11837
11837
11837
11837
11837
11837
11837
11837
11837
11837
11837
11837
11837
11837
11837
11837
11837
11837
11837
11837
11837
11837
11837
11837
11837
11837
11832
11832
11832
11832
11832
11832
11832
11832
11832
11832
11832
11832
11832
11832
11832
11832
11832
