2161
3391
4469
5389
6154
6613
7074
7686
8144
8601
9058
9515
9668
9975
10436
10743
10896
10747
10133
10440
10589
10743
11045
11198
11045
11194
11347
11347
11500
11496
11496
11649
11649
11802
11802
11802
11955
11802
11797
11950
11950
11950
11950
11950
11950
12104
12104
12104
12104
12104
12104
12109
12262
12267
12420
12420
11352
11198
11198
11347
11500
11500
11654
11654
11649
11802
11802
11802
11955
11950
11797
11950
11950
11950
11950
11950
12104
11950
12104
12104
12104
12104
12104
12099
12104
12104
12104
12104
12104
12257
12262
12267
11505
11500
11654
11654
11807
11802
11802
11649
11500
11649
11649
11649
11802
11802
11802
11802
11802
11955
11950
11950
11950
11950
12104
11950
11950
11950
12104
12104
12104
12104
12104
12104
12104
12104
12104
12257
12262
12420
11812
11505
11659
11654
11807
11807
11802
11955
11955
