8287
8437
8590
8897
9054
9365
9519
9672
9822
9822
9971
9971
10124
9664
9051
9204
9515
9672
9826
9826
9975
9975
10129
10124
10124
10278
10274
9664
8751
8901
9054
9204
9357
9511
9660
9660
9814
9967
9967
10120
10124
9975
9208
8901
9204
9357
9511
9507
9660
9814
9967
9967
10124
10129
10286
10291
9830
8908
8140
7833
8137
8440
8747
8897
9208
9361
9519
9672
9822
9822
9971
9971
9971
9204
8897
9051
9353
9511
9668
9822
9826
9975
9975
10129
10124
10278
10278
10274
9511
9051
9204
9511
9668
9826
9822
9975
10129
10124
10124
10278
10274
10274
10274
9814
8905
9062
9219
9219
9377
9531
9688
9842
9846
10000
10000
10158
10158
10312
10158
9396
8630
8630
8938
9092
9246
9400
9554
9709
9859
9859
10013
10013
10167
10167
10321
10013
10013
10167
10167
10321
10321
10321
10475
10475
10475
10475
10475
10475
10475
10475
10475
10475
10475
10629
10629
10629
10629
10629
10629
10629
10629
10629
10629
10629
10629
10629
10629
10629
10629
10629
10629
10629
10629
10629
10629
10629
10629
10629
10629
10629
10629
10629
10629
10629
10629
10629
10629
10629
10629
10629
10629
10629
10629
10629
10629
10629
10629
10629
10629
10629
10629
10629
10629
10629
10629
10629
10629
10629
10629
10629
10629
10475
10475
10475
10475
10475
10475
10475
10629
10629
10629
10629
10629
10629
10629
10629
10629
10321
10321
10475
10475
10475
10475
10475
10475
10475
10629
10629
10629
10629
10629
10629
10629
10475
10475
10475
10475
10475
10475
10475
10475
10475
10629
10629
10629
10629
10629
10629
10629
10629
10475
10475
10475
10475
10475
10475
10629
10629
10629
10629
10629
10629
10629
10629
10629
10629
10629
10321
10475
10475
10475
10475
10475
10475
10629
10475
10475
10475
10475
10475
10475
10321
10321
10321
10321
10321
9709
9863
9863
9863
10017
10013
10167
10167
10321
10321
10321
10321
10475
10475
10475
10475
10475
10475
13516
13516
13516
13516
13516
13516
13516
13516
13516
13516
13516
13516
13516
13516
13516
13516
13516
13516
13516
13516
13516
13516
13516
13516
13516
13516
13516
13516
13516
13516
13516
13516
13516
13516
13516
13516
13516
13516
13516
13516
13516
13516
13516
13516
13516
13516
13516
13516
13516
13516
13516
13516
13516
13516
13511
13511
13511
13511
13516
13516
13516
13511
13511
13511
13511
13511
13511
13511
13511
13516
13516
13516
13516
13516
13516
13516
13516
13516
13516
13516
13516
13516
13516
13516
13516
13516
13516
13516
13516
13363
13516
13516
13516
13516
13516
13516
13516
13516
13516
13516
13516
13516
13516
13516
13516
13516
13516
13516
13516
13516
13516
13516
13516
13516
13516
13516
11683
11837
11837
11837
11837
11837
11837
11837
11837
11832
11837
11832
11832
11832
11832
11837
11837
11832
11832
11832
11832
11832
11832
11832
11832
11837
11837
11837
11837
11837
11837
11837
11837
11837
11837
11837
11837
11837
11837
11837
11837
11990
11990
11837
11837
11837
11837
11837
11837
11837
11837
11837
11837
11837
11837
11837
11837
11837
11837
11837
11683
11837
11837
11837
11837
11837
11837
11837
11837
11837
11837
11837
11837
11837
11837
11837
11837
11837
11837
11837
11837
11837
11837
11837
11837
11837
11837
11837
11837
11837
11837
11837
11837
11837
11837
11837
11837
11837
11837
11837
11837
11837
11837
11837
11837
11837
11837
11837
11837
11837
11837
11837
11837
11837
11837
11837
11837
11837
11837
12600
12600
12600
12600
12600
12605
12451
12605
12605
12605
12600
12600
12600
12451
12451
12451
12605
12605
12605
12451
12605
12605
12605
12600
12600
12451
12451
12451
12605
12600
12600
12600
12446
12600
12600
12600
12600
12600
12446
12446
12600
12600
12600
12600
12600
12446
12446
12446
12600
12600
12600
12600
12446
12446
12600
12600
12600
12600
12600
12446
12446
12446
12600
12600
12600
12600
12600
12600
12600
12600
12600
12600
12600
12600
12600
12600
12600
12600
12754
12754
12600
12600
12600
12600
12600
12600
12754
12754
12600
12600
12600
12600
12600
12600
12600
12600
12605
12600
12600
12600
12600
12600
12600
12600
12600
12600
12600
12600
12600
12754
12754
12600
12600
12600
12600
12600
12600
12600
12754
12600
12600
12600
12600
12600
12600
12600
12600
12600
12600
12600
12600
12754
12754
12754
12754
12600
12600
12600
12600
12600
12605
12600
12600
12754
