8486
8486
8791
8945
9100
9250
9404
9558
9558
9713
9713
9863
9863
9867
9404
8791
8178
7564
7872
8178
8332
8637
8791
8945
9100
9250
9404
9558
9713
9713
9558
9100
8637
8023
7409
6949
6488
6488
6949
7409
7718
8023
8332
8637
8791
8945
9100
9250
9404
9404
9250
8945
8332
7718
7103
6643
6795
7258
7564
7872
8178
8486
8637
8791
9100
9254
9250
9404
9558
9404
8945
8486
8178
7564
7409
7718
8023
8332
8486
8791
8945
9100
9250
9404
9558
9558
9713
9713
9713
9100
8486
7718
7258
6643
6643
6949
7409
7718
8023
8332
8637
8791
8945
9096
9250
9404
9558
9709
9250
8791
8483
8023
7409
7715
8023
8332
8637
8791
9100
9250
9404
9404
9558
9713
9713
9863
9713
9404
8945
8332
7718
7258
7409
7718
8023
8332
8486
8791
8945
9254
9404
9404
9558
9713
9713
9863
9558
9100
8637
8023
8023
8332
8486
8791
8945
9100
9250
9404
9558
9558
9713
9713
9863
9863
9863
9713
9404
8791
8637
8791
8945
9100
9250
9404
9558
9713
9713
9867
9863
9863
10017
10017
10017
10017
9713
9100
8332
8023
8332
8486
8791
8945
9100
9250
9404
9558
9558
9713
9713
9867
9863
10017
9863
9558
8945
8332
7872
7409
6949
7409
7718
8023
8332
8483
8791
8945
9096
9250
9404
9558
9709
9709
9863
9863
9554
9096
8483
8023
7409
7564
7869
8178
8328
8637
8791
8945
9096
9250
9404
9558
9558
9713
9713
9863
9713
9250
8791
8486
8023
7409
7252
7557
7859
8164
8465
8769
8916
9219
9373
9527
9680
9838
9834
9988
10137
10133
9672
9212
9365
9515
9668
9826
9979
10137
10133
10133
10282
10282
10278
10431
10427
10427
10427
10129
9519
9212
9212
9361
9515
9664
9818
9967
9967
10120
10124
10282
10286
10282
10436
10431
10431
10124
9361
8901
9054
9204
9515
9672
9826
9822
9975
10124
10124
10120
10274
10274
10269
10423
10431
10436
9975
9058
9212
9361
9511
9664
9664
9814
9967
9967
10124
10282
10282
10282
10431
10431
10427
10427
10274
9357
9357
9511
9664
9818
9975
10133
10129
10129
10278
10278
10278
10274
10427
10427
10427
10427
10585
9975
9212
8751
9058
9208
9361
9511
9664
9814
9814
9967
10124
10129
10286
10291
10286
10286
10436
10436
10278
9365
8444
9088
9547
10008
10312
10620
10923
10008
9092
9396
9700
10008
10466
10620
10928
9854
9092
9242
9705
10008
10312
10620
10923
10008
9246
9242
9705
10008
10316
10620
10928
10316
9396
9092
9396
9854
10162
10466
10774
10774
9859
8938
9246
9550
10008
10316
10620
10774
10466
9550
8784
9242
9705
10008
10312
10620
10923
10316
9396
8938
9396
9854
10162
10466
10774
11077
10162
9242
8938
9396
9705
10162
10466
10774
10928
10316
9396
8938
9242
9705
10008
10466
10620
10928
10620
9705
8784
9092
9550
9854
10162
10466
10774
11077
10162
9246
8784
9246
9550
9854
10316
10466
10769
10620
9700
8938
8784
9088
9547
10008
10312
10620
10923
10620
9700
9088
9550
10008
10312
10620
10923
11077
11231
10158
9242
8938
9396
9854
10162
10466
10769
11077
11077
10162
9242
8476
9088
9550
9854
10312
10620
10923
11077
10466
9550
8630
9092
9396
9854
10158
10466
10769
11077
10923
10008
9088
8784
9242
9700
10008
10312
10620
10923
11077
10919
9846
8923
8919
9069
9219
9369
9519
9672
9822
9975
10129
10436
10743
10286
9979
9975
10129
10124
10278
10274
10274
10427
10427
10423
10423
10576
10580
