1860
2478
3559
4484
5252
6022
6329
6943
7403
7862
8322
8780
8934
9239
9393
9696
9850
9850
10004
10000
10154
10308
10308
10462
10462
10462
10462
10616
10616
10611
10616
10616
10616
10769
10765
10765
10769
10765
10765
10765
10765
10765
10769
10769
10765
10765
10765
10765
10765
10765
10765
10765
10765
10765
10765
10765
10765
10765
10765
10765
10765
10765
10765
10765
10765
10765
10765
10919
10919
10765
10765
10765
10765
10765
10765
10919
10919
10765
10765
10765
10919
10919
10919
10919
10765
10765
10765
10919
10919
10919
10919
10765
10765
10765
10919
10919
10919
10919
10765
10765
10765
10919
10919
10919
10919
10919
10765
10765
10765
10765
10919
10919
10919
10919
10765
10765
10765
10765
10765
10765
10919
10765
10765
10765
10765
10919
10919
10919
10919
10765
10765
10765
10765
10919
10919
10919
10919
13516
13516
13516
13516
13516
13516
13516
13516
13516
13516
13516
13516
13516
13516
13516
13516
13516
13511
13511
13511
13511
13511
13511
13511
13511
13516
13511
13511
13511
13511
13511
13516
13516
13516
13516
13516
13516
13516
13516
13516
13516
13516
13516
13516
13516
13516
13516
13516
13516
13516
13516
13516
13516
13516
13516
13516
13516
13516
13516
13516
13516
13516
13516
13516
13516
13516
13516
13516
13516
13516
13516
13516
13516
13516
13516
13516
13516
13516
13516
13516
13516
13516
13670
13516
13516
13516
13516
13516
13516
13516
13516
13516
13516
13670
13670
13670
13516
13516
13516
13516
13516
13516
13516
13516
13516
13516
13516
13516
13516
13516
13516
13516
13516
13516
13516
13670
10475
10629
10629
10629
10629
10629
10629
10629
10629
10629
10629
10629
10475
10475
10475
10475
10475
10475
10629
10629
10629
10629
10629
10629
10629
10475
10475
10475
10475
10475
10475
10475
10629
10629
10629
10629
10629
10629
10475
10475
10475
10475
10475
10475
10475
10629
10629
10629
10629
10629
10629
10475
10475
10475
10475
10475
10475
10629
10629
10629
10629
10629
10629
10629
10475
10475
10475
10475
10475
10475
10475
10475
10629
10629
10629
10629
10629
10629
10321
10321
10475
10475
10475
10475
10475
10475
10475
10475
10629
10629
10629
10629
10321
10475
10475
10475
10475
10475
10475
10475
10629
10629
10629
10629
10629
10629
10321
10475
10475
10475
10475
10475
10475
10475
10475
10629
10629
10629
10629
10629
10629
10475
10475
10475
10475
10475
10475
10475
10475
10629
10629
10629
10629
10629
10629
10475
10475
10475
10475
10475
10475
10475
10475
10629
10629
10629
10629
10629
10629
10629
10321
10475
10475
10475
10475
10475
10475
10475
10475
10629
10629
10629
10629
10629
10475
10475
10171
10171
10171
10171
10171
10171
10171
10171
10171
10167
10167
10167
10167
10167
10321
10321
10321
10321
9709
9863
10017
10013
10167
10167
10167
10321
10321
10321
10321
10475
10475
10475
10475
10475
10321
10321
10321
10475
10475
10475
10475
10475
10475
10475
10629
10629
10629
10629
10629
10629
10321
10321
10475
10475
10475
10475
10475
10475
10629
10629
10629
10629
10629
10629
10629
10629
10475
10475
10475
10475
10475
10475
10475
10475
10475
10629
10629
10629
10629
10629
10629
10629
10629
10321
10475
10475
10475
10475
10475
10475
10475
10475
10475
10475
10475
10629
10629
10629
10629
10629
10321
10321
10475
10475
10475
10475
10475
10475
10475
10475
10629
10629
10629
10629
10629
10629
10629
10321
10475
10475
10475
10475
10475
10475
10475
10629
10629
10629
10629
10629
10629
10629
10629
10629
10629
12600
12600
12600
12600
12600
12600
12600
12600
12600
12600
12600
12600
12451
12605
12605
12600
12600
12600
12600
12451
12451
12451
12605
12605
12605
12451
12451
12605
12600
12600
12600
12451
12451
12451
12605
12605
12605
12600
12451
12451
12451
12451
12451
12605
12605
12451
12451
12451
12605
12605
12600
12600
12451
12451
12451
12605
12605
12605
12600
12451
12451
12451
12605
12600
12600
12605
12451
12451
12605
12605
12605
12605
12600
12451
12451
12451
12451
12605
12605
12605
12600
12451
12451
12605
12605
12600
12600
12600
12451
12451
12451
12600
12600
12600
12600
12600
12446
12446
12446
12446
12600
12600
12600
12600
12446
12446
12600
12600
12600
12600
12600
12600
12451
12451
12446
12600
12600
12600
12600
12600
12451
12451
12451
12605
12605
12605
12600
12600
12451
12451
12451
12451
12451
12605
12605
12605
12451
12451
12451
12605
12605
12600
12600
12605
12605
