2157
2926
3848
4769
5536
6149
6607
7219
7676
7830
8134
8747
9212
9672
10133
9826
9365
9515
9668
9818
9971
9967
10120
10274
10274
10423
10423
10734
11040
11347
11505
11352
10589
10585
10585
10580
10580
10734
10734
10729
10729
10729
10576
10729
11036
11347
11500
11812
11356
10440
10286
10440
10436
10436
10585
10585
10580
10580
10734
10580
10580
10580
11040
11194
11505
11659
11203
10286
10133
10282
10282
10431
10431
10585
10580
10580
10580
10580
10576
10734
11040
11352
11505
11812
11659
11198
10436
10431
10431
10427
10580
10580
10580
10580
10729
10729
10882
10431
10585
10585
10580
10580
10580
10734
10729
10729
10729
10729
10729
10729
10725
10882
11189
11500
11654
11807
11352
10891
10891
10887
10887
10887
10887
10882
10882
10882
10882
10882
10882
11036
11347
11500
11654
11965
11812
11654
11347
10431
10278
10278
10427
10427
10427
10576
10576
10576
10576
10729
11036
10585
10580
10734
10734
10734
10729
10729
10729
10729
10729
10729
10725
10725
10725
10882
11189
11496
11654
11960
12114
11203
2153
2614
3075
3843
4609
5376
5990
6602
7059
7520
8287
8594
8444
8594
8901
9051
9357
9511
9660
9814
9967
10120
10427
10585
6795
6949
7255
7718
8023
8332
8637
8791
9100
9250
9404
9558
9713
9250
8483
7718
7564
7718
8023
8332
8637
8791
9096
9250
9404
9558
9713
9709
9863
9100
8332
7564
6949
6949
7255
7564
7869
8332
8483
8791
8945
9250
9404
9558
9713
9709
9250
8328
7564
7100
7255
7715
8023
8328
8637
8788
9096
9250
9404
9554
9709
9709
9709
9096
8328
7564
6946
6949
7100
7409
7869
8178
8483
8791
8945
9096
9250
9404
9558
9709
9404
8791
8023
7255
6949
7409
7718
8023
8332
8637
8945
9096
9250
9404
9558
9709
9863
9863
9250
8483
7718
7103
6949
7255
7564
8023
8332
8637
8791
9100
9250
9404
9558
9713
9709
9863
9250
8483
7718
7103
6795
7100
7564
7869
8178
8483
8791
8945
9096
9404
9558
9558
9709
9863
9713
8945
8178
7409
7103
7409
7564
8023
8332
8637
8791
9100
9250
9404
9558
9713
9709
9863
9863
9250
8483
7718
7103
6488
6949
7409
7869
8178
8483
8637
8945
9096
9250
9404
9554
9709
9863
9863
9554
8637
7869
7255
6795
7100
7409
7715
8023
8328
8637
8791
9096
9250
9404
9558
9709
9863
9863
9709
8942
8178
7564
6949
6795
7103
7564
7869
8178
8483
8791
8945
9096
9250
9404
9558
9709
9863
9863
9713
8791
8023
7409
6795
6949
7409
7718
8023
8332
8637
8945
9096
9250
9404
9558
9709
9863
9863
10017
9709
8791
8023
7409
6795
6795
7255
7718
8023
8332
8637
8791
9100
9250
9404
9558
9713
9709
9863
10017
10017
9096
8332
7564
6949
6795
6949
7255
7564
7715
8023
8178
8483
8791
8942
9250
9404
9554
9709
9709
9863
9709
9096
8328
7560
6946
6331
6025
6486
6946
7409
7869
8174
8483
8637
8942
9096
9250
9400
9554
9709
9863
9863
10017
9096
8328
7560
6946
6640
7100
7564
7869
8171
8476
8777
8927
9073
9223
9527
9527
9676
9834
9988
10141
10141
9676
9062
9212
9365
9515
9668
9822
9826
9979
10133
10133
10129
10282
10278
10278
10278
10431
10427
10278
9515
9515
9668
9664
9818
9971
9967
9967
10120
10120
10278
10282
10436
10436
10436
10431
10431
10431
9818
9511
9664
9818
9822
9975
10133
10137
10133
10286
10282
10282
10282
10431
10431
10431
10427
10427
10431
9672
8751
7983
9242
9700
10162
10466
10620
10923
10312
9396
9396
9854
10162
10466
10774
11077
10162
9246
9550
9854
9850
10000
9996
10146
10141
10291
9984
9826
9979
9975
10129
10589
10743
11054
10747
9984
9672
9826
9975
9975
10129
10124
10124
10278
10278
10431
9519
9672
9672
9822
9822
9975
9971
10124
10124
10274
10274
10120
10274
10427
10738
11045
11198
11198
11045
10431
9668
9361
9511
9664
9664
9814
9967
9967
10274
10585
10436
9975
9975
10129
10124
10278
10278
10278
10427
10427
10427
10427
10274
10427
10738
11045
11198
11356
11510
11361
10440
9519
8598
8598
8751
9054
9208
9357
9511
9818
10282
10589
10286
9365
9361
9515
9668
9818
9971
9971
10124
10120
10274
10274
10427
9975
9971
10124
10124
10124
10274
10274
10274
10427
10427
10423
10423
10269
10427
10734
11045
11198
11505
11663
11356
10593
9672
8751
8290
8598
8747
9054
9204
9357
9664
10124
10436
10743
10286
9365
9365
9515
9668
9818
9971
9971
10124
10120
10120
10274
10274
10431
9830
10137
10444
10752
11059
11212
11366
11520
11520
11673
11827
11985
12139
12139
12288
12288
12293
12293
12293
12293
12446
12446
12600
12600
12446
11380
11077
11380
11534
11841
11990
12144
12144
12298
