2006
3084
4006
5081
5848
6615
7077
7535
7993
8451
8908
9365
9519
9822
10124
10278
10431
10734
10734
10887
11040
11189
11342
11342
11342
11496
11491
11644
11644
11644
11797
11797
11797
11797
11950
11950
11797
11797
11950
11950
12109
12109
11654
11654
11807
11802
11802
11802
11955
11802
11802
11802
11955
11955
11955
11950
11950
11950
11950
11950
11950
11950
11950
11950
11950
11950
11950
11950
11950
11950
11950
11950
11950
11950
11950
11950
11950
12109
12262
12267
12420
12420
11663
11505
11505
11659
11654
11807
11807
11807
11802
11802
11802
11802
11955
11955
11955
11955
11955
11950
11950
11950
11950
11950
11950
11950
11950
11950
11950
11950
12104
12104
11950
11950
11950
11950
11950
12104
12262
11807
11654
11654
11807
11802
11802
11802
11955
11649
11802
11802
11797
11950
11950
11950
11950
12891
12891
12886
12880
12880
12875
12722
12716
12716
12716
12711
12711
12711
12711
12711
12711
12706
12553
12553
12553
12553
12553
12706
12553
12553
12706
12706
12706
12706
12553
12553
12553
12553
12553
12706
12553
12553
12706
12864
12864
12870
11960
11802
11955
11955
12104
12104
12104
11797
11797
11644
11644
11644
11491
11491
11337
11189
11189
11189
11189
11189
11189
11184
11184
11184
11036
11036
11036
11036
11189
11184
11184
11184
11036
11189
11184
11184
11184
11189
11194
11194
10743
10738
10891
11194
11342
11496
11644
11644
11644
11797
11950
11945
12099
12099
12252
12099
12252
12247
12247
12400
12400
12400
12400
12400
12400
12400
12400
12553
12553
12400
12400
12553
12553
12553
12553
12553
12553
12553
12553
12711
12711
12870
12870
12722
11807
11960
11955
12109
12104
12257
12257
12257
12257
12252
12405
12405
12405
12405
12558
12558
