2005
2928
3851
4771
5692
6302
6914
7526
7983
8290
8594
9051
9357
9818
10278
10278
10129
10431
10580
10734
10882
11036
11184
11184
11337
11337
11486
11486
11639
11639
11639
11639
11634
11634
11787
11787
11945
12104
617
1389
2467
3698
4773
5695
6461
6769
7532
8144
8755
9212
9668
9668
10124
10427
10734
10882
11189
11337
11337
11491
11644
11797
11945
11945
11945
12099
12099
12252
12252
12252
12405
12405
12405
12405
12405
12558
12553
12400
12553
12553
12558
12711
12716
12716
12262
12262
12262
12410
12410
12410
12410
12410
12405
12558
12558
12558
12558
12558
12558
12558
12558
12553
12558
12711
12706
12553
12553
12706
12706
12706
12706
12706
12706
12553
12706
12706
12706
12706
12706
12706
12553
12711
12711
12870
12870
13028
12875
12114
12267
12262
12262
12410
12410
12410
12410
12405
12558
12558
12558
12558
12558
12553
8630
9088
9393
9547
9700
9700
8780
8476
8934
9242
9547
9850
9393
8630
8780
9242
9547
9854
10004
9242
8630
8934
9393
9700
9850
10004
9088
8476
8934
9242
9547
9850
10004
9088
8476
8934
9242
9547
9700
9854
9393
8630
8476
8934
9239
9547
9696
9850
8934
8167
8626
9088
9393
9696
10004
9393
8626
8626
9088
9393
9696
9850
10004
9242
8322
8630
9088
9393
9700
9850
9850
8934
8476
8780
9242
9547
9700
9854
9850
9242
8476
8934
9242
9547
9854
10004
10004
9242
8476
8630
8934
9393
9700
9850
10158
9393
8476
8784
9088
9547
9700
10004
10004
9547
8780
8476
8934
9242
9547
9850
9850
10004
9242
8322
8476
8934
9242
9547
9854
10004
9854
8934
8322
8784
9088
9393
9700
9700
9850
9700
8780
8171
8630
8934
9239
9547
9850
10158
9700
8780
8476
8780
9242
9547
9854
10004
10004
9700
8780
8017
8476
8934
9242
9547
9850
10004
10004
9088
8322
