9088
9242
9396
9396
9550
9705
9705
9859
9859
10013
10013
10013
10013
9554
8942
8328
7715
7255
6640
6795
7100
7564
7869
8178
8328
8637
8791
8945
9250
9404
9404
9558
9250
8637
8178
7564
6949
6488
6488
6949
7255
7718
8023
8332
8483
8791
8945
9096
9250
9404
9404
9404
9250
8945
8178
8332
8483
8791
8945
9096
9250
9404
9558
9558
9713
9713
9863
9863
9558
9100
8637
8178
7869
8178
8486
8637
8945
9100
9250
9404
9558
9558
9713
9709
9863
9863
9713
9250
8791
8023
7872
8178
8486
8637
8791
9100
9254
9404
9404
9558
9713
9713
9867
9863
9404
8945
8486
8023
7409
6949
6640
7103
7409
7718
8023
8332
8637
8791
8945
9100
9250
9404
9558
9558
9558
9250
8791
8178
7564
7103
6488
6643
6949
7409
7718
8023
8332
8483
8791
8945
9100
9250
9404
9558
9558
9558
9100
8637
8332
7718
7103
6640
6640
6949
7409
7718
8023
8332
8483
8791
8945
9096
9250
9404
9558
9558
9709
9404
8942
8483
7869
7255
6795
6488
6795
7103
7564
7872
8178
8486
8637
8945
9100
9250
9250
9404
9558
9713
9713
9558
9254
8637
8178
8332
8637
8791
8945
9100
9250
9404
9558
9713
9713
9863
9863
10017
10017
10017
9863
9250
8637
8637
8791
9100
9250
9250
9404
9558
9558
9713
9713
9863
9863
10017
10017
10017
9713
9404
9100
8637
8023
8178
8332
8637
8791
8945
9100
9250
9404
9558
9558
9713
9867
9863
9863
10017
10017
9713
9250
8791
8023
7718
8023
8332
8486
8791
8945
9100
9250
9404
9558
9558
9713
9713
9863
9863
10017
9713
9404
8945
8332
7872
7255
6795
6334
6640
7103
7564
7869
8178
8483
8637
8791
9096
9250
9404
9404
9554
9705
9854
9850
9385
8927
8157
7388
6775
6313
6464
6923
7228
7689
8147
8455
8766
8916
9066
9373
9523
9523
9672
9826
9979
9979
9519
8755
8755
9062
9212
9365
9523
9680
9830
9984
9984
10133
10133
10286
10282
10282
10282
10436
10129
9212
9212
9365
9519
9676
9830
9984
9984
10133
10133
10133
10282
10282
10282
10436
10436
10431
10431
9672
9365
9515
9672
9830
9984
9984
10137
10133
10286
10286
10282
10436
10436
10436
10436
10436
10431
9975
9365
9519
9672
9830
9984
9984
10133
10133
10133
10286
10282
10282
10436
10436
10431
10431
10431
10431
9515
