8332
8641
8791
8945
9100
9254
9404
9558
9558
9713
9713
9867
9867
9404
9100
8486
8027
8178
8486
8637
8791
9100
9254
9404
9404
9558
9713
9713
9863
9863
9558
8945
8332
7718
8023
8178
8486
8791
8945
9100
9250
9404
9404
9558
9713
9713
9713
9404
8945
8486
8332
8483
8791
8945
9100
9250
9404
9558
9558
9713
9713
9867
9863
9863
9558
9100
8486
7718
7258
7409
7718
8023
8332
8483
8791
8945
9096
9250
9404
9558
9558
9709
9558
9250
8791
8483
8328
8483
8791
8945
9096
9250
9404
9558
9713
9709
9863
9863
9863
10017
9558
8945
8486
8023
7409
6949
6643
6949
7409
7718
8023
8332
8641
8791
8945
9100
9250
9404
9558
9558
9558
9250
8945
8178
7564
7103
6488
6643
7103
7409
7872
8178
8332
8637
8791
9100
9254
9250
9404
9558
9713
9404
8945
8637
8178
7718
7564
7718
8023
8332
8637
8791
8945
9100
9250
9404
9558
9713
9713
9867
9863
9863
9404
8637
8023
7564
7718
8023
8332
8641
8791
8945
9096
9250
9404
9558
9558
9709
9863
9863
9709
9250
8791
8332
7869
7409
6949
7255
7564
7869
8178
8483
8637
8945
9096
9250
9404
9558
9554
9709
9863
9863
9558
9096
8328
7715
7255
6795
7255
7564
7869
8178
8483
8637
8945
9100
9250
9404
9558
9558
9713
9713
9713
9558
9250
8791
8332
8332
8637
8791
8945
9100
9250
9404
9558
9558
9713
9867
9863
10017
10017
10017
10017
9863
9404
8637
8023
7869
8178
8486
8791
8942
9092
9239
9389
9539
9684
9838
9988
9988
10141
10141
10141
9531
8762
7997
7993
8297
8601
8912
9066
9377
9527
9527
9676
9826
9826
9975
9975
10129
10124
10282
9979
9212
9212
9361
9515
9668
9818
9818
9971
10129
10133
10286
10282
10282
10282
10278
10431
10431
9818
8598
8905
9054
9208
9357
9511
9664
9818
9814
9967
10124
10129
10286
10282
10282
10278
10278
9971
9204
9357
9511
9668
9826
9979
9979
10129
10129
10129
10278
10278
10278
10278
10427
10431
10436
10440
9672
9519
9668
9668
9822
9971
9971
10124
10124
10278
10282
10440
10436
10436
10436
10431
10431
10431
10124
9664
9664
9822
9826
9826
9822
9822
9975
9971
9971
9971
9967
9967
10120
10124
10129
10286
10291
10286
10286
10129
9208
8444
9088
9393
9547
9850
10158
9696
8934
8934
9239
9547
9696
9850
9393
8626
8780
9085
9393
9696
9696
9393
8630
8476
8934
9239
9547
9696
9393
8630
8476
8934
9242
9393
9547
9700
8934
8167
8630
9088
9393
9700
9850
9242
8476
8780
9088
9393
9700
10004
9547
8630
8476
8934
9242
9547
9854
9850
9088
8322
8630
9088
9393
9700
9850
9700
8934
8322
8780
9088
9547
9700
9854
9700
8934
8171
8630
8934
9242
9393
9547
9547
9242
8476
8322
8780
9088
9393
9696
10004
9393
8630
8630
8934
9239
9547
9850
10158
9547
8626
8476
8934
9085
9235
9235
9231
9227
9223
9219
9219
8758
8755
8908
8905
9212
9523
9830
9984
9984
9216
8601
8601
8751
8751
8905
8905
8901
9054
9054
9208
9519
9369
9216
9212
9212
9212
9208
9208
9208
9208
9208
9204
9204
9204
9357
9668
9822
10129
10286
10286
10286
10133
9826
9212
8444
8290
8290
8444
8594
8594
8747
9054
9365
9672
9676
9062
8908
8905
8905
9058
9058
9054
9054
9208
9208
9208
9208
9361
8938
9396
9854
10162
10466
10774
10316
9396
8938
9396
9854
10162
10466
10774
10316
9396
8938
9396
9859
10162
10466
10774
10466
9550
9246
9550
10008
10316
10620
10928
10466
9550
8938
9396
9859
10162
10466
10774
10774
9854
8938
9092
9550
10008
10316
10620
10774
10466
9550
8784
9242
9393
9543
9692
9842
9838
9988
9984
10137
9979
9979
10129
10129
10282
10589
10896
11203
11208
10440
9519
9672
9668
9822
9975
9971
10124
10124
10278
10274
10427
9672
9668
9822
9822
9971
10124
10124
10124
10274
10274
10274
10120
9967
10120
10427
10738
11045
11198
11510
11208
10295
620
2013
3248
4327
5405
6329
7249
7403
7557
8171
8784
9396
9854
10312
10616
10769
11077
11226
11534
11683
11990
12144
12144
12298
12451
12446
12600
12600
12754
12754
12754
12754
12907
12907
12907
12907
12907
12907
12907
12907
12754
12754
12907
12907
12754
12754
12754
12754
12754
12754
12754
12754
12600
12600
12600
12754
12754
12754
12754
12754
12754
12600
12600
12600
12600
12600
12600
12600
12600
