2005
2774
3851
4771
5538
6302
6917
7378
7532
7686
8144
8601
9058
9361
9664
9971
10120
10427
10576
10729
10878
11031
11184
11184
11333
11333
11486
11486
11797
11950
11500
11040
11194
11342
11342
11496
11491
11644
11644
11644
11639
11639
11792
11792
11792
11792
11792
11792
11792
11945
12099
12257
12410
11802
11649
11802
11797
11797
11797
11797
11945
11945
11792
11792
11792
11792
11945
11945
11945
11945
11792
11792
11945
12104
12257
12415
12415
11654
11649
11649
11802
11797
11797
11797
11797
11792
11792
11792
11792
11792
11792
11945
11945
11945
11945
11945
12099
12257
12410
12415
12415
12262
11347
11500
11496
11649
11649
11644
11644
11644
11797
11797
11792
11792
11792
11792
11792
11945
11945
11945
11792
11342
11342
11337
11491
11491
11644
11639
11639
11792
11639
11486
11639
11639
11639
11787
11787
11787
11787
11787
11787
11940
12099
12257
12410
12568
12568
12114
1235
2314
3546
4621
5541
6461
7071
7683
7529
8140
8751
9208
9664
9971
10274
10580
