2005
2620
3543
4617
5384
6149
6761
7219
7372
7983
8598
9058
9672
9826
9672
9975
10124
10278
10427
10580
10729
10729
10882
11031
11031
11184
11184
11337
11337
11333
11333
11333
11486
11486
11797
11955
772
1851
3083
4313
5233
6000
6305
7071
7683
8290
8751
9208
9664
9967
10274
10576
10729
11036
11184
11337
11649
11802
11955
11807
11812
11352
11198
11352
11500
11654
11802
11802
11802
11950
11950
12104
12104
12257
12257
12252
12252
12405
12405
12405
12405
12405
12405
12405
12558
12558
12558
12558
12553
12553
12553
12553
12553
12553
12553
12553
11649
11802
11797
11950
12104
12099
12252
12099
12252
12252
12252
12405
12405
12400
12553
12400
12553
12553
12553
12553
12553
12553
12553
12553
12553
12553
12553
12553
12553
12553
12553
12553
12553
12553
12553
12553
12711
11802
11955
11950
12104
12104
12252
12252
12252
