2469
3701
4777
5697
6461
7074
7225
7836
8448
9058
9515
9818
10124
10427
10734
11036
11189
11337
11491
11644
11797
11945
12099
12099
12252
12252
12252
12400
12400
12400
12400
12553
12553
12553
12711
11649
11802
11950
11950
12104
12257
12252
12252
12405
12405
12558
12558
12553
12553
12553
12553
12553
12706
12706
12706
12706
12706
12706
12706
12706
12553
12706
12706
12706
12706
12706
12706
12706
12706
12706
12864
13017
13023
12875
12114
12109
12262
12257
12410
12410
12410
12257
12410
12405
12405
12558
12558
12558
12558
12558
12558
12558
12558
12553
12706
12558
12711
12706
12706
12706
12706
12706
12706
12706
12553
12553
12405
12252
12099
12104
12104
11654
11500
11500
11496
11496
11342
11342
11342
11342
11342
11189
11189
11189
11189
11189
11189
11342
11342
11342
11036
11189
11491
11644
11797
11945
11945
12099
12600
12600
12595
12595
12595
12595
12600
12600
12600
12600
12600
12600
12446
12441
12436
12431
12277
12272
12272
12119
12119
12114
12114
12114
12114
12109
12109
11955
11955
12109
12109
12109
12262
12109
12109
12262
12257
12257
12257
12257
12109
12109
12262
12257
12257
12257
12257
12257
12257
12262
12420
12420
12579
12579
12272
11208
10137
10137
10440
10743
10896
11045
11352
11505
10896
11045
11198
11500
11500
11654
11802
11802
11802
11955
11955
12109
12109
12262
12257
12257
12257
12257
12257
12410
12410
12410
12410
12410
12410
12410
12410
12563
12568
12568
12267
11049
11203
11352
11505
11654
11807
11960
12109
11955
12109
12109
12109
12262
12262
12262
12410
12262
12257
12257
12410
12410
12410
12410
12410
12410
12410
12410
12563
12563
12563
12563
12563
12563
12410
12410
12410
12563
12563
12568
12722
12727
11812
11049
11356
11505
11659
11812
11960
12114
12114
11960
11960
11955
12109
12109
12262
12262
12415
12410
11683
11837
12139
12293
12446
12446
12595
12748
12748
12902
12902
13056
13050
13204
13204
13204
13204
13204
13204
13357
13357
13357
13357
13357
13357
13357
13357
13357
13357
13357
13357
13357
13357
13357
13357
13357
13357
13357
13198
13045
13039
13039
12886
12727
12727
12722
12722
12722
12568
12568
12563
12563
12563
12563
12563
12410
12410
12410
12410
12410
12410
12410
12410
12410
12410
12410
12410
12410
12410
12410
12410
12410
12410
12410
12410
12410
12410
12415
12568
12727
12727
12727
12272
11812
11812
11965
11960
12114
12114
12109
12109
12109
12262
12262
12262
12257
12257
12257
12257
12410
12410
12410
12410
12410
12410
12257
12257
12410
12410
12410
12410
12405
12405
12405
12405
12405
12405
12405
12405
12405
12405
12405
12563
12563
12722
12722
12727
12574
13050
13050
13050
13050
13050
13056
13056
13050
13204
13204
13050
13204
13204
13204
13204
13209
13050
13045
12891
12886
12732
12574
12574
12574
12420
12415
12415
12262
12262
12262
12262
12262
12257
12104
12104
12104
12104
12104
12257
12104
12104
12104
12257
12257
12257
12104
12104
12104
12104
12104
12104
12104
12104
12104
12104
12104
12104
12104
12257
11654
11654
11807
11802
11802
11955
11955
11802
11802
11802
11802
11950
11950
11950
11950
11950
11950
11950
11950
12104
12104
12104
11950
12104
12104
12104
12104
12104
12104
12104
12104
12104
12104
12104
12104
12104
12104
12104
12104
12104
12104
12104
12104
12109
11198
11198
11347
11500
11654
11649
11802
11649
11342
11496
11649
11649
11802
11802
11802
11950
11797
11950
11950
11950
11950
11950
12104
11950
11950
12104
12104
12104
12104
12104
12104
