2005
2774
3697
4617
5384
6154
6766
7228
7382
7836
8448
8905
9208
9515
9818
9818
9967
10274
10423
10729
10878
11031
11184
11184
11337
11491
11802
11955
11960
11194
11347
11342
11496
11496
11644
11644
11644
11491
11486
11639
11639
11639
11792
11792
11792
11792
12099
12257
12410
12262
12114
11505
11347
11347
11496
11496
11649
11644
11644
11797
11644
11639
11792
11792
11792
11792
11945
11945
11189
11342
11337
11491
11491
11491
11639
11639
11639
11639
11639
11792
11792
11787
11787
11787
11787
11787
11945
12099
12257
12410
12410
12410
12104
11342
11342
11491
11491
11644
11644
11644
11792
11792
11792
11792
11792
11792
11792
11792
12104
11950
11802
11347
11347
11496
11496
11496
11644
11644
11644
11797
11797
11792
11792
11792
11792
11792
11945
11945
11940
12099
11496
11644
11644
11644
11644
11644
11639
11792
11792
11792
11792
11792
11792
11787
11787
11940
11940
11940
11940
11797
11189
11189
11342
11337
11491
11491
11644
11639
11792
11792
11639
11639
11639
11639
11792
11787
11787
11787
11940
12099
6949
7255
7718
8023
8332
8637
8788
9096
9242
9393
9543
9692
9688
8919
8308
8612
8916
9066
9219
9369
9523
9672
9826
9822
9975
10129
10133
9676
9676
9672
9826
9979
9975
10129
10129
10129
10282
10278
10278
10431
10278
9971
10124
10124
10278
10278
10278
10436
10440
10440
10593
10589
10589
10589
9979
9216
9365
9519
9672
9822
9822
9975
9975
10129
10124
10278
10278
10278
10278
9519
9672
9672
9822
9975
9975
10129
10124
10278
10278
10278
10431
10431
10431
10124
10278
10278
10278
10431
10427
10431
10436
10440
10444
10444
10602
10607
10607
10304
9389
770
1387
2463
3387
4309
5079
5695
6305
6764
7222
7680
7983
8290
8594
8747
8594
7987
7833
8137
8444
8747
8901
9051
9357
9507
9507
9660
9818
9975
9979
10129
10129
9365
9058
9208
9361
9511
9664
9814
9814
9975
10129
10133
10282
10282
10278
10431
10427
9664
9664
9664
9814
9967
9971
10129
10286
10282
10282
10431
10431
10427
10427
10427
10427
9664
9204
9361
9519
9672
9826
9975
9975
10124
10124
10124
10274
10274
10274
10427
10427
10431
9672
9365
9515
9668
9664
9818
9971
9967
10120
10120
10269
10274
10278
10436
10440
10436
10282
9365
8601
8598
8905
9054
9204
9357
9511
9664
9822
9975
9975
10129
10129
10278
10278
10274
10274
9357
9204
9357
9511
9664
9822
9979
9979
10129
10129
10278
10278
10278
10274
10427
10427
10427
9967
8751
8901
9054
9204
9357
9507
9660
9814
9967
9963
10116
10116
10274
10278
10436
10431
10278
9515
9357
9511
9664
9814
9967
9967
10120
10116
10274
10278
10436
10431
10431
10431
10427
10580
10274
9357
9357
9511
9660
9660
9814
9971
10129
10129
10278
10278
10274
10427
10427
10423
10423
10423
10423
9507
9353
9511
9668
9822
9975
9971
10124
10120
10120
10274
10274
10274
10423
10423
10423
10423
10580
10436
9676
9830
9834
9838
9992
9996
10150
10154
10308
10308
10308
10466
10466
10466
10466
10466
10466
10470
9859
13516
13516
13516
13516
13516
13516
13516
13516
13516
13516
13516
13516
13516
13516
13670
13516
13516
13516
13516
13516
13516
13516
13516
13516
13516
13516
13516
13516
13516
13516
13516
13516
13516
13516
13516
13511
13516
13511
13511
13511
13511
13511
13516
13516
13511
13511
13511
13511
13511
13511
13511
13511
13511
13511
13516
13511
13511
13511
13511
13511
13511
13511
13511
13511
13511
13511
13511
13511
13511
13511
13511
13511
13511
13511
13511
13511
13516
13516
13516
13516
13670
13670
13670
13516
13516
13516
13516
13516
13516
13516
13516
13516
13516
13516
13516
13516
13516
13516
13516
13516
13516
13516
13516
13516
13516
13516
13516
13516
13516
13516
13516
13516
13516
13516
13670
13670
