7862
8017
8325
8479
8784
8938
9092
9246
9400
9554
9554
9709
9863
9709
9096
8637
8023
7560
7869
8178
8328
8637
8791
8942
9096
9250
9404
9554
9709
9709
9709
9096
8637
8023
7409
6949
6640
6949
7255
7718
8023
8332
8483
8791
8945
9100
9250
9404
9558
9558
9404
8945
8332
8023
8332
8637
8791
8945
9100
9250
9404
9558
9713
9713
9867
9863
9713
9404
9100
8486
7718
7258
7409
7872
8023
8332
8637
8791
8945
9100
9250
9404
9558
9713
9713
9558
9250
8791
8178
7564
7872
8178
8486
8637
8791
9100
9254
9404
9404
9558
9713
9713
9867
9867
9558
9254
8486
7872
7564
7718
8023
8332
8637
8791
8945
9100
9250
9404
9558
9713
9867
9863
9863
9404
8791
8332
8332
8486
8791
8945
9100
9250
9404
9558
9558
9709
9709
9863
9863
10017
9863
9558
8945
8178
7564
7103
6640
6640
6949
7409
7718
8023
8332
8637
8791
8945
9096
9250
9404
9558
9558
9713
9404
9100
8486
7872
7258
6949
7255
7718
8023
8332
8486
8791
8945
9100
9250
9404
9558
9558
9713
9713
9558
8945
8637
8023
7718
7103
6643
6334
6795
7258
7564
7872
8178
8486
8637
8945
9100
9254
9404
9404
9558
9713
9558
9250
8945
8332
7872
7409
7409
7718
8023
8332
8486
8791
8945
9100
9250
9404
9558
9713
9713
9863
9863
9713
9100
8486
8023
7564
7103
6795
7103
7564
7872
8178
8486
8637
8791
9100
9250
9404
9558
9558
9713
9863
9863
9558
9250
8791
8332
8332
8483
8791
8945
9096
9250
9404
9558
9554
9709
9709
9863
9863
10017
10017
10017
9863
9404
8945
8486
7718
7718
8023
8332
8637
8791
8945
9100
9250
9404
9558
9713
9713
9863
9863
10017
10017
9709
9250
8791
8332
7718
7255
7409
7715
8023
8332
8637
8791
8942
9096
9250
9404
9558
9709
9709
9863
9863
10017
9713
9250
8791
8178
7718
7255
7718
8023
8332
8486
8791
8945
9100
9250
9404
9558
9558
9713
9713
9863
9863
10017
9713
9250
8791
8178
7718
7258
6795
6795
7258
7564
7872
8178
8486
8637
8945
9100
9250
9404
9404
9558
9713
9713
9867
9863
9713
9404
8791
8332
7718
7258
6640
6795
6949
7409
7718
8023
8332
8637
8791
8942
9246
9396
9547
9692
9688
9842
9992
9988
9680
9066
8455
7843
7993
8301
8608
8916
9073
9377
9527
9680
9676
9830
9979
9979
10129
10129
10129
10282
10282
9668
11837
12144
12298
12451
12446
11837
11990
12144
12298
12451
12144
11990
12144
12298
12446
12446
11837
11990
12144
12298
12446
12144
11990
12144
12298
12451
12446
11837
11990
12144
12293
12446
12446
11837
11990
12144
12293
12446
12446
11837
11990
12139
12293
12446
12446
11837
11990
12144
12293
12446
12600
11683
11990
12144
12298
12451
12446
11990
11837
12144
12298
12451
12446
12446
11837
11990
12144
12298
12446
12600
11837
11990
12144
12298
12446
12446
12446
11841
11990
12144
12298
12446
12600
12298
11837
11990
12144
12298
12446
12600
11990
11837
12144
12298
12451
12446
12600
11990
11837
12144
12298
12451
12600
12600
11990
11990
12144
12298
12446
12446
12600
12144
11837
11990
12298
12451
12600
12600
12446
11837
11990
12144
12298
12144
12144
12298
11990
8322
8780
9088
9393
9547
9547
8630
8476
8780
9088
9547
9700
9242
8476
8784
9088
9393
9700
9854
9242
8476
8630
9088
9393
9547
9700
9393
8630
8784
9088
9393
9547
9700
9547
8784
8476
8934
9239
9547
9854
9850
9088
8322
8630
9088
9393
9547
9700
9547
8630
8476
8934
9242
9547
9850
10004
9088
8322
8780
9242
9393
9700
9850
9696
8934
8630
8934
9239
9700
9850
10158
9393
8626
8780
9085
9393
9547
9696
9850
9393
8626
8476
8934
9239
9547
9850
10004
9547
8780
8476
8934
9242
9547
9854
9850
9850
8934
8167
8630
8934
9239
9547
9854
10004
9393
8630
8630
8934
9239
9547
9854
9850
10004
9088
8322
8476
8934
9242
9547
9700
9850
9850
8934
8167
8630
9088
9393
9547
9700
10004
9700
8934
8171
8630
8934
9393
9700
9850
10004
9854
8934
8171
8476
8934
9088
9239
9547
9854
10004
9242
8476
8476
8780
9242
9547
9700
10004
10158
9393
8630
