2005
2466
3543
4617
5536
6302
6914
7372
7222
7833
8290
8747
9054
9511
9814
9967
10116
10423
10571
10725
10878
11031
11180
11180
11333
11486
11644
11950
12109
11500
11496
11649
11649
11644
11644
11797
11797
11797
11792
11792
11792
11792
11792
11792
11792
11792
11945
12104
12257
12410
12568
11955
11802
11802
11802
11797
11797
11797
11950
11945
11792
11792
11792
11945
11945
11945
11945
11945
11945
12104
12257
12415
12568
12568
12109
11347
11347
11496
11496
11496
11649
11644
11644
11797
11644
11797
11792
11792
11792
11792
11792
11945
11797
11342
11342
11496
11491
11644
11644
11639
11639
11792
11639
11639
11639
11792
11792
11787
11787
11787
11787
11787
11945
12104
12257
12410
12568
12568
11654
11194
11194
11342
11342
11496
11491
11644
11644
11639
11639
11639
11792
11792
11792
11792
11792
11792
11945
11950
11347
11342
11342
11491
11491
11644
11639
11639
11639
11792
11639
11639
11639
11639
11792
11787
11787
11787
11787
11945
617
1543
2776
4005
4927
5846
6766
7375
7375
