3848
4615
5228
5841
6453
6914
7372
7676
7983
7987
8294
8598
8751
9054
9208
9357
9511
9664
9664
9058
9208
9361
9515
9664
9664
9818
9971
9967
10120
10120
10431
10738
10891
11049
11045
10891
10585
9818
9357
9511
9664
9818
10124
10431
10743
11049
10440
9672
9822
9822
9975
10124
10124
10124
10274
10274
10585
9975
9975
10129
10129
10124
10278
10278
10274
10427
10427
10427
10427
10738
11045
11198
11356
11356
11203
11049
10589
9822
9054
9208
9361
9511
9818
10129
10436
10743
10901
9979
9212
9212
9361
9515
9668
9822
9971
9971
10278
10589
10589
10133
10282
10282
10282
10278
10431
10431
10431
10427
10427
10580
10129
10124
10278
10278
10278
10274
10427
10427
10427
10427
10427
10580
9822
9822
9971
9971
10124
10120
10274
10274
10274
10427
10427
10427
9668
9822
9818
9971
9971
10124
10120
10274
10274
10274
10427
10427
3228
3843
4609
5376
5987
6755
7523
8137
8751
9212
8598
7983
8137
8440
8747
8901
9204
9357
9511
9664
9818
10124
10282
9672
9519
9515
9668
9818
9971
9971
10124
10120
10274
10274
10274
10427
9822
9822
9822
9971
10124
10124
10124
10274
10274
10274
10427
10427
10427
10120
10580
10891
11045
11352
11510
11663
11663
11510
10589
9515
8751
7983
7830
8134
8440
8901
9361
9822
10129
10440
10436
10436
9975
9361
