1860
2478
3714
4945
5868
6483
7097
7862
8630
9242
9854
10312
10769
11073
11375
11683
11832
12139
12293
12441
12595
12595
12748
12902
13050
13050
13050
13204
13204
13357
13357
13357
13357
13511
13505
13505
13505
13505
13505
13659
13659
13659
13659
13659
13812
13812
13812
13812
13659
13659
13659
13659
13511
13204
13050
12902
12595
12441
12441
12288
12134
11985
12134
12134
12139
12134
12288
12134
11832
11985
11980
12288
12441
12589
12288
12134
12288
12441
12595
12743
12897
12897
13050
13050
13204
13204
13357
13357
13357
13352
13505
13505
13659
13505
13659
13659
13659
13659
13812
13812
13659
13812
13812
13812
13812
13812
13812
13812
13812
13812
13812
13965
13965
13812
13812
13812
13812
13812
13812
13965
12754
12754
12754
12754
12754
12754
12600
12600
12600
12600
12600
12600
12600
12600
12600
12600
12600
12600
12446
12446
12600
12600
12600
12600
12600
12600
12600
12600
12600
12600
12600
12451
12446
12600
12600
12600
12600
12600
12446
12446
12600
12600
12605
12600
12600
12451
12605
12600
12600
12600
12600
12600
12451
12605
12605
12605
12600
12600
12600
12605
12600
12600
12600
12600
12605
12605
12451
12605
12605
12600
12600
12600
12600
12451
12451
12605
12605
12605
12605
12600
12600
12446
12600
12600
12600
12600
12600
12600
12446
12600
12600
12600
12600
12600
12600
12600
12446
12600
12600
12600
12600
12600
12600
12600
12446
12446
12600
12600
12600
12600
12600
12600
12451
12451
12600
12600
12600
12600
12600
12600
12451
12605
12605
12605
12600
12600
12600
12600
12451
12446
12600
12605
12605
12605
12600
12600
12451
12605
12600
12600
12600
12600
12600
12600
12600
10629
10629
10629
10629
10629
10629
10629
10629
10629
10629
10629
10629
10629
10475
10475
10475
10629
10629
10629
10629
10629
10629
10629
10629
10629
10475
10475
10475
10475
10475
10475
10475
10475
10629
10629
10629
10629
10629
10475
10475
10475
10475
10475
10629
10629
10629
10629
10629
10629
10629
10629
10475
10475
10475
10475
10475
10475
10475
10629
10629
10629
10629
10629
10629
10629
10475
10475
10475
10475
10475
10629
10629
10629
10629
10629
10629
10629
10629
10475
10475
10475
10475
10475
10629
10629
10629
10629
10629
10629
10629
10629
10629
10475
10475
10475
10475
10475
10629
10629
10629
10629
10629
10629
10629
10629
10629
10475
10475
10475
10475
10475
10475
10475
10475
10475
10629
10629
10629
10629
10629
10629
10321
10321
10475
10475
10475
10475
10475
10629
10629
10629
10629
10629
10629
10629
10629
10475
10475
10475
10475
10475
10629
10629
10629
10629
10629
10629
10629
10629
10629
10629
10475
10475
10475
10475
10475
10475
10475
10629
10629
10629
10629
10629
10629
10629
10629
10475
10475
10475
10475
10475
10629
10629
10629
10629
10629
10629
10629
10629
10629
10629
10475
10475
10475
10475
10475
10475
10629
10629
10629
10629
10629
10629
10629
10629
10629
10629
10321
10321
10475
10475
10475
10475
10475
10475
10475
10629
10629
10629
10629
10629
10629
10629
10321
10475
10475
10475
10475
10475
10475
10629
10629
10629
10629
10629
10629
10629
10629
10629
10629
10475
10475
10475
10475
10475
10475
10475
10629
10629
10629
10629
10629
10629
10629
10629
10629
10475
10475
10475
10475
10475
10475
10629
10629
10629
10629
10629
10629
10629
10629
10629
10629
10629
10321
10475
10475
10475
10475
10475
10475
10475
10629
10629
10629
10629
10629
10629
10624
10629
10629
10321
10475
10475
10475
10475
10475
10475
10475
10475
10475
10475
10629
10629
10629
10629
10629
10629
10629
13516
13516
13516
13516
13516
13516
13516
13516
13516
13516
13516
13516
13516
13516
13516
13516
13516
13516
13516
13516
13516
13516
13516
13516
13516
13516
13516
13516
13516
13516
13516
13516
13516
13516
13516
13511
13516
13516
13516
13516
13664
13516
13511
13511
13511
13511
13511
13511
13511
13511
13511
13664
13664
13511
13511
13511
13511
13511
13511
13511
13516
13516
13516
13670
13516
13516
13516
13516
13516
13516
13516
13516
13516
13516
13670
13670
13670
13516
13516
13516
13516
13516
13516
13363
13363
13363
13363
13363
13363
13209
12754
12754
12754
12907
12907
12907
12907
12754
12754
12907
12902
12902
12902
13056
12446
12600
12754
12907
13056
13056
13209
13056
13209
13209
13209
13363
13363
13363
