2768
3382
4150
4917
5529
6144
6602
7062
7520
7827
7827
8440
8901
9361
9822
10129
10282
9519
8751
8598
8901
9054
9208
9357
9664
10129
10282
9826
8905
8905
9208
9361
9515
9664
9664
9818
9971
10278
9219
9369
9523
9519
9672
9672
9822
9822
9975
9975
9975
9668
9822
10129
10436
10747
10901
11208
10747
9979
9058
8598
8751
8901
9208
9361
9668
10129
10436
10593
9826
9519
9668
9822
9975
9971
10124
10124
10278
10274
10585
10129
10129
10278
10278
10278
10427
10427
10427
10427
10427
10427
10274
10580
10887
11045
11352
11356
11352
11198
11045
10431
9515
9208
9357
9511
9664
9818
10124
10585
10896
10743
9979
9365
9515
9515
9664
9818
9971
9971
10120
10120
10427
10738
10129
9975
9975
10124
10124
10124
10278
10274
10274
10427
10427
10427
9822
9818
9971
9971
10120
10120
10274
10274
10274
10427
10423
10423
9668
9818
9818
9971
10120
10120
10120
10274
10274
10274
10423
10423
9668
9818
9971
9971
10120
10120
10274
10274
10274
10274
10423
10423
10269
9664
9818
9971
9967
10120
10120
10274
10274
10269
10269
10423
10423
10423
10576
10887
11194
11352
11352
11194
11194
11040
11040
10887
10274
9507
9507
9660
9814
9967
10427
10738
10891
11198
11045
10891
10278
9361
9204
9357
9511
9660
9814
9814
9967
10274
10585
10891
10891
10129
7103
7409
7718
8023
8332
8637
8945
9096
9250
9404
9558
9709
9709
8945
8178
7409
6795
7100
7409
7715
8023
8328
8637
8942
9096
9250
9404
9554
9709
9400
8791
8023
7255
7409
7715
8023
8328
8637
8942
9096
9250
9404
9558
9709
9863
9863
8945
8178
7564
6949
7103
7255
7564
7869
8178
8483
8791
8945
9096
9404
9404
9558
9713
9250
8483
7718
7103
6949
7255
7564
7869
8178
8483
8637
8942
9096
9250
9400
9554
9709
9709
8942
8174
7564
7255
7409
7560
7869
8178
8483
8791
8942
9250
9404
9558
9554
9709
9863
9404
8637
7869
7255
6949
7409
7715
8178
8328
8630
8934
9081
9231
9381
9531
9680
9830
9826
9519
8458
8615
8769
8923
9235
9389
9543
9696
9696
9850
10004
10008
10162
10162
10162
9396
9400
9550
9705
9705
9859
10013
10013
10167
10167
10167
10321
10321
10321
10475
10013
10167
10167
10167
10321
10321
10321
10475
10475
10475
10475
10475
10475
10475
10475
10321
10321
10321
10475
10475
10475
10475
10475
10475
10475
10629
10629
10629
10629
10629
10321
10475
10475
10475
10475
10475
10475
10475
10475
10475
10629
10629
10629
10629
10629
10475
10321
10321
10475
10475
10475
10475
10475
10475
10629
10629
10629
10629
10629
10629
10629
10321
10321
10475
10475
10475
10475
10475
10475
10475
10475
10629
10629
10629
10629
10629
10629
10321
10475
10475
10475
10475
10475
10475
10475
10629
10629
10629
10629
10629
10629
10629
10629
10321
10475
10475
10475
10475
10475
10475
10629
10629
10629
10629
10629
10629
10629
10629
10629
10321
10475
10475
10475
10475
10475
10475
10475
10475
10629
10629
10629
10629
10629
10629
10629
10629
10321
10321
10321
10475
10475
10475
10475
10475
10475
10475
10475
10475
10475
10629
10629
10629
10629
10321
10321
10475
10475
10475
10475
10475
10475
10475
10629
10629
10629
10629
10629
10629
10629
10629
10321
10321
10475
10475
10475
10475
10475
10629
10629
10629
10629
10629
10629
10629
10629
10629
10629
10475
