1850
2620
3851
4775
5543
6310
6772
6618
7077
7535
8144
8451
8908
9212
9515
9515
9818
9971
10120
10274
10427
10580
10580
10729
10882
11036
11347
11500
11505
11045
11045
11045
11194
11194
11194
11347
11342
11040
11189
11189
11189
11189
11342
11342
11342
11342
11342
11342
11649
11807
11960
11659
11198
11198
11347
11347
11347
11347
11342
11496
11342
11342
11342
11342
11496
11491
11491
11491
11491
11491
11491
11802
11955
12114
12267
11659
11045
11045
11198
11194
11194
11347
11347
11342
11342
11036
11036
11189
11189
11189
11342
11342
11337
11337
11342
11649
11802
11960
12114
12114
11812
11198
11352
11347
11347
11347
11342
11342
11342
11496
11342
11337
11337
11491
11491
11491
11491
11491
11491
11644
11045
11198
11505
11663
11970
12124
12129
11520
11827
11975
12282
12436
12436
12589
12743
12743
12897
13050
13050
13204
13056
12902
12748
12902
12902
13056
13056
12446
12600
12748
12902
12902
13056
13056
13659
13659
13659
13659
13659
13664
13659
13659
13659
13812
13659
13659
13659
13659
13812
13659
13659
13659
13659
13659
13659
13659
13659
13659
13659
13659
13659
13659
13659
13659
13659
13659
13659
13659
13659
13659
13659
13659
13659
13659
13812
13659
13659
13659
13659
13659
13659
13664
13664
13664
13664
13659
13664
13664
13659
13659
13659
13659
13664
13664
13664
13664
13659
13659
13664
13659
13659
13659
13659
13659
13664
13664
13664
13659
13659
13659
13659
13659
13659
13659
13659
13659
13664
13664
13664
13659
13659
13659
13659
13659
13659
13659
13659
13659
13659
13659
13659
13659
13659
13659
13659
13659
13659
13659
13664
13664
13659
13659
13659
13659
13659
13659
13659
13659
13659
10629
10629
10629
10629
10629
10629
10629
10629
10629
10629
10629
10629
10475
10475
10475
10475
10321
10321
10321
10321
10321
10321
10321
10321
10321
10321
10321
10017
10171
10171
10167
10321
10321
10321
10321
10475
10475
10475
10475
10475
10321
9863
10013
10167
10167
10167
10321
10321
10321
10321
10475
10475
10475
10475
10475
10475
10475
10475
10475
10629
10629
10629
10629
10629
10629
10629
10629
10475
10475
10475
10475
10475
10629
10629
10629
10629
10629
10629
10629
10629
10629
10629
10629
10629
10629
10629
10629
10629
10629
10629
10629
10629
10629
10629
10629
10629
10629
10629
10629
10629
10629
10629
10629
10629
10629
10629
10629
10629
10629
10475
10629
10629
10629
10629
10629
10629
10629
10629
10629
10629
10629
10629
10629
10475
10629
10629
10629
10629
10629
10629
10629
10629
10629
10629
10629
10629
10629
10629
10629
10629
10629
10629
10629
10629
10629
10629
10629
10629
10629
10629
10629
10629
10629
10475
10475
10475
10475
10629
10629
10629
10629
10629
10629
10629
10629
10629
10629
10629
10475
10475
10475
10475
10475
10475
10629
10629
10629
10629
10629
10629
10629
10629
10629
10475
10475
10475
10475
10475
10475
10475
10629
10629
10629
10629
10629
10629
10629
10629
10629
10475
10475
10475
10475
10475
10629
10629
10629
10629
10629
10629
10629
10629
10629
10629
10629
10321
10475
10475
10475
10475
10475
10475
10475
10629
10629
10629
10629
10629
10629
10629
10629
10629
10475
10475
10475
10475
10475
10629
10629
10629
10629
10629
10629
10629
10629
10629
10629
10629
10475
10475
10475
10475
10475
10475
10475
10475
10629
10629
10629
10629
10629
10629
10629
10629
10629
10321
10321
10475
10475
10475
10475
10475
10629
10629
10629
10629
10629
10629
10629
10629
10629
10629
10475
10321
10475
10475
10475
10475
10475
10475
10475
10475
10629
10629
10629
10629
10629
10629
10629
10629
10919
10919
10919
10919
10919
10919
10919
10919
10919
10919
10919
10919
10765
10765
10919
10919
10919
10765
10765
10919
10919
10919
10919
10919
10765
10919
10919
10919
10919
10919
10919
10919
10919
10919
10919
10919
10765
10765
10919
10919
10919
10919
10765
10765
10765
10765
10919
10919
10919
10769
10765
10765
10765
10765
10765
10919
10765
10765
10765
10919
10919
10919
10765
10765
10919
10919
10919
10919
10919
10765
10765
10919
10919
10919
10919
10919
10765
10765
10765
10765
10919
10919
10919
10919
10765
10765
10919
10919
10919
10919
10919
10765
10765
10919
10919
10919
10919
10919
10765
10765
10765
10765
10919
10919
10919
10919
10765
10765
10919
10919
10919
10919
10919
10765
10765
10765
10765
10919
10919
10919
10919
10765
10765
10765
10765
10919
10919
10919
10919
10765
10765
10765
10919
10919
10919
10919
10919
