2305
2765
3534
4147
4761
5373
5834
6448
7062
7065
7216
7523
7676
7980
8134
8287
8440
8437
8590
8437
8590
8744
8897
9204
9515
9668
9212
8905
8901
8901
9054
9054
9051
9051
9204
9204
9204
9051
9204
9511
9668
9822
9979
9826
9672
9365
9212
9054
9054
9054
9054
9054
9054
9054
9054
9054
9054
9058
617
1542
2465
3389
4155
4923
5536
6149
6607
6761
7219
7833
8294
8601
9062
8912
8297
7990
8294
8448
8751
8905
9054
9054
9208
9208
9357
9357
9511
9511
9664
9660
9660
9814
9814
9971
10124
10436
10589
10593
10444
9527
8758
7993
8147
8297
8448
8601
8905
8905
9054
9208
9054
8901
9054
9208
9357
9357
9511
9511
9664
9822
772
1543
2622
3544
4467
5081
5846
6305
6459
6766
7225
7683
7987
8448
8598
8905
9054
9208
9361
9511
9664
9818
9971
9971
10124
10124
10282
10436
10589
10747
10743
10743
9979
9216
9216
9519
9672
9822
9975
10124
10124
10278
10278
10431
10427
10580
10580
10580
10734
10734
10734
10734
10734
10734
10734
10887
10887
10887
