2460
3229
4152
4765
5226
5685
6146
6604
6758
6604
6909
7216
7523
7830
8290
8751
8755
8140
8294
8444
8444
8598
8747
8747
8901
8901
9054
8598
8751
8751
8905
8901
8901
9054
9054
9054
9051
9051
9361
9668
9822
10133
10133
9523
8908
8601
8751
8751
8905
8901
8901
9054
9208
9515
9062
8905
8905
9058
9054
9054
9054
9054
9208
9208
9208
9208
9515
9668
9979
10133
10286
9826
9212
8448
8598
8598
8751
8751
8901
8901
9208
9519
9519
8908
8905
8905
9058
9058
9054
9054
9208
9208
9208
9208
8755
8755
8905
8905
8905
9054
9054
9054
9054
9054
9208
9204
9208
9515
9668
9979
9979
9979
9826
9826
9212
8444
8137
8290
8444
8594
8594
8747
9208
9365
9672
9216
8755
8751
8905
8905
8905
9054
9054
9054
9054
9208
9208
8908
8905
8905
9058
9054
9054
9054
9054
9208
9208
9204
9204
9051
8140
8140
8294
8444
8598
8598
8747
8747
8901
8901
8901
9051
8140
8290
8444
8598
8598
8747
8747
8901
8901
8901
9051
9051
9051
9208
9515
9668
9826
9826
9826
9672
9672
9519
9365
8751
8137
8290
8444
8440
8594
8747
9054
9365
9672
9826
9365
8905
8905
8905
9058
9054
9054
9054
9208
9208
9208
9208
9361
