2006
2623
4006
4929
5848
6615
6920
7686
8297
8912
9373
9834
9219
9523
9830
10133
10282
10589
10585
10891
11040
11194
11347
11347
11347
11496
11496
11649
11649
11802
11802
11802
11955
11950
11950
11950
12104
12104
12104
12104
12104
12104
12104
12104
12104
12104
12262
12415
12420
12114
11505
11505
11654
11654
11807
11807
11802
11802
11955
11955
11955
12109
12104
11950
12104
12104
12104
12104
12104
12104
12104
12104
12104
12104
12099
12099
12104
12104
12104
12257
12252
12252
12252
12257
12109
11654
11649
11802
11802
11955
11955
11950
11950
11950
12104
12104
12104
12104
12104
12104
12104
12104
12104
12104
12252
12252
12252
12104
12104
12104
12257
12257
12257
12257
12257
12104
12104
12257
12257
12257
12257
12415
11960
11807
11807
11807
11955
11955
11955
11955
12109
11955
11955
11955
12109
12104
12104
12104
12104
12436
12436
12589
12743
12891
12738
12891
12891
13045
13045
13045
13045
13198
13198
13198
13198
13198
13352
13352
13352
13198
13198
13352
13352
13352
13352
13352
13352
13352
13352
13352
13352
13352
13193
13034
13034
12880
12875
12875
12716
12716
12716
12563
12558
12558
12558
12558
12558
12558
12405
12405
12400
12400
12400
12400
12400
12400
12405
12405
12405
12405
12400
12400
12400
12400
12400
12400
12400
12400
12405
12563
12563
12716
12722
12875
11960
11807
11807
11955
11955
11955
12104
12104
12104
12104
12104
12252
12252
12252
12252
12252
12252
12252
12252
12252
12405
12400
12247
12247
12247
12247
12247
12400
12400
12247
12247
12247
12247
12247
12247
12247
12247
10133
10282
10585
10738
11040
11189
11189
11189
11036
11189
11337
11491
11644
11644
11792
11792
