2470
3086
4008
4777
5389
6002
6615
6766
7225
7686
7990
8294
8601
8751
9058
9208
9361
9515
9664
9818
9818
9971
10124
10278
10278
10427
10427
10427
10580
10580
10580
10734
10580
10734
10734
10734
10887
10887
10589
10436
10431
10585
10585
10585
10738
10278
10431
10431
10580
10580
10580
10734
10580
10580
10580
10734
10734
10734
10887
10734
10734
10734
10734
10734
10734
10887
10734
10734
10734
10887
10887
10887
10887
10734
10734
10734
10891
11045
11203
11049
10133
9676
9826
9979
10129
10129
10282
10436
10282
10431
10431
10585
10585
10585
10734
10734
10431
10580
10580
10734
10734
10734
10734
10734
10734
10734
10734
10734
10887
10887
10887
10734
10734
10734
10734
10887
10887
10887
10891
10436
10436
10436
10436
10585
10585
10585
10585
10580
10431
10580
10580
10580
10580
10734
10734
10734
10580
10580
10580
10580
10580
10734
10734
10734
9242
9705
10008
10312
10620
10774
10008
9092
9242
9705
10162
10466
10774
10774
9705
8938
9396
9854
10162
10466
10774
10620
9705
8784
9242
9705
10162
10312
10616
10765
10150
10146
10453
10602
10905
11054
11203
11356
11356
11352
11505
11654
11654
11807
11807
11807
11802
11955
11955
11955
12109
12104
11955
11955
11955
12109
12109
12109
12257
11955
11955
12109
12104
12104
12104
12104
12262
11505
11659
11654
11807
11807
11955
11955
11802
11649
11802
11955
11955
12109
12104
12104
12104
12104
12104
12257
12257
12257
12257
12257
12257
12257
12257
12257
12257
12257
12257
12257
12257
12257
12257
12257
12257
12257
12257
12257
12104
12262
12267
12420
12426
12420
12420
12420
11659
10593
10286
10436
10738
10891
11198
11347
11500
11654
11045
11194
11347
11500
11649
11649
11802
11955
11955
11955
11955
12104
12104
12104
12257
12257
12257
12257
12257
12257
12410
12410
12410
12410
12410
12410
12257
12257
12415
12420
12420
12574
12574
12574
11960
11049
