2005
2774
3851
4771
5538
6302
6914
7375
7680
8448
8908
9523
9984
9830
9523
9672
9826
9975
10282
10431
10431
10431
10427
10580
10580
10734
10882
10882
11036
10278
10431
10580
10734
10734
10887
11036
11036
11036
11036
11189
11184
11184
11184
11337
11337
11337
11649
11802
11960
12114
12114
11505
11198
11194
11194
11347
11347
11342
11342
11342
11342
11342
11342
11342
11342
11337
11649
11802
11198
11194
11194
11347
11342
11342
11342
11342
11342
11342
11342
11337
11337
11337
11337
11337
11337
10887
10887
11040
11036
11189
11189
11189
11189
11337
11184
11184
11184
11337
11337
11337
11337
11337
11496
10738
10887
10887
10887
11036
11036
11189
11189
11189
11189
11184
11184
11184
11337
11337
11337
11337
11337
11496
10738
10887
10887
11040
11036
11036
11189
11189
11189
11189
11184
11337
11337
11337
11337
11337
11337
11337
11644
11040
11040
11194
11189
11189
11189
11342
11342
11337
11337
11337
11337
11337
11337
11337
11491
11491
11491
11644
11496
11194
11194
11189
11342
11342
11342
11342
11337
11337
11337
