2006
2930
4008
4931
5853
6621
7083
6621
7080
7689
8147
8758
9062
9369
9672
9975
10282
10585
10738
10887
11040
11194
11342
11342
11496
11496
11649
11649
11802
11802
11950
11950
11950
11950
11950
11950
12104
12104
11950
12104
12109
12262
12420
12420
11812
11812
11807
11960
11960
11960
11960
11807
11955
11955
11955
11955
11955
11955
11955
11955
12109
12104
12104
12104
12104
12104
12104
12104
12104
12104
12104
11950
12104
12104
12104
12104
12104
12104
11802
11955
12114
12267
12267
12426
12420
11505
10593
10743
10891
11045
11194
11347
11500
11500
11500
11649
11649
11802
11802
11797
11950
11802
11797
11797
11950
11950
11950
12104
12104
11797
11950
11950
11950
11950
12104
12104
11950
11950
11950
12109
12262
12420
12420
12426
11356
11203
11356
11505
11505
11654
11654
11807
11807
11654
11649
11802
11802
11802
11955
11955
11955
