2003
2618
3849
4771
5541
6151
6610
7068
7526
7372
7372
7676
7983
8287
8747
9208
9668
9826
9216
9365
9515
9668
9664
9818
9971
9967
10120
10120
9668
9664
9818
9971
9967
10120
10120
10269
10269
10269
10116
10274
10580
10887
11198
11198
11198
11040
10278
9515
9511
9664
9818
9967
9967
10120
10427
10738
10589
9975
9971
10124
10124
10274
10274
10427
10427
10423
10423
10423
770
1849
2925
3848
4615
5228
5841
6453
6914
7219
7680
7987
7836
8140
8294
8598
8905
9054
9208
9357
9511
9511
9664
9664
9664
9660
9814
10120
10431
10738
10896
11049
10747
9988
9227
9535
9842
10299
10607
10914
11222
11068
10154
10611
10919
11073
11375
11529
11837
11683
11837
11990
12144
12293
12446
12446
12446
12293
12293
12446
12446
12600
12600
12600
12446
12446
12446
12600
12600
12600
12600
12600
12605
12605
12600
12600
12600
12600
12600
12600
12600
12600
12600
12605
12600
12600
12600
12600
12600
12600
12600
12600
12600
12600
12600
12600
12451
12451
12605
12605
12605
12600
12600
12600
12451
12451
12451
12605
12605
12605
12600
12600
12600
10629
10629
10629
10629
10629
10629
10629
10629
10629
10629
10629
10629
10475
10475
10475
10475
10475
10475
10629
10629
10629
10629
10629
10629
10629
10475
10475
10475
10475
10475
10475
10629
10629
10629
10629
10629
10629
10629
10475
10475
10475
10475
10475
10475
10475
10475
10475
10475
10629
10629
10629
10475
10475
10475
10475
10475
10475
10629
10629
10629
10629
10629
10629
10629
10475
10475
10475
10475
10475
10475
10629
10629
10629
10629
10629
10629
10629
10629
10475
10475
10475
10475
10475
10475
10475
10629
10629
10629
10629
10629
10629
10629
10475
10475
10475
10475
10475
10475
10475
10629
10629
10629
10629
10629
10629
10629
10321
10321
10475
10475
10475
10475
10475
10475
10475
10475
10629
10629
10629
10629
10629
10321
10475
10475
10475
10475
10475
10475
10475
10475
10475
10475
10629
10629
10629
10475
10321
10475
10475
10475
10475
10475
10475
10475
10629
10629
10629
10629
10629
10629
10475
10475
10475
10475
10475
10475
10475
10629
10629
10629
10629
10629
10629
10629
10629
10629
10475
10475
10475
10475
10475
10475
10475
10475
10629
10629
10629
10629
10629
10629
10629
10321
10475
10475
10475
10475
10475
10475
10629
10629
10629
10629
10629
10629
10629
10629
10629
10321
10475
10475
10475
10475
10475
10475
10629
10629
10629
10629
10629
10629
10629
10629
10629
10475
10475
10475
10475
10475
10475
10475
10475
10475
10475
10629
10629
10629
10629
10629
10629
10475
10321
10475
10475
10475
10475
10475
10475
10629
10629
10629
10629
10629
10629
10629
10629
10629
10475
10475
10475
10475
10475
10475
10475
10475
10475
10629
10629
10629
10629
10629
10629
10629
10629
10321
10475
10475
10475
10475
10475
10475
10475
10629
10629
10629
10629
10629
10629
10629
10629
10629
10321
10475
10475
10475
10475
10475
10475
10475
10475
10475
10629
10629
10629
10629
10629
10629
10629
10629
13516
13516
13516
13516
13670
13516
13516
13516
13516
13516
13516
13516
13516
13516
13516
13516
13516
13511
13511
13664
13511
13511
13511
13511
13511
13511
13511
13511
13511
13664
13511
13511
13511
13511
13511
13511
13511
13511
13511
13664
13664
13511
13511
13511
13511
13511
13511
13516
13516
13516
13516
13516
13516
13516
13516
13516
13516
13516
13516
13516
13516
13516
13516
13670
13516
13516
13516
13516
13516
13516
13516
13516
13516
13516
13516
13516
13516
13516
13516
13516
13516
13516
13670
13516
13516
13516
13516
13670
13670
13516
13516
13516
13516
13516
13670
13670
13516
13516
13516
13516
13516
13516
13516
13516
13516
13516
13516
13516
13670
13516
13516
13516
13516
13516
13516
13516
