1853
2315
3084
4006
4775
5541
5848
6000
6613
7071
7532
7990
8294
8448
8751
9058
9208
9515
9668
9515
9664
9818
9971
10124
10278
10124
10278
10431
10589
10743
10896
10440
9676
9826
9979
10129
10129
10282
10278
10278
10431
10431
10431
10580
10580
10580
10580
10734
10734
10734
10734
10734
10734
10734
10734
10734
10887
10887
10887
10734
10734
10734
10734
10734
10734
10734
10734
10734
10734
10734
10887
10891
11045
10440
9826
9979
10129
10282
10282
10431
10431
10278
10278
10431
10431
10580
10580
10580
10734
10734
10734
10734
10734
10734
10734
10734
10734
10734
10734
10734
10734
10734
10734
10734
10734
10734
10734
10734
10734
10734
10734
10734
10580
10738
10891
10896
11049
11049
11049
10440
9523
9369
9519
9826
9975
10129
10129
10278
10431
10278
10278
10431
10431
10580
10580
10734
10734
10734
10734
10734
10734
10734
10887
10887
10887
12144
12298
12446
12600
12600
11990
12298
12446
12446
12600
12446
12144
12293
12446
12600
12600
12144
12293
12446
12600
12600
12298
12144
12298
12446
12600
12600
11990
12144
12298
12446
12600
12600
12144
12298
12451
12600
12600
12600
12144
12298
12446
12600
12600
12600
12144
12298
12446
12600
12600
12600
12144
12293
12446
12600
12600
12754
11990
12298
12446
12600
12600
12754
11990
12144
12293
12446
12600
12600
12600
12144
12298
12446
12600
12600
12754
11990
12144
12298
12446
12600
12754
12754
12144
12298
12446
12600
12754
12754
12298
12144
12298
12451
12600
12754
12754
12144
12144
12298
12446
12600
12754
12754
12144
12144
12451
12446
12600
12754
12754
12144
12144
12298
12446
12600
12754
12754
12293
12144
12293
12446
12600
12754
12754
12754
