2311
3233
4001
4769
5382
5995
6607
7065
7523
7830
7983
8440
8901
9365
9826
9979
9975
9365
8751
8598
8905
9054
9208
9511
9511
9664
9814
10278
9822
9822
9971
10124
10124
10120
10274
10274
10274
10423
10423
10423
10729
10887
11198
11352
11505
11045
10133
9519
9672
9822
9822
9971
9971
10120
10120
10274
10427
9975
9971
9971
10124
10124
10124
10274
10274
10274
10427
10423
10269
10423
10580
10887
11040
11198
11352
11198
10589
9668
9361
9515
9664
9818
9818
9967
10120
10120
10274
10580
10129
10278
10278
10278
10427
10427
10427
10423
10423
10576
10576
10423
10576
10734
11040
11352
11505
11659
11510
10440
9527
8762
8455
8758
8908
9212
9365
9515
9668
9818
9818
9971
10278
9826
9975
9971
10124
10124
10274
10274
10274
10427
10423
10423
10423
10269
10423
10734
11040
11198
11352
11510
11510
10743
9826
9062
8294
8294
8598
8905
9054
9208
9357
9511
9818
10124
10436
10286
9979
9975
10129
10124
10278
10278
10274
10427
10427
10427
10423
10576
10269
10580
10887
11045
11352
11198
11194
11194
11040
11040
10427
9511
9664
9814
9814
9967
9967
10120
10427
10738
11045
11203
10589
10436
10431
10585
10585
10580
10580
10580
10580
10580
10576
10576
10576
9822
9971
9971
9971
9971
10124
10124
10120
10120
10274
10274
10269
10423
10423
13511
13516
13516
13516
13670
13516
13516
13670
13670
13670
13516
13511
13511
13516
13670
13516
13516
13511
13664
13664
13511
13511
13511
13511
13664
13511
13511
13511
13511
13511
13511
13511
13511
13511
13511
13511
13516
13516
13516
13516
13516
13516
13516
13516
13516
13516
13516
13516
13516
13516
13516
13670
13516
13516
13516
13516
13516
13516
13516
13516
13516
13516
13670
13670
13516
13516
13516
13516
13516
13516
13516
13516
13516
13516
13670
13670
13516
13516
13516
13516
13516
13516
13670
13516
13516
13516
13670
13670
13670
13516
13516
13516
13516
13516
13670
13670
13516
13516
13516
13670
13670
13670
13516
13516
13516
13670
13670
13670
13670
13516
13516
13516
13516
13516
13670
13670
10475
10475
10475
10475
10475
10475
10475
10629
10629
10629
10629
10629
10475
10475
10475
10475
10475
10475
10629
10629
10629
10629
10629
10629
10629
10475
10475
10475
10475
10475
10475
10629
10629
10629
10629
10629
10629
10629
10475
10475
10475
10475
10475
10475
10475
10475
10629
10629
10629
10629
10629
10475
10475
10475
10475
10475
10475
10475
10475
10629
10629
10629
10629
10629
10475
10475
10475
10475
10475
10475
10475
10629
10629
10629
10629
10629
10629
10629
10475
10475
10475
10475
10475
10475
10629
10629
10629
10629
10629
10629
10629
10629
10321
10475
10475
10475
10475
10475
10475
10475
10629
10629
10629
10629
10629
10629
10475
10475
10475
10475
10475
10475
10629
10629
10629
10629
10629
10629
10629
10629
10629
10321
10475
10475
10475
10475
10475
10475
10475
10629
10629
10629
10629
10629
10629
10475
10475
10475
10475
10475
10475
10475
10475
10629
10629
10629
10629
10629
10629
10629
10475
10475
10475
10475
10475
10475
10475
10629
10629
10629
10629
10629
10629
10629
10629
10629
10475
10475
10475
10475
10475
10475
10475
10475
10475
10629
10629
10629
10629
10629
10629
10321
10321
10475
10475
10475
10475
10475
10475
10629
10629
10629
10629
10629
10629
10629
10629
10321
10475
10475
10475
10475
10475
10475
10629
10629
10629
10629
10629
10629
10629
10629
10629
10321
10475
10475
10475
10475
10475
10475
10475
10629
10629
10629
10629
10629
10629
10629
10629
10629
10475
10475
10475
10475
10475
10475
10629
10629
10629
10629
10629
10629
10629
10629
10629
10629
10475
10475
10475
10475
10475
10475
10475
10475
10629
10629
10629
10629
10629
10629
10629
10629
10629
10321
10321
10475
10475
10475
10475
10475
10475
10475
10475
10475
10475
10629
10629
10629
10629
10629
10321
10475
10475
10475
10475
10475
10475
10475
10629
10629
10629
10629
10629
10629
10629
10629
10629
10629
