2614
3228
3843
4609
5068
5529
5987
6448
6755
7059
7059
7676
8137
8598
8905
8905
8444
7676
7983
8137
8287
8440
8440
8747
9054
8905
8755
8751
8751
8905
8901
8901
9054
9054
9051
9051
9051
9361
9668
9822
10133
10286
9519
8751
8598
8751
8747
8901
8901
8901
9054
9361
9519
9212
9212
9212
9208
9208
9208
9208
9204
9204
9204
9204
9357
9668
9822
10129
10282
10129
9975
9361
8747
8747
8747
8901
8901
9051
9051
9361
9668
9519
9058
9058
9058
9058
9054
9208
9208
9208
9208
9204
9204
8755
8751
8751
8905
8905
9054
9054
9054
9054
9051
9204
9204
9204
9515
9822
9975
10133
10133
9979
9672
9058
8290
8290
8440
8440
8594
8594
8747
9208
9515
9672
9212
9212
9212
9208
9208
9208
9208
9208
9204
9204
9357
9357
8751
8751
8905
8901
8901
9054
9054
9051
9051
9204
9204
9204
9204
9357
9668
9975
10129
10133
10286
10137
9369
8601
7833
7680
7833
7983
8137
8290
8440
8751
9212
9519
9523
8908
8755
8751
8905
8905
8905
9054
9054
9054
9054
9208
9204
9515
465
1549
2477
3557
4482
5407
6174
6789
6635
7095
7708
8167
8626
8934
9393
9543
10629
10629
10629
10629
10629
10629
10629
10629
10629
10629
10629
10629
10475
10475
10475
10475
10629
10629
10629
10629
10629
10629
10629
10629
10629
10475
10475
10475
10475
10475
10475
10475
10475
10629
10629
10629
10629
10629
10475
10475
10475
10475
10475
10475
10475
10475
10629
10629
10629
10629
10629
10475
10475
10475
10475
10475
10475
10475
10629
10629
10629
10629
10629
10629
10475
10475
10475
10475
10475
10475
10475
10475
10629
10629
10629
10629
10629
10629
10475
10475
10475
10475
10475
10475
10475
10629
10629
10629
10629
10629
10629
10629
10321
10321
10475
10475
10475
10475
10475
10475
10475
10475
10475
10629
10629
10629
10321
10475
10475
10475
10475
10475
10475
10475
10629
10629
10629
10629
10629
10629
10629
10475
10475
10475
10475
10475
10475
10475
10629
10629
10629
10629
10629
10629
10629
10475
10475
10475
10475
10475
10475
10475
10629
10629
10629
10629
10629
10629
10629
10629
10321
10475
10475
10475
10475
10475
10475
10475
10475
10629
10629
10629
10629
10629
10629
10629
10475
10475
10475
10475
10475
10475
10475
10629
10629
10629
10629
10629
10629
10629
10629
10321
10321
10321
10475
10475
10475
10475
10475
10475
10475
10475
10629
10629
10629
10629
10629
10321
10475
10475
10475
10475
10475
10475
10475
10475
10629
10629
10629
10629
10629
10629
10629
10321
10475
10475
10475
10475
10475
10475
10475
10629
10629
10629
10629
10629
10629
10629
10629
10475
10475
10475
10475
10475
10475
10475
10475
10629
10629
10629
10629
10629
10629
10629
10629
10629
10321
10475
10475
10475
10475
10475
10475
10629
10629
10629
10629
10629
10629
10629
10629
10629
10629
10321
10475
10475
10475
10475
10475
10475
10475
10475
10475
10629
10629
10629
10629
10629
10629
10629
10321
10321
10475
10475
10475
10475
10475
10475
10629
10629
10629
10629
10629
10629
10629
10629
10629
10629
12600
12600
12600
12600
12754
12754
12600
12600
12600
12600
12600
12600
12446
12446
12600
12600
12600
12600
12600
12600
12600
12600
12600
12600
12600
12600
12600
12600
12600
12600
12600
12446
12600
12600
12600
12600
12754
12754
12600
12600
12600
12600
12600
12600
12600
12446
12600
12600
12600
12754
12754
12600
12754
12754
12754
12754
12754
12754
12605
12605
12600
12600
12600
12600
12600
12451
12600
12600
12600
12754
12754
12754
12754
12754
12754
12754
12754
12754
12600
12600
12451
12451
12451
12605
12605
12600
12600
12451
12451
12451
12600
12600
12605
12754
12754
12605
12605
12600
12600
12600
12600
12600
12600
12605
12600
12600
12600
12754
12754
12754
12451
12446
12600
12600
12605
12605
12600
12600
12605
12451
12605
12600
12600
12600
12600
12600
12605
12605
12605
12600
12600
12600
12600
12600
12600
12451
12451
12451
12605
12605
12600
12600
12600
12451
