8332
8486
8641
8945
9100
9254
9404
9404
9558
9713
9713
9867
9863
9558
8945
8332
7872
7258
6797
6949
7409
7718
8023
8332
8641
8791
8945
9100
9250
9404
9558
9558
9096
8637
8023
7409
6949
6488
6949
7409
7718
8023
8332
8483
8791
8942
9096
9250
9404
9558
9404
9096
8637
8178
7564
7103
7564
7872
8178
8332
8637
8791
8945
9254
9250
9404
9558
9713
9713
9250
8791
8178
7564
7103
6640
6795
7258
7564
7869
8178
8486
8637
8945
9100
9254
9404
9404
9558
9713
9404
8945
8178
7718
7869
8178
8328
8637
8791
8942
9250
9404
9404
9554
9709
9709
9863
9863
9709
9096
8945
9096
9250
9404
9558
9558
9713
9867
9863
9863
10017
10017
10017
10017
9863
9404
8945
8332
7564
7103
7103
7564
7872
8178
8486
8637
8791
8945
9254
9404
9404
9558
9713
9713
9558
9404
8791
8023
7564
6949
6488
6179
6643
7103
7564
7872
8178
8332
8637
8791
8945
9100
9250
9404
9558
9713
9558
9100
8486
7872
7412
6795
6488
6643
7103
7564
7872
8178
8332
8637
8791
8945
9100
9250
9404
9558
9713
9713
9404
9100
8637
8023
7718
8023
8332
8641
8791
8945
9100
9250
9404
9558
9558
9713
9713
9863
9863
9713
9404
8945
8332
7564
7103
6640
6334
6795
7100
7564
7869
8178
8483
8637
8945
9096
9250
9404
9404
9558
9713
9713
9558
9100
8637
8178
7564
6949
7103
7409
7872
8178
8332
8637
8791
8945
9100
9250
9404
9558
9558
9713
9713
9867
9713
9250
8641
7872
7409
6949
7103
7564
7869
8178
8486
8637
8791
9096
9250
9404
9558
9554
9709
9863
9863
9863
9709
9096
8483
8023
8332
8483
8791
8945
9096
9250
9404
9558
9558
9713
9713
9863
9863
10017
10017
10017
10017
9558
8945
8178
7564
7409
7718
8023
8332
8637
8791
8945
9100
9250
9404
9558
9558
9713
9867
9863
9863
9863
9713
9404
8791
8332
8178
8486
8637
8791
8945
9096
9250
9404
9558
9558
9709
9863
9863
9863
10017
10017
10017
9863
9554
9250
8945
9096
9250
9404
9558
9558
9713
9709
9863
9863
10017
10017
10017
10017
10171
10171
10171
10171
9863
9558
8945
8332
8178
8483
8791
8945
9096
9250
9404
9404
9558
9709
9709
9863
9863
9863
10017
10017
10017
9863
9554
8942
8167
7551
6780
6315
6007
5853
6159
6615
7074
7532
7836
8140
8448
8751
8908
9219
9373
9523
9672
9826
9822
9975
9971
9664
