1853
2623
3700
4469
5235
5848
6461
6613
7071
7532
7836
8294
8601
8601
8905
9058
9361
9672
9826
9523
9369
9519
9672
9826
9975
10129
9975
10129
10278
10278
10431
10431
10431
10431
10585
10580
10580
10734
10734
10580
10734
10734
10734
10734
10734
10734
10734
10734
10887
10887
10882
10882
10734
10729
10887
10887
11045
11049
10743
9979
10133
10129
10282
10436
10431
10431
10278
10278
10431
10431
10585
10580
10580
10427
10580
10580
10580
10734
10734
10734
10734
10734
10734
10734
10734
10887
10887
10887
10734
10734
10734
10734
10887
10887
10887
10738
10589
10585
10585
10738
10738
10738
10734
10585
10580
10734
10734
10734
10734
10734
10887
10734
10734
10734
10734
10887
10882
10882
10882
10734
10734
10734
10734
10887
10887
10887
10887
10734
10734
10734
10887
10887
10887
11045
10896
10133
10286
10282
10436
10431
10585
10585
10585
10585
