2005
2619
3389
4003
4771
5382
5995
6456
6613
6764
7222
7526
7833
8137
8290
8594
8440
8747
8901
9051
9051
9204
9357
9353
9353
9507
9507
9660
9660
9971
10124
775
1858
2940
3865
4634
5405
6020
6326
6940
7400
7859
8322
8626
8931
9085
9393
9543
9696
9850
9850
9850
10000
10154
10308
10308
10462
10308
10308
10462
10462
10616
10616
10616
10616
10616
10611
10765
10765
10765
10611
10611
10765
10765
10765
10765
10765
10765
10765
10765
10765
10765
10765
10765
10769
10765
10765
10765
10765
10919
10919
10919
10765
10765
10765
10765
10919
10919
10919
10765
10765
10765
10765
10765
10765
10919
10765
10765
10765
10765
10765
10919
10919
10919
10765
10765
10765
10765
10765
10919
10919
10765
10765
10765
10765
10765
10765
10765
10765
10765
10765
10765
10765
10919
10919
10919
10919
10765
10765
10765
10765
10765
10919
10919
10919
13659
13659
13659
13664
13659
13664
13659
13659
13659
13659
13659
13659
13659
13659
13659
13664
13664
13659
13659
13659
13659
13659
13659
13659
13659
13664
13664
13664
13659
13659
13659
13659
13659
13659
13659
13812
13659
13812
13812
13812
13812
13659
13659
13659
13659
13659
13659
13664
13664
13664
13664
13664
13659
13664
13664
13664
13659
13659
13664
13664
13664
13664
13664
13812
13659
13659
13659
13659
13659
13659
13659
13664
13659
13659
13659
13659
13659
13659
13659
13659
13659
13659
13659
13659
13659
13659
13659
13659
13659
13659
13659
13659
13659
13659
13659
13659
13659
13659
13659
13659
13659
13659
13659
13659
13659
13659
13659
13659
13659
13659
13659
13659
13659
13357
13050
12897
10629
10629
10629
10629
10629
10629
10629
10629
10629
10629
10629
10629
10475
10475
10475
10475
10475
10629
10629
10629
10629
10629
10629
10629
10629
10475
10475
10475
10475
10475
10629
10629
10629
10629
10629
10629
10629
10629
10475
10475
10475
10475
10475
10475
10475
10629
10629
10629
10629
10629
10629
10475
10475
10475
10475
10475
10475
10475
10475
10475
10629
10629
10629
10629
10321
10321
10321
10321
10475
10475
10475
10475
10475
10629
10629
10629
10629
10629
10475
10475
10475
10475
10475
10629
10629
10629
10629
10629
10629
10629
10629
10629
10475
10475
10475
10475
10475
10475
10629
10629
10629
10629
10629
10629
10629
10629
10475
10475
10475
10475
10475
10475
10475
10629
10629
10629
10629
10629
10629
10629
10629
10475
10475
10475
10475
10475
10475
10475
10629
10629
10629
10629
10629
10629
10629
10475
10475
10475
10475
10475
10475
10475
10475
10475
10475
10475
10475
10629
10629
10629
10475
10321
10475
10475
10475
10475
10475
10475
10475
10475
10629
10629
10629
10629
10629
10629
10475
10475
10475
10475
10475
10475
10629
10629
10629
10629
10629
10629
10629
10629
10629
10321
10475
10475
10475
10475
10475
10475
10629
10629
10629
10629
10629
10629
10629
10629
10629
10321
10475
10475
10475
10475
10475
10475
10475
10629
10629
10629
10629
10629
10629
10629
10629
10321
10475
10475
10475
10475
10475
10475
10629
10629
10629
10629
10629
10629
10629
10629
10629
10629
10321
10475
10475
10475
10475
10475
10475
10475
10475
10475
10629
10629
10629
10629
10629
10629
10321
10321
10475
10475
10475
10475
10475
10475
10629
10629
10629
10629
10629
10629
10629
10629
10629
10321
10475
10475
10475
10475
10475
10475
10475
10629
10629
10629
10629
10629
10629
10629
10629
10629
10321
10475
10475
10475
10475
10475
10475
10475
10629
10629
10629
10629
10629
10629
10629
10629
10629
10629
