8444
8747
8901
9204
9357
9511
9507
9660
9814
9967
9963
10120
10278
9668
9664
9818
9818
9967
9967
10120
10120
10120
10274
10274
10431
10431
10129
9515
9668
9818
9818
9971
10120
10120
10120
10274
10274
10278
10436
10436
10129
9208
9361
9515
9664
9664
9818
9967
9967
10120
10124
10282
10282
10436
10436
9668
9208
9357
9511
9664
9664
9814
9967
9971
10129
10282
10282
10282
10431
10278
9511
9204
9357
9511
9507
9664
9822
9975
10133
10129
10282
10282
10278
10278
10278
9511
9051
9357
9511
9664
9822
9979
9979
10129
10129
10124
10278
10278
10278
10274
9967
9051
9204
9361
9515
9672
9830
9834
9992
9992
10150
10150
10308
10308
10308
10312
9700
8784
8017
925
2003
3079
3848
4769
5380
5992
6604
7065
7523
7830
8137
8448
8755
9062
8601
7987
8290
8598
8747
9054
9204
9357
9507
9664
9822
9975
9975
10124
10124
10120
9818
9204
9357
9511
9660
9814
9967
9971
10129
10133
10282
10282
10278
10431
10431
10427
10124
9208
9357
9511
9664
9818
9822
9979
10133
10133
10282
10282
10278
10278
10427
10427
10427
9818
9051
9361
9515
9672
9826
9826
9975
9975
10124
10124
10274
10274
10274
10274
10427
10423
9971
9668
9818
9818
9967
9967
10120
10120
10274
10269
10269
10423
10423
10427
10431
10589
10589
9822
9212
9361
9515
9664
9818
9971
9967
10120
10120
10120
10278
10282
10440
10436
10436
10431
10124
9361
9361
9511
9664
9664
9814
9967
9967
10124
10282
10286
10291
10295
10295
10453
10453
10457
10154
9393
9239
9393
9547
9700
9854
9854
10008
10008
10162
10162
10316
10316
10316
10316
10470
10475
10167
10167
10167
10167
10167
10321
10321
10321
10321
10475
10475
10475
10475
10475
10475
10475
10475
10475
9863
9863
10017
10171
10171
10171
10321
10321
10321
10321
10475
10475
10475
10475
10475
10475
10629
10475
10475
10475
10475
10475
10475
10629
10629
10629
10629
10629
10629
10629
10629
10629
10629
10629
10475
13056
13056
13056
13056
13056
12907
12907
12907
12907
12907
12754
12600
12600
12754
12754
12754
12446
12600
12754
12754
12907
12902
13056
13056
13209
13209
13209
13209
13209
13363
13363
13363
13363
13363
13363
13516
13516
13363
13363
13363
13516
13516
13516
13516
13516
13516
13516
13516
13516
13516
13516
13516
13516
13516
13516
13516
13516
13516
13516
13516
13516
13516
13516
13516
13516
13516
13516
13516
13516
13516
13516
13516
13516
13516
13516
13516
13516
13516
13516
13516
13516
13516
13516
13516
13516
13516
13516
13516
13516
13516
13516
13516
13516
13516
13516
13516
13516
13516
13516
13516
13516
13516
13511
13516
13516
13511
13511
13511
13511
13516
13516
13516
13511
13511
13511
13511
13511
12605
12600
12600
12600
12600
12600
12451
12451
12451
12451
12605
12605
12451
12451
12451
12605
12605
12600
12451
12451
12451
12451
12605
12605
12605
12451
12451
12605
12605
12600
12600
12451
12451
12605
12605
12605
12605
12600
12451
12451
12600
12600
12600
12600
12600
12451
12446
12600
12600
12600
12600
12600
12446
12446
12446
12600
12600
12600
12600
12446
12446
12446
12600
12600
12600
12600
12446
12446
12600
12600
12600
12600
12600
12446
12446
12446
12446
12600
12600
12600
12600
12451
12451
12451
12600
12600
12600
12600
12451
12451
12451
12605
12605
12605
12600
12600
12451
12451
12451
12451
12605
12605
12605
12605
12451
12605
12605
12600
12600
12600
12600
12605
12451
12451
12605
12605
12605
12600
12600
12600
12451
12451
12451
12605
12605
12605
12605
12600
12451
12451
12451
12605
12600
12605
12605
12605
12451
12451
12605
12605
12605
12600
12600
12600
12600
