7523
7520
7980
8287
8437
8744
9054
9212
9365
9519
9672
9822
9822
9361
8747
8287
8440
8747
8901
9212
9369
9523
9676
9826
9826
9975
9975
10124
9357
8594
7830
7833
8137
8444
8594
8747
8897
9051
9204
9200
9353
9511
9515
9672
9826
9822
9822
9515
9357
9511
9664
9664
9814
9814
9971
10129
10133
10286
10282
10282
10431
9818
9054
9204
9357
9511
9660
9818
9975
9979
10129
10129
10282
10278
10278
10278
9664
9051
9204
9357
9511
9668
9826
9975
9975
10129
10124
10124
10278
10278
10274
9971
9204
9511
9668
9672
9830
9984
9984
10133
10133
10129
10282
10282
10278
10431
9971
9051
8444
465
1085
2014
3096
4023
4793
5564
6025
6640
7100
7564
7869
8178
8483
8791
8483
8483
8637
8942
9096
9250
9400
9554
9709
9863
9863
10017
10013
10167
10167
10013
10167
10167
10167
10321
10321
10321
10475
10475
10475
10475
10475
10475
10475
10475
10321
10321
10321
10475
10475
10475
10475
10321
10321
10321
10321
10321
10321
10321
10321
10321
10167
9709
9554
9709
9863
9863
10017
10013
10167
10167
10167
10321
10321
10321
10321
10475
10475
10167
10321
10321
10321
10321
10475
10475
10475
10475
10475
10475
10475
10475
10475
10629
10629
10321
10475
10475
10475
10475
10475
10475
10475
10629
10629
10629
10629
10629
10629
10629
10475
10475
10475
10475
10475
10475
10475
10475
10629
10629
10629
10629
10629
10629
10629
10629
10629
10475
10475
10475
10475
10475
10475
10475
10629
10629
10629
10629
10629
10629
10629
10629
10629
10321
10475
10475
10475
10475
10475
10475
10475
10475
10629
10629
10629
10629
10629
10629
10629
10475
10321
10321
10321
10321
10475
10475
10475
10475
10475
10475
10475
10475
10475
10629
10629
10629
10475
10321
10475
10475
10475
10475
10475
10475
10475
10475
10629
10629
10629
10629
10629
10629
10629
10629
10475
10475
10475
10475
10475
10475
10629
10629
10629
10629
10629
10629
10629
10629
10629
10629
10629
12600
12600
12754
12754
12754
12754
12600
12600
12600
12600
12600
12600
12451
12605
12600
12600
12600
12600
12451
12451
12451
12605
12605
12605
12605
12451
12605
12605
12600
12600
12600
12451
12451
12451
12605
12605
12605
12600
12451
12451
12451
12446
12446
12600
12605
12451
12451
12451
12605
12605
12600
12600
12451
12451
12451
12605
12605
12605
12605
12451
12451
12605
12605
12600
12600
12600
12451
12451
12605
12605
12605
12600
12600
12451
12451
12451
12451
12605
12605
12605
12605
12451
12451
12605
12605
12600
12600
12600
12451
12451
12605
12605
12605
12600
12600
12600
12451
12446
12446
12446
12600
12600
12600
12600
12446
12446
12600
12600
12600
12600
12600
12600
12446
12446
12600
12600
12600
12600
12600
12600
12446
12446
12446
12600
12600
12600
12600
12600
12451
12451
12446
12446
12446
12605
12605
12605
12298
12451
12451
12451
12451
12451
12446
12600
12600
