2161
3086
4008
5083
5848
6615
7228
7686
8297
8755
9212
9672
9822
10129
10431
10734
10887
11040
11189
11342
11496
11649
11649
11802
11802
11950
11950
12104
12104
12104
12104
12257
12257
12257
12257
12410
11807
11807
11960
11955
11955
12109
12109
11955
12109
12104
12104
12257
12257
12257
12257
12257
12257
12410
12410
12410
12257
12410
12410
12410
12410
12410
12410
12410
12410
12410
12410
12410
12410
12410
12410
12410
12410
12568
12568
12574
11965
12114
12114
12267
12262
12262
12262
12109
12262
12262
12262
12257
12410
12410
12257
12410
12410
12410
12410
12410
12410
12410
12410
12410
12410
12410
12410
12410
12563
12410
12410
12410
12405
12405
12410
12257
12257
11654
11654
11807
11649
11802
11802
11649
11649
11496
11194
11194
11342
11496
11649
11649
11802
11797
11342
11496
11649
11802
11797
11950
11950
12104
8938
9396
9854
10162
10466
10774
10008
9092
8938
9396
9705
10008
10312
10466
9700
8938
8938
9396
9854
10162
10620
10769
10008
9092
9092
9550
10008
10312
10620
10923
10162
9242
9242
9700
10162
10466
10774
11077
10312
9396
9242
9705
10162
10466
10774
11077
10620
9705
9092
9550
10008
10316
10620
10928
11077
10162
9246
9092
9550
10008
10316
10620
10774
11077
10008
9246
9246
9705
10008
10316
10620
10928
11077
10008
9246
9092
9550
10008
10316
10620
10774
11077
10316
9396
9092
9550
10008
10316
10620
10928
11231
10466
9550
8938
9396
9854
10162
10466
10774
11077
10774
9859
8938
9092
9550
9854
10316
10620
10928
11077
10316
9396
8938
9396
9854
10162
10466
10774
11077
10923
10008
9092
9242
9705
10162
10466
10774
11077
11231
10774
9854
8938
9242
9705
10162
10466
10774
11077
11231
10774
9700
8938
9092
9550
9854
10312
10620
10923
11077
11077
10008
9092
8630
8938
9242
9705
10162
10466
10774
10923
10466
9550
8784
9092
9396
9700
10008
10316
10620
10774
10312
9705
9092
8325
8938
9396
9854
10162
10620
10928
11077
10774
9859
8938
