1852
2623
3854
4775
5695
6618
7077
7385
7993
8605
9062
9365
9519
9975
10282
10585
10738
11040
11040
11194
11342
11496
11649
11649
11649
11802
11802
11797
11797
11950
11649
11496
11496
11496
11496
11496
11342
11342
11189
11189
11347
11347
11352
11356
11356
11049
10743
10896
11045
11352
11500
11500
11654
11802
11802
11955
11955
12109
12104
12104
12104
12257
12257
12257
12257
12257
12257
12257
12257
12257
12410
12410
12410
12410
12405
12405
12405
12405
12405
10743
10896
11045
11198
11347
11500
11649
11500
11649
11802
11802
11955
11950
12104
12104
12104
12104
12257
12257
12257
12257
12257
12410
12410
12405
12405
12405
12405
12405
12410
12410
12410
12410
12410
12410
12563
12262
11960
11955
12109
12109
12262
12262
12257
12257
12257
12257
12257
12257
12257
12410
12410
12257
12410
12410
12410
12405
12405
12405
12405
8322
8780
9085
9239
9393
9543
8780
8322
8626
9088
9239
9547
9696
8780
8322
8626
8934
9239
9393
9700
9088
8322
8626
8934
9085
9393
9543
9393
8626
8322
8780
9085
9239
9543
9696
9085
8322
8626
8931
9085
9393
9547
9696
8780
8167
8626
8934
9239
9393
9543
9547
8626
8322
8780
8934
9239
9393
9547
9547
8626
8322
8626
8934
9239
9547
9700
9700
8780
8322
8626
8934
9239
9393
9547
9850
8934
8167
8476
8780
9088
9239
9547
9696
9393
8476
8322
8626
8934
9088
9393
9547
9696
9088
8322
8476
8780
9088
9239
9547
9696
9696
8934
8167
8630
8934
9088
9393
9547
9696
9547
8780
8167
8630
8934
9088
9393
9547
9696
9547
8780
8167
8476
8934
9085
9393
9547
9696
9696
8780
8167
8476
8780
9088
9239
9547
9696
9850
9085
8322
8167
8626
8780
9088
9239
9547
9696
9696
8780
8013
8322
8780
8931
9239
9393
9696
9850
9393
8476
8167
8476
8780
9088
9239
9547
9696
9850
9239
8476
