1860
2787
3868
4793
5716
6637
7097
7866
8479
9092
9705
10008
10466
10769
11231
11534
11688
11837
12144
12298
12446
12446
12600
12754
12754
12907
12907
13056
13056
13209
13209
13209
13209
13209
13363
13363
13363
13363
13363
13363
13363
13363
13363
13363
13357
13363
13516
13516
13363
13516
13516
13516
13516
13516
13363
13363
13363
13363
13516
13516
13516
13516
13516
13516
13516
13516
13516
13516
13516
13516
13516
13516
13516
13516
13516
13516
13516
13516
13363
13516
13516
13516
13516
13516
13516
13516
13516
13516
13516
13516
13363
13363
13516
13516
13516
13516
13516
13516
13516
13516
13516
13516
13516
13516
13516
13516
13516
13516
13511
13511
13511
13511
13511
13511
13511
13511
13664
10475
10475
10475
10475
10629
10629
10629
10629
10629
10629
10629
10629
10629
10629
10629
10629
10629
10629
10629
10629
10629
10629
10629
10629
10629
10475
10475
10629
10629
10629
10629
10629
10629
10629
10629
10629
10629
10629
10629
10629
10629
10629
10629
10629
10629
10629
10629
10629
10629
10629
10629
10475
10629
10629
10629
10629
10629
10629
10629
10629
10629
10629
10629
10629
10475
10475
10475
10475
10475
10629
10629
10629
10629
10629
10629
10629
10629
10629
10629
10629
10629
10629
10629
10629
10629
10629
10629
10629
10629
10629
10629
10629
10475
10629
10629
10629
10629
10629
10629
10629
10629
10629
10629
10629
10629
10629
10475
10475
10475
10475
10475
10475
10475
10475
10475
10475
10629
10629
10629
10629
10321
10321
10475
10475
10475
10475
10475
10475
10475
10629
10629
10629
10629
10629
10629
10321
10475
10475
10475
10475
10475
10475
10475
10475
10629
10629
10629
10629
10629
10629
10321
10475
10475
10475
10475
10475
10475
10475
10475
10629
10629
10629
10629
10629
10629
10321
10475
10475
10475
10475
10475
10475
10475
10629
10629
10629
10629
10629
10629
10629
10629
10321
10475
10475
10475
10475
10475
10475
10475
10629
10629
10629
10629
10629
10629
10629
10629
10321
10321
10475
10475
10475
10475
10475
10475
10475
10475
10629
10629
10629
10629
10629
10629
10321
10321
10475
10475
10475
10475
10475
10475
10475
10475
10475
10475
10629
10629
10629
10629
10321
10475
10475
10475
10475
10475
10475
10475
10475
10475
10629
10629
10629
10629
10629
10629
10629
10321
10321
10321
10475
10475
10475
10475
10475
10475
10475
10475
10475
10629
10629
10629
10629
10629
10321
10321
10475
10475
10475
10475
10475
10475
10475
10475
10629
10629
10629
10629
10629
10629
10629
10321
10321
10475
10475
10475
10475
10475
10475
10475
10475
10475
10475
10475
10629
10629
10629
10629
10475
12600
12600
12446
12446
12446
12446
12298
11841
11837
11990
11990
11990
11990
11990
11534
11534
11688
11841
11990
12144
11990
11380
11534
11688
11837
11990
12144
12144
12144
12298
12298
12451
12446
12600
12446
12446
12600
12600
12600
12600
12446
12605
12600
12600
12600
12600
12600
12451
12446
12600
12600
12600
12605
12600
12451
12451
12605
12600
12600
12600
12600
12451
12451
12605
12605
12605
12605
12600
12451
12451
12605
12600
12600
12600
12605
12451
12451
12451
12605
12605
12600
12600
12600
12451
12451
12451
12605
12605
12605
12605
12451
12451
12451
12600
12600
12605
12605
12605
12451
12451
12605
12605
12600
12600
12600
12600
12451
12451
12451
12446
12600
12600
12600
12600
12446
12446
12446
12446
12600
12600
12600
12600
12446
12446
12446
12600
12600
12600
12600
12600
12451
12451
12600
12600
12600
12600
12600
12600
12451
12451
12451
12451
12605
12605
12600
12600
12600
11683
11837
11837
11837
11837
11683
11683
11837
11837
11837
11683
11837
11837
11837
11837
11837
11837
11837
11837
11837
11837
11837
11837
11837
11837
11837
11837
11837
11837
11837
11837
11837
11837
11837
11837
11837
11832
11837
11837
11832
11832
11832
11832
11837
11837
11832
11832
11832
11832
11832
11832
11832
11832
11837
11837
11837
11837
11837
11837
11837
11837
11837
11837
11837
11837
11837
11837
11837
11837
11837
11837
11837
11837
11837
11837
11837
11837
11837
11837
11837
11837
11837
11837
11837
11837
11837
11837
11837
11837
11837
11837
11837
11837
11837
11837
11837
11837
11837
11837
11837
11837
11837
11837
11837
11837
11837
11837
11837
11837
11837
11837
11837
11837
11837
11837
11837
11837
11837
11837
