2313
3083
3851
4465
5079
5692
6151
6610
6914
7068
7526
7833
7983
8290
8440
8747
8747
8897
9051
9204
9357
9664
9822
9062
463
1389
2467
3391
4313
5081
5541
5387
6000
6613
7071
7529
7987
8294
8598
8905
9212
9523
9676
9984
9373
8762
8912
9216
9369
9519
9672
9822
9519
9668
9822
9975
10129
10278
10278
10278
10431
10431
10580
10580
10580
10580
10580
10580
10734
10734
10734
10734
10734
10734
10734
10734
10734
10887
10887
10734
10887
11045
11045
11203
11203
11203
10440
9527
9369
9523
9672
9826
9975
10129
10129
9822
9975
9971
10124
10278
10278
10427
10427
10427
10580
10580
10580
10734
10734
10734
10734
10734
10734
10734
10887
10887
10882
10882
10734
10734
10887
10887
10887
10887
11045
10743
10436
10436
10589
10585
10585
10585
10738
10738
10585
10738
10734
10734
10734
10734
10887
10887
10734
10734
10887
10887
10887
10887
10887
10887
