2007
2777
3701
4469
5083
5848
6308
6613
7228
7532
7990
8294
8601
8751
8905
9058
9361
9515
9668
9818
9664
9818
9971
9971
10124
10278
10124
10278
10278
10274
10427
10427
10427
10427
10585
10738
10589
10743
10747
10133
9369
9369
9523
9672
9822
9975
10129
9975
10124
10278
10431
10431
10431
10580
10427
10580
10580
10734
10734
10734
10734
10734
10734
10734
10734
10882
10882
10882
10882
10882
10882
10882
10882
10882
10882
10882
10882
10882
10887
11040
11198
10896
10133
10286
10282
10436
10436
10585
10585
10585
10585
10585
10585
10738
10734
10734
10734
10734
10734
10887
10887
10887
10887
10887
10887
10887
10887
10887
10887
10887
10887
10887
10734
10887
10887
10887
10887
10887
10887
10887
10734
10887
10887
11045
10896
10896
10901
10747
9984
9373
9523
9672
9826
9975
10129
10282
10282
10282
10278
10431
10431
10585
10585
10580
10734
10734
12441
12595
12595
12748
12748
12288
12441
12595
12748
12748
12288
12441
12595
12748
12748
12293
12441
12595
12748
12748
12595
12139
12288
12441
12595
12595
12293
12293
12441
12595
12748
12748
12293
12441
12595
12595
12748
12748
12293
12441
12595
12748
12748
12748
12441
12595
12595
12748
12748
12595
12441
12595
12748
12748
12902
12595
12446
12441
12595
12748
12748
12748
12446
12595
12748
12748
12902
12902
12446
12441
12595
12748
12902
12902
12446
12441
12595
12748
12595
12441
12441
11985
12139
12293
12441
12595
12595
12595
12293
12441
12595
12595
12748
12748
12446
12293
12441
12595
12748
12902
12897
12288
12441
12595
12595
12748
12897
12897
12288
12441
12595
12748
12743
12897
12897
12288
12441
12595
12748
12748
12897
12897
12293
