9066
9216
9369
9519
9672
9822
9822
9975
9975
10129
10129
10282
10286
9676
9676
9826
9979
9979
10129
10129
10282
10282
10282
10436
10431
10431
10129
10282
10286
10286
10291
10444
10444
10444
10440
10593
10593
10589
10589
9979
9062
8297
8144
8451
8755
8908
9216
9373
9527
9680
9830
9830
9979
9979
10133
9672
8908
9216
9365
9519
9672
9668
9822
9975
9979
10137
10137
10295
10295
10291
9527
8608
8147
8301
8605
8912
9062
9216
9365
9519
9672
9822
9975
9979
10133
10291
9680
8762
8608
8758
8912
9216
9369
9519
9672
9826
9822
9975
9975
10129
10129
10282
9676
9826
9826
9979
9975
10129
10129
10282
10278
10278
10431
10431
10431
10431
10124
10278
10278
10282
10440
10440
10440
10436
10589
10589
10589
10585
10585
10585
10585
10129
9365
9519
9668
9822
9975
9975
10133
10291
10291
10286
10286
10286
10436
10436
10436
9826
9216
9519
9519
9672
9822
9975
9975
10129
10129
10286
10286
10440
10440
10440
10436
10133
9216
9365
9519
9672
9826
9822
9975
10129
10129
10129
10278
10278
10436
10440
10444
10440
9830
9219
9369
9523
9672
9826
9826
9975
9975
10129
10129
10282
10282
10278
10431
10431
10436
9984
10133
10133
10129
10282
10282
10282
10431
10431
10431
10431
10431
10585
10585
10585
10580
10431
10431
10585
10589
10593
10593
10589
10589
10589
10589
10585
10585
10585
10585
10585
10585
10278
9365
9361
9515
9668
9822
9822
9975
10133
10133
10286
10286
10282
10436
10436
10436
10436
10431
9975
9519
9672
9668
9822
9975
9975
10124
10124
10282
10286
10440
10440
10440
10440
10436
10589
10589
9672
9365
9519
9672
9668
9822
9975
9975
10129
10124
10278
10278
10436
10440
10440
10440
10440
10593
9830
9216
9369
9519
9672
9826
9975
9975
10129
10129
10129
10278
10278
10431
10431
10431
10436
10593
10291
9373
9369
9523
9676
9826
9826
9979
10129
10129
10282
10282
10282
10278
10278
10431
10431
10431
10431
11380
11688
11837
11990
11837
11837
11380
11380
11380
11380
11380
11380
11380
11073
11226
11380
11529
11683
11226
10765
10919
11068
11063
11212
11208
11203
11203
11198
11352
11347
11347
11347
11342
11342
11342
11342
11342
11342
11491
11649
11807
11505
11198
11198
11347
11347
11347
11342
11342
11496
11342
11342
11337
11337
11491
11491
11491
11491
11337
11491
11491
11491
11802
11955
12114
11505
11198
11347
11347
11347
11347
11342
11496
11496
11496
11496
11496
11496
11491
11491
11491
11491
11491
11491
11491
11644
11802
12109
12267
12114
1079
2464
3540
4307
5228
5841
6607
7375
8144
7990
8294
8598
8905
9054
9361
9511
9664
9814
9967
10120
10278
9971
10124
10278
10274
10427
10427
10423
10576
10576
10576
10729
10580
9975
10129
10124
10278
10274
10427
10427
10576
10576
10576
10729
10734
10278
10278
10278
10427
10427
10580
10576
10576
10576
10729
10729
10882
10580
10580
10734
10734
10729
10729
10729
10729
10729
10725
10878
11036
10431
10431
10431
10431
10580
10580
10580
10576
10729
10729
10729
10729
10882
10431
10580
10580
10580
10576
10729
10729
10729
10729
10729
10725
10878
