1860
2478
3714
4638
5716
6637
7252
7406
8020
8784
9242
9705
10162
10312
10620
10769
11077
11231
11380
11380
11534
11688
11841
11841
11990
11990
11990
12144
12144
12144
12144
12144
11990
11990
12144
12144
12144
12144
12144
11990
11688
11841
11995
11990
11990
11990
11990
10923
10923
11077
11380
11534
11688
11837
11837
11990
12144
12298
12298
12446
12446
12293
12293
12446
12446
12600
12600
12600
12446
12600
12600
12600
12600
12600
12600
12600
12600
12600
12600
12600
12600
12600
12600
12446
12446
12451
12605
12605
12605
12600
12451
12451
12451
12446
12446
12446
12600
12600
12451
12451
12446
12446
12446
12600
12600
12600
12446
12446
12446
12600
12600
12600
12600
12600
12446
12446
12446
12600
12600
12600
12600
12600
12600
12600
12600
12600
12600
12600
12600
12600
12446
12600
12600
12600
12600
12600
12600
12754
12600
12600
12600
12600
12600
12754
12754
12754
14119
14119
14119
14119
14119
14119
14119
14119
14119
14119
14119
14119
14119
14119
14119
14119
14119
14119
14119
14119
14119
14119
14119
14119
14119
14119
14119
14119
14119
14119
14119
14119
14113
14113
14113
14119
14119
14119
14119
14113
14113
14119
14119
14119
14119
14119
14119
14119
14119
14119
14119
14119
14119
14119
14119
14119
14119
14119
14119
14119
14119
14119
14119
14119
14119
14119
14119
14119
14119
14119
14119
14119
14119
14119
14119
14119
14119
14119
14119
14119
14119
14119
14119
14119
14119
14119
14119
14119
14119
14119
14119
14119
14119
14119
14119
14119
14119
14119
14119
14119
14119
14119
14119
14119
14119
14119
14119
14119
14119
13965
14119
14119
14119
14119
14119
11832
11832
11832
11837
11837
11837
11837
11837
11837
11990
11837
11837
11837
11837
11837
11837
11837
11837
11837
11837
11837
11837
11837
11837
11837
11837
11837
11837
11837
11837
11837
11837
11837
11837
11837
11837
11837
11837
11837
11837
11837
11837
11837
11837
11837
11837
11837
11837
11837
11837
11837
11837
11837
11837
11837
11837
11837
11837
11837
11837
11837
11837
11837
11837
11837
11837
11837
11837
11837
11837
11990
11990
11837
11837
11837
11837
11990
11985
11837
11837
11837
11837
11837
11837
11832
11837
11837
11832
11832
11832
11832
11832
11832
11832
11832
11832
11832
11985
11832
11832
11832
11832
11832
11832
11832
11837
11832
11832
11832
11832
11832
11832
11832
11832
11832
11832
11985
11985
10629
10629
10629
10629
10629
10629
10629
10629
10629
10629
10629
10629
10475
10475
10475
10475
10475
10629
10629
10629
10629
10629
10629
10629
10629
10475
10475
10475
10475
10475
10475
10475
10475
10629
10629
10629
10629
10629
10475
10475
10475
10475
10475
10475
10629
10629
10629
10629
10629
10629
10629
10475
10475
10475
10475
10475
10475
10629
10629
10629
10629
10629
10629
10629
10475
10475
10475
10475
10475
10475
10475
10629
10629
10629
10629
10629
10629
10629
10475
10475
10475
10475
10475
10475
10475
10629
10629
10629
10629
10629
10629
10629
10475
10475
10475
10475
10475
10475
10475
10629
10629
10629
10629
10629
10629
10629
10321
10475
10475
10475
10475
10475
10475
10475
10475
10475
10475
10475
10629
10629
10475
10321
10321
10475
10475
10475
10475
10475
10475
10475
10629
10629
10629
10629
10629
10475
10475
10475
10475
10475
10475
10475
10629
10629
10629
10629
10629
10629
10629
10629
10321
10475
10475
10475
10475
10475
10475
10629
10629
10629
10629
10629
10629
10629
10629
10629
10475
10475
10475
10475
10475
10475
10475
10475
10629
10629
10629
10629
10629
10629
10629
10475
10475
10475
10475
10475
10475
10629
10629
10629
10629
10629
10629
10629
10629
10629
10629
10321
10475
10475
10475
10475
10475
10475
10475
10475
10475
10629
10629
10629
10629
10629
10629
10321
10475
10475
10475
10475
10475
10475
10475
10629
10629
10629
10629
10629
10629
10629
10629
10321
10475
10475
10475
10475
10475
10475
10475
10629
10629
10629
10629
10629
10629
10629
10629
10629
10475
10475
10475
10475
10475
10475
10475
10475
10475
10475
10475
10475
10475
10321
10321
10321
10321
10321
10321
10017
10171
10171
10167
10167
10321
10321
10321
10321
10475
10475
10475
10475
10475
10475
10475
10629
10321
9554
9709
9709
9863
10017
10013
10167
10167
10167
10321
10321
10321
10321
10475
10475
10475
10475
10475
