2161
2930
4006
5081
6000
6613
6917
7529
8140
8598
9054
9511
9818
10124
10431
10891
11045
10743
10589
10891
11040
11194
11342
11496
11496
11644
11797
11797
11950
11950
11950
11945
12099
12099
12099
12252
12099
12099
12252
12252
12252
12252
12252
12252
12252
12247
12247
12247
12247
12247
12247
12405
12563
12563
12262
11955
11955
11955
12104
12104
12104
12104
12104
12104
12252
12252
12252
12252
12252
12252
12252
12252
12252
12252
12252
12252
12252
12252
12400
12400
12400
12400
12247
12247
12252
12400
12400
12400
12400
12405
12405
12563
12563
12722
12722
12262
11500
11654
11802
11802
11950
11950
11950
11950
12099
12099
12099
12099
12252
12252
12247
12247
12247
12099
12099
11945
11792
11792
11792
11644
11644
11491
11644
11644
11644
11491
11639
11644
11491
11644
11797
12109
12262
12262
12415
12415
11347
12902
12897
12897
13050
13050
13050
13050
13050
13050
13050
13050
13050
13050
13204
13204
13050
13204
13204
13204
13204
13204
13204
13050
13045
12891
12732
12732
12574
12574
12574
12415
12415
12415
12415
12415
12410
12410
12257
12257
12257
12257
12257
12257
12257
12257
12257
12257
12257
12257
12257
12257
12104
12104
12104
12104
12257
12257
12104
12104
12257
12415
12415
12574
12420
11505
11352
11505
11654
11654
11807
11802
11802
11802
11802
11955
11955
11955
11955
11955
12104
12104
12104
12104
12104
12104
12104
12104
12104
12104
12104
12104
12257
12257
12104
12104
12104
11950
11797
11644
11644
11496
11045
11045
11045
11040
11040
11040
11040
10887
10887
10887
10887
10887
10887
10887
10887
10887
10887
10887
10887
10580
10580
10734
10887
11036
11189
11342
11496
11496
11491
11644
11644
11797
11797
11950
11950
9543
9696
9846
10000
10154
10308
10304
10457
10457
10611
10611
10765
10765
10765
10765
10765
10919
10919
10919
10919
10919
10919
10919
10919
10914
10910
10756
10752
10752
10747
10747
10743
10743
10743
10589
10589
10585
10585
10585
10585
10585
10585
10431
10431
10585
10585
10585
10580
10580
10580
10431
10427
10580
10580
10580
10580
10580
10580
10431
10431
10431
10427
10580
10585
10589
10589
10133
9830
9979
9979
10129
10129
10282
10278
10278
10129
10124
10278
10278
10431
10431
10431
10427
10580
10278
10278
10427
10427
10427
10427
10580
10580
10580
10431
10431
10427
10427
10427
10427
10580
10580
10580
10431
10431
10427
10427
10585
10589
10589
10593
10593
9676
8762
8758
9066
9216
9523
9672
9826
9822
9975
9975
9975
9975
10129
10278
10278
10278
10431
10431
10431
10278
10278
10431
10431
10431
10431
10585
10580
10580
10431
10278
10431
10431
10431
10431
10580
10580
10580
10580
9826
9822
9975
9975
10124
10278
10278
10278
10431
10431
9971
10124
10124
10278
10278
10274
10427
10427
10427
10580
