2305
3073
3841
4608
5376
5834
6448
6909
7366
7673
7977
8130
8744
9208
9668
10129
10436
9984
9377
8919
9381
9842
10299
10607
11068
10457
10154
10611
10919
11222
11529
11683
11837
11990
12144
12298
12446
12600
12446
12600
12754
12754
12754
12907
12754
12907
12907
12907
13061
13061
12907
12907
12907
12907
12907
12907
13061
12907
12907
12907
12907
13061
13061
12907
12907
12907
12907
12907
12907
12907
12754
12754
12754
12907
12907
12907
12907
12754
12754
12754
12754
12754
12754
12907
12754
12754
12754
12600
12600
12600
12754
12754
12605
12605
12605
12600
12600
12600
12600
12600
12446
12446
12446
12600
12600
12600
12600
12600
12446
12446
12600
12600
12600
12600
12600
12600
12446
12600
12600
12600
12600
12600
12600
12600
12446
12446
12451
12600
12600
12600
12600
12600
12446
12446
12446
12446
12600
12605
12600
12600
12451
12451
12605
12600
12600
12600
12600
12600
12600
10475
10475
10475
10475
10475
10475
10475
10629
10629
10629
10629
10629
10475
10475
10475
10475
10475
10475
10629
10629
10629
10629
10629
10629
10629
10321
10321
10475
10475
10475
10475
10475
10475
10475
10629
10629
10629
10629
10321
10475
10475
10475
10475
10475
10629
10629
10629
10629
10629
10629
10629
10475
10475
10475
10475
10475
10475
10629
10629
10629
10629
10629
10629
10629
10475
10475
10475
10475
10475
10475
10475
10629
10629
10629
10629
10629
10629
10629
10475
10475
10475
10475
10475
10475
10475
10629
10629
10629
10629
10629
10629
10629
10475
10475
10475
10475
10475
10475
10475
10629
10629
10629
10629
10629
10629
10629
10475
10475
10475
10475
10475
10475
10475
10475
10629
10629
10629
10629
10629
10629
10629
10475
10475
10475
10475
10475
10475
10475
10629
10629
10629
10629
10629
10629
10629
10475
10475
10475
10475
10475
10475
10475
10629
10629
10629
10629
10629
10629
10629
10629
10475
10475
10475
10475
10475
10629
10629
10629
10629
10629
10629
10629
10629
10629
10629
10629
10475
10475
10475
10475
10475
10475
10475
10629
10629
10629
10629
10629
10629
10629
10629
10475
10475
10475
10475
10475
10475
10475
10629
10629
10629
10629
10629
10629
10629
10629
10629
10321
10321
10475
10475
10475
10475
10475
10475
10475
10475
10629
10629
10629
10629
10629
10629
10475
10475
10475
10475
10475
10475
10475
10475
10475
10629
10629
10629
10629
10629
10629
10629
10475
10321
10321
10321
10321
10475
10475
10475
10475
10475
10629
10629
10629
10629
10629
10629
10629
10475
10475
10475
10475
10475
10475
10475
10629
10629
10629
10629
10629
10629
10629
10629
10629
10629
10475
10475
10475
10475
10475
10475
10475
10629
10629
10629
10629
10629
10629
10629
10629
10629
10629
10321
10321
10475
10475
10475
10475
10475
10475
10475
10475
10475
10629
10629
10629
10629
10629
10629
10629
11837
11837
11990
11990
11990
11837
11837
11990
11990
11990
11837
11837
11837
11837
11837
11837
11837
11837
11837
11837
11837
11837
11837
11837
11837
11837
11837
11837
11837
11837
11837
11837
11837
11837
11837
11837
11837
11837
11837
11837
11837
11837
11837
11837
11837
11837
11837
11837
11837
11837
11837
11837
11832
11832
11832
11832
11832
11832
11832
11832
11837
11832
11832
11832
11832
11832
11832
11832
11832
11832
11837
11837
11837
11380
11375
11529
11529
11529
11683
11529
11683
11683
11683
11837
11837
11837
11837
11837
11837
11837
11837
11837
11683
11837
11837
11837
11837
11837
11837
11837
11837
11837
11837
11837
11837
11837
11837
11837
11837
11837
11837
11837
11837
11837
11837
11837
11837
11837
11990
