2306
2767
3535
4302
4915
5376
5836
6294
6602
6909
6755
7059
7520
8137
8444
8905
8905
8290
8137
8290
8440
8440
8594
8747
8747
8901
8897
8897
9054
9361
9668
9979
9822
9822
9515
8901
8287
8440
8594
8594
8747
8744
8897
9054
9361
9058
9058
9058
9208
9208
9208
9208
9204
9204
9204
9204
9204
9204
9204
9511
9822
10129
10129
9515
8901
8901
8901
9054
9051
9051
9051
9051
9204
9204
9204
617
1696
2619
3697
4619
5235
5851
6464
6310
6002
6461
6920
7225
7529
7833
8140
8290
8598
8598
8747
8901
9051
9361
9515
9822
9979
9369
9365
9519
9519
9668
9668
9668
9818
9818
9664
9818
9818
9818
9814
9967
10124
10278
10282
9672
9672
9822
9822
9822
9818
9818
9971
9971
9971
9971
9971
9967
9967
9967
10124
10278
10436
9826
9519
9672
9672
9668
9822
9822
9818
9818
9818
9664
9818
9818
9818
9814
9967
10124
10278
10436
10133
9519
9672
9672
9668
9822
9822
9818
9818
9971
9971
9511
9664
9664
9664
9818
9971
10124
10436
10436
9826
9672
9672
9668
9822
9822
9822
9818
9818
9971
9971
7255
7564
7869
8178
8483
8637
8945
9096
9250
9404
9558
9709
9554
8788
8020
7249
6789
7246
7705
8007
8311
8615
8766
9069
9219
9373
9523
9676
9826
9519
9676
9830
9988
10141
10137
10137
10286
10286
10286
10282
10436
10436
9975
9062
9058
9212
9519
9515
9668
9822
9979
9979
10133
10133
10286
10282
10282
9672
9365
9519
9668
9822
9975
9975
10124
10124
10278
10278
10278
10436
10440
10137
9369
9523
9676
9826
9826
9979
10129
10129
10129
10282
10282
10278
10431
10431
10278
10278
10282
10436
10440
10440
10593
10589
10589
10589
10589
10589
10589
10585
9975
9212
9365
9519
9668
9822
9822
9975
10129
10133
10291
10291
10286
10440
10440
10282
9523
9216
9365
9519
9672
9826
9822
9975
9975
10129
10129
10278
10278
10282
10440
10291
9373
9373
9523
9676
9672
9826
9979
9975
10129
10129
10282
10282
10282
10431
10431
10278
10278
10282
10436
10440
10440
10440
10593
10589
10589
10589
10589
10589
10585
10585
10436
9519
9212
9365
9515
9668
9822
9975
9975
10133
10133
10137
10133
10286
10286
10282
10282
10282
10129
9672
9672
9822
9822
9822
9975
9975
9975
10124
10124
10278
10282
10440
10440
10440
10436
10436
9672
9216
9365
9519
9668
9822
9975
9975
10124
10124
10124
10278
10278
10278
10431
10431
10436
9979
9826
9826
9979
9975
10129
10129
10282
10282
10278
10431
10431
10431
10431
10431
10431
10585
10431
10431
10431
10589
10593
10593
10593
10593
10589
10589
10589
10589
10589
10589
10585
10585
10282
9212
9365
9519
9668
9822
9822
9975
10129
10133
10286
10291
10440
10440
10440
10436
10436
10436
9975
9216
9212
9519
9672
9668
9822
9975
9975
10124
10124
10278
10278
10278
10436
10440
10444
10449
10449
9688
8927
8777
8931
9085
9239
9393
9547
9700
9854
9854
10008
10162
10162
10162
10162
10316
10321
10321
10013
9709
9863
9863
10013
10167
10167
10167
10321
10321
10321
10475
10475
10475
10475
10475
10475
10629
