2006
2623
3546
4469
5237
5851
6467
6926
6621
6618
7077
7535
7993
8301
8605
8908
8755
9062
9212
9365
9515
9668
9822
9822
9822
9975
10124
10124
10278
10278
10431
10278
10278
10431
10431
10431
10585
10585
10431
10431
10580
10585
10585
10589
10743
10747
10291
9676
9830
9979
10133
10129
10282
10282
10282
10282
10278
10278
10431
10431
10431
10585
10585
10431
10431
10585
10585
10580
10580
10580
10580
10580
10580
10580
10580
10580
10580
10580
10580
10580
10431
10585
10589
10743
10747
10743
10743
10743
10133
9216
8758
9062
9216
9519
9672
9822
9975
9975
10129
9822
9975
10124
10124
10278
10278
10431
10431
10431
10278
10431
10431
10431
10431
10585
10580
10580
10580
10585
10580
10580
10585
10589
10743
10747
10747
10593
9676
9676
9826
9979
10133
10129
10282
10282
10278
10431
10278
10278
10431
10431
10431
10585
10585
10585
10580
10431
10431
10585
10585
10585
10580
10580
10580
10734
10734
10580
10580
10580
10580
10580
10738
10738
10743
10743
10747
9676
8916
9066
9216
9523
9672
9826
9979
9975
10129
10129
11832
11985
12139
12293
12288
12441
12441
12595
12595
12595
12595
12748
12748
12897
12897
12897
12897
12897
12897
12897
12897
12897
13050
13050
13050
13050
13050
13050
13050
13050
13050
13050
12891
12738
12732
12579
12574
12420
12420
12415
12262
12262
12262
12262
12262
12262
12257
12104
12104
12104
12104
12104
12104
12104
12104
12104
12104
12104
12104
12104
12104
12104
12104
11950
11950
12104
12104
12104
12104
12257
11654
11654
11649
11802
11802
11802
11802
11802
11802
11797
11950
11950
11950
11950
11950
11950
11950
11950
11950
11950
11950
12104
11950
11950
12104
12104
12104
12104
12104
11950
11950
12104
12104
12104
12104
12104
11950
11950
12104
12109
12262
12267
12267
12262
11500
11654
11654
11649
11802
11802
11802
11797
11802
11797
11797
11950
11950
11950
11950
11950
11371
11678
11980
12134
12282
12436
12589
12589
12738
12891
12891
13045
13045
13198
13198
13198
13352
13352
13346
13346
13346
13346
13499
13499
13499
13499
13499
13499
13499
13653
13653
13499
13340
13335
13182
13182
13176
13023
13023
13017
12864
12864
12864
12711
12711
12711
12706
12706
12706
12706
12706
12706
12706
12706
12553
12553
12553
12400
12252
12099
12099
11945
11792
11792
11337
11337
11337
11337
11337
11184
11189
11194
11194
10891
10891
10887
11040
11040
11040
11194
11189
11189
11189
11189
11189
11189
11189
11342
11342
11342
11342
11337
11337
11337
11337
11337
11337
11337
11337
11337
11337
11337
11337
11491
11491
11491
11491
11491
11337
11337
11491
11491
11491
11496
11347
11347
11045
10743
11045
11194
11347
11496
11649
11802
11797
11950
11950
12099
12099
12252
12252
12252
12247
12247
12400
12400
12400
12553
12553
12553
12595
12595
12748
12748
12897
12897
12897
13050
13050
13050
13050
13050
13050
13050
13204
13050
12891
12886
12732
12727
12574
12574
12420
12415
12415
12415
12415
12262
12257
12257
12257
12257
12257
12104
12104
12104
12257
12257
12257
12104
12104
12104
12104
12104
12104
12104
12104
12104
12104
12104
12104
12104
12104
12104
12104
12104
12104
12262
12262
11960
11352
11352
11500
11654
11654
11649
11802
11496
11496
11649
11649
11802
11797
11950
11797
11797
11950
11950
11950
11950
11950
11950
11950
11950
11950
12104
12104
12104
11950
11950
11950
11950
12104
12104
12104
12104
11950
11950
12104
12104
12104
12104
12104
11960
11654
11654
11654
11649
11802
11802
11802
11955
11802
11802
11797
11950
11950
11950
11950
12104
11950
11950
11950
11950
11950
12104
12104
11950
11950
11950
12104
12104
12104
12104
12104
11950
