8791
9100
9100
9250
9404
9558
9558
9713
9709
9863
9863
9863
9863
9713
9250
8483
7869
7869
8178
8483
8637
8791
9100
9250
9250
9404
9558
9558
9709
9713
9096
8791
8178
7718
7409
7564
7869
8178
8483
8637
8791
8942
9096
9250
9404
9558
9558
9713
9250
8637
8178
7718
7255
7409
7718
8023
8332
8637
8791
8945
9096
9250
9404
9558
9558
9713
9404
9096
8637
8023
7409
7103
7409
7718
8023
8332
8483
8791
8945
9096
9250
9404
9558
9558
9713
9404
8945
8332
7718
7258
6643
6334
6488
6949
7258
7718
8027
8178
8486
8637
8945
9100
9250
9404
9558
9558
9096
8637
8023
7409
6949
6488
6025
6488
6949
7409
7718
8023
8332
8483
8791
8945
9096
9250
9404
9558
9558
9096
8637
8178
7718
7409
7872
8178
8332
8637
8791
8945
9096
9250
9404
9558
9558
9713
9863
9867
9404
8945
8486
8023
8332
8641
8791
8945
9100
9254
9404
9558
9558
9713
9713
9867
9867
9863
9713
9404
8945
8486
8486
8791
8945
9100
9254
9404
9404
9558
9713
9713
9867
9867
10017
10017
9863
9404
8945
8483
8023
7409
6949
7258
7564
7869
8178
8486
8637
8945
9096
9250
9250
9404
9558
9713
9709
9709
9404
8945
8486
7872
7409
7718
8023
8332
8641
8791
8945
9100
9250
9404
9558
9558
9713
9713
9867
9867
9558
9254
8641
8023
7564
6949
7103
7409
7718
8023
8332
8486
8791
8945
9100
9250
9404
9558
9558
9713
9709
9709
9558
9250
8483
7869
7255
6795
6334
6640
7103
7409
7718
8023
8332
8641
8791
8945
9100
9250
9404
9558
9558
9713
9713
9713
9254
8637
8023
7409
6949
6946
7252
7708
8013
8315
8619
8919
9069
9223
9377
9684
9688
9838
9988
9984
9984
9672
8751
9058
9212
9369
9523
9676
9826
9826
9979
9975
10129
10124
10278
10278
10282
10440
10440
10133
9365
9515
9668
9822
9818
9971
9971
10129
10286
10286
10286
10282
10436
10431
10431
10431
10431
10124
9361
9212
9361
9515
9664
9664
9818
9967
9967
10120
10120
10278
10282
10282
10282
10436
10431
10431
9971
9357
9511
9660
9818
9822
9979
10129
10129
10124
10278
10278
10278
10427
10427
10427
10427
10431
10436
9822
9361
9515
9664
9664
9818
9971
9967
10120
10124
10282
10286
10282
10436
10436
10431
10431
10431
10431
9664
