2006
2623
3546
4621
5541
6308
6613
7225
7840
8451
8912
9373
9219
8608
9066
9369
9672
9979
10282
10431
10585
10738
10887
11040
11194
11194
11342
11496
11496
11649
11649
11649
11802
11797
11797
11950
11950
11950
11950
11950
11950
11950
11950
12104
11950
11950
12109
12262
12267
12420
11812
11659
11659
11654
11807
11807
11807
11807
11802
11955
11955
11955
11955
11955
11955
11950
11950
11950
12104
12104
12104
12104
12104
12104
12104
12104
12104
12104
11950
12104
12104
12104
12104
12104
12104
11500
11500
11649
11649
11649
11802
11802
11802
11797
11797
11950
11950
11950
11950
11950
11950
11950
11950
11950
12104
12104
12104
11950
11950
11950
11950
11950
12104
12104
12104
12104
12104
12104
12104
12099
12104
12257
12262
11352
11352
11500
11500
11654
11649
11802
11802
11649
11649
11802
11802
11802
11955
11955
11950
12743
12743
12897
12897
12897
12897
12897
13050
13050
13050
13050
13050
13050
13050
13050
13050
13050
13050
13050
13050
13050
13050
12891
12738
12732
12579
12579
12420
12420
12415
12415
12262
12262
12262
12104
12104
12104
12104
12104
12104
12104
12104
12104
12104
12104
12104
12104
12104
12104
12104
12104
12104
12104
12104
12104
12104
12104
11950
11194
11194
11347
11347
11496
11496
11649
11649
11649
11644
11797
11797
11797
11797
11797
11797
11950
11950
11950
11950
11950
11950
11950
11950
11950
11950
12104
12104
11950
11950
11950
11950
11950
11950
11797
11797
11496
11496
11347
11352
11352
11203
11203
11203
10896
10589
10743
10891
11045
11045
11045
11040
11040
10585
10734
10887
11040
11189
11342
11342
11496
11496
11649
11644
11644
11797
11797
11797
11797
11797
11797
11950
11950
11950
11950
11950
11950
13505
13505
13499
13499
13499
13505
13505
13499
13499
13653
13505
13659
13659
13659
13653
13499
13340
13335
13182
13176
13023
13023
13023
13017
12864
12864
12864
12864
12859
12706
12706
12706
12706
12706
12706
12706
12706
12706
12706
12706
12706
12706
12706
12706
12706
12706
12706
12706
12706
12706
12706
12553
12553
12711
12870
12870
13028
12267
11960
12109
12109
12109
12257
12257
12104
12104
12257
12252
12252
12405
12405
12405
12405
12405
12405
12400
12400
12553
12400
12553
12553
12553
12553
12553
12553
12553
12553
12553
12553
12553
12553
12553
12553
12553
12553
12553
12553
12706
12864
12410
12257
12257
12257
12410
12405
12405
12405
12405
12405
12405
12405
12558
12558
12558
12553
12553
12553
12553
12553
12553
12553
12553
12553
12553
12553
12553
12553
12706
12706
12706
