2772
3848
4615
5228
5841
6453
6914
7219
7680
8140
7836
8140
8448
8598
8905
9054
9208
9361
9511
9664
9511
9818
10124
10436
10589
10896
10743
10589
9975
9212
9361
9515
9668
9818
9818
9971
10278
10585
10286
10282
10278
10431
10431
10427
10427
10580
10580
10576
10423
10734
11040
11198
11352
11659
11505
10896
10129
9365
9515
9668
9818
9971
9971
10120
10274
10585
10589
10129
10129
10129
10278
10278
10278
10427
10427
10427
10427
10427
9822
9818
9971
9971
10120
10120
10274
10274
10269
10269
10423
9515
9515
9664
9818
9814
9967
9967
10120
10116
10269
10269
10116
10580
10887
11045
11352
11505
11510
11054
10137
9219
8451
7990
8297
8601
8751
9058
9208
9361
9511
9975
10282
10133
10133
10282
10282
10278
10431
10431
10427
10427
10427
10580
10580
465
1703
2940
4174
5252
6174
7097
7708
7708
8322
8934
9550
10008
10312
10769
10923
11077
11380
11534
11837
11990
12144
12298
11995
12144
12298
12451
12451
12600
12600
12600
12754
12754
12754
12907
12907
12907
13061
12907
12907
12907
12907
12907
12907
12907
12907
12907
12907
12907
12907
12754
12754
12754
12754
14119
14119
14119
14119
14119
13965
13965
13965
14119
14119
13965
14119
14119
14119
14119
14119
14119
14119
14119
14119
14119
14119
14119
14119
14119
14119
14119
14119
14119
14119
14119
13965
14119
14119
14119
14119
14119
14119
14119
14119
14119
14119
14119
14119
14119
14119
14119
14119
14119
14119
14119
14119
14119
13965
13965
13965
14119
14119
13965
14119
14119
14119
14119
14119
13965
13965
14119
14119
14119
14119
14119
13965
13965
14119
14119
14119
13965
13965
13965
14119
14119
14119
14119
14119
14119
14119
14119
14119
14119
13965
14119
14119
14119
14119
14119
14119
14119
14113
14113
14113
14113
14113
13965
14119
14119
14113
14113
14113
14119
13965
13965
14119
14119
14119
14119
10629
10629
10629
10629
10629
10629
10629
10629
10629
10629
10629
10629
10629
10629
10629
10629
10629
10629
10629
10629
10629
10629
10629
10629
10629
10475
10475
10475
10629
10629
10629
10629
10629
10629
10629
10629
10629
10629
10475
10475
10475
10475
10475
10629
10629
10629
10629
10629
10629
10629
10629
10629
10629
10629
10629
10629
10629
10629
10629
10629
10629
10629
10629
10629
10475
10629
10629
10629
10629
10629
10629
10629
10629
10629
10629
10629
10629
10629
10629
10629
10629
10629
10629
10629
10629
10629
10629
10629
10629
10629
10629
10629
10475
10629
10629
10629
10629
10629
10629
10629
10629
10629
10629
10629
10629
10629
10475
10475
10475
10475
10629
10629
10629
10629
10629
10629
10629
10629
10629
10629
10629
10629
10629
10629
10629
10629
10629
10629
10629
10629
10629
10629
10629
10629
10475
10321
10167
10167
10167
10167
10167
10167
10167
10167
10167
10321
10321
10321
10321
10321
10475
10475
10017
9554
9709
9863
9863
10017
10013
10167
10167
10321
10321
10321
10321
10475
10475
10475
10475
10475
10475
10475
10475
10475
10475
10629
10629
10629
10629
10629
10629
10629
10629
10629
10629
10629
10629
10629
10629
10629
10629
10629
10629
10629
10629
10629
10629
10629
10629
10629
10629
10629
10629
10629
10629
10629
10629
10629
10629
10629
10629
10629
10629
10629
10629
10629
10629
10629
10629
10629
10629
10629
10629
10629
10629
10629
10629
10629
10629
10629
10629
10629
10629
10629
10629
10629
10629
10629
10629
10629
10629
10624
10624
10629
10629
10629
10629
10629
10475
10475
10629
10629
10629
10629
10629
10629
10629
10629
10629
10629
10629
10629
10629
10629
10629
10475
10475
10475
10629
10629
10629
10629
10629
10629
10629
10629
10629
10629
10629
10629
10629
10629
10475
10475
10475
10475
10475
10475
10475
10629
10629
10629
10629
10629
10629
10629
10629
10629
10629
