1860
2324
3405
4638
5716
6640
7255
7252
7866
8479
9092
9550
10008
10008
10466
10774
11077
11231
11534
11534
11688
11837
11990
12144
12298
12144
12298
12451
12446
12600
12600
12446
12446
12600
12600
12600
12600
12600
12600
12600
12600
12600
12600
12600
12446
12600
12600
12600
12600
12600
12600
12451
12446
12446
12446
12446
12600
12605
12451
12451
12451
12605
12600
12600
12600
12451
12451
12451
12451
12451
12605
12605
12605
12451
12451
12451
12451
12446
12451
12605
12451
12451
12451
12451
12605
12605
12600
12600
12298
12298
12298
12451
12451
12451
12451
12451
12451
12451
12451
12451
12451
12451
12605
12451
12451
12451
12451
12451
12600
12600
12600
12451
12451
12451
12451
12605
12605
12600
12600
12451
12451
12451
12451
12451
12605
12605
12605
12600
12451
12451
12451
12451
12446
12600
12605
12605
12451
12451
12451
12600
12600
12600
12446
12446
12451
11837
11837
11837
11837
11837
11837
11837
11837
11837
11990
11837
11837
11837
11837
11837
11837
11837
11837
11837
11837
11837
11837
11837
11837
11837
11837
11683
11837
11837
11837
11837
11837
11837
11837
11837
11837
11837
11837
11837
11837
11837
11837
11837
11837
11837
11837
11837
11837
11683
11837
11837
11837
11837
11837
11837
11837
11837
11837
11837
11837
11837
11837
11837
11837
11837
11837
11837
11837
11837
11832
11837
11837
11837
11837
11837
11837
11832
11832
11832
11832
11832
11832
11832
11832
11832
11837
11837
11837
11837
11832
11832
11832
11837
11837
11837
11837
11837
11837
11837
11837
11837
11837
11837
11837
11837
11837
11837
11837
11837
11837
11837
11837
11683
11837
11837
11837
11837
11837
11837
13965
13965
13965
13965
13965
13965
13965
13965
13965
13965
13965
13965
13965
13965
14119
13965
13965
13965
14119
14119
13965
13965
13965
13960
14119
13965
13965
13965
14119
14119
14119
13965
13965
13965
13965
13965
13812
13965
13965
13965
13965
13965
13965
13965
13965
13965
13965
13965
13965
13965
13965
13965
13965
13965
13965
13965
13965
13965
13965
13965
13965
13965
13965
13965
13812
13812
13812
13812
13812
13965
13812
13812
13812
13812
13965
13965
13965
13812
13812
13812
13812
13812
13965
13812
13965
13965
13965
13965
13965
13965
13965
13965
13965
13965
14119
14119
13965
13965
13965
13965
13965
14119
13965
13965
13965
13965
13965
13965
13965
13965
13965
13965
13965
13965
13965
13965
10629
10629
10629
10629
10629
10629
10629
10629
10629
10629
10629
10629
10475
10475
10475
10475
10475
10475
10629
10629
10629
10629
10629
10629
10629
10475
10475
10475
10475
10475
10475
10475
10475
10475
10629
10629
10629
10629
10475
10475
10475
10475
10475
10475
10475
10629
10629
10629
10629
10629
10629
10475
10475
10475
10475
10475
10475
10629
10629
10629
10629
10629
10629
10629
10475
10475
10475
10475
10475
10475
10629
10629
10629
10629
10629
10629
10629
10629
10475
10475
10475
10475
10475
10475
10475
10629
10629
10629
10629
10629
10629
10629
10475
10475
10475
10475
10475
10475
10475
10629
10629
10629
10629
10629
10629
10629
10321
10475
10475
10475
10475
10475
10475
10629
10629
10629
10629
10629
10629
10629
10629
10321
10475
10475
10475
10475
10475
10475
10475
10475
10475
10629
10629
10629
10629
10475
10475
10475
10475
10475
10475
10475
10475
10629
10629
10629
10629
10629
10629
10629
10475
10475
10475
10475
10475
10475
10475
10629
10629
10629
10629
10629
10629
10629
10629
10629
10475
10475
10475
10475
10475
10475
10629
10629
10629
10629
10629
10629
10629
10629
10629
10475
10475
10475
10475
10475
10475
10475
10629
10629
10629
10629
10629
10629
10629
10629
10629
10475
10475
10475
10475
10475
10475
10629
10629
10629
10629
10629
10629
10629
10629
10629
10629
10321
10475
10475
10475
10475
10475
10475
10475
10629
10629
10629
10629
10629
10629
10629
10629
10475
10321
10475
10475
10475
10475
10475
10475
10629
10629
10629
10629
10629
10629
10629
10629
10629
10475
10475
10475
10475
10475
10475
10475
10629
10629
10629
10629
10629
10629
10629
10629
10629
10629
10321
10475
10475
10475
10475
10475
10475
10475
10629
10629
10629
10629
10629
10629
10629
10629
10629
10321
10475
10475
10475
10475
10475
10475
10475
10629
10629
10629
10629
10629
10629
10629
10629
10629
10629
