12293
12441
12595
12748
12902
12902
13056
13204
13204
13357
13357
13357
13511
13511
13664
13664
13664
13664
13659
13659
13659
13664
13664
13812
13812
13812
13812
13812
13812
13812
13812
13812
13812
13812
13812
13965
13812
13812
13812
13812
13965
13965
13965
13965
13965
13965
13965
13812
13812
13812
13818
13818
13818
13818
13818
13818
13965
13965
13812
13812
13812
13971
13965
13965
13965
13965
13965
13965
13965
13965
13965
13965
13965
13965
13965
13965
13965
13965
13812
13965
13965
13965
13965
13965
13965
13965
13965
13965
13965
13812
13812
13965
13965
13965
13965
13965
13965
13812
13812
13812
13812
13812
13818
13812
13812
13812
13812
13812
13812
13812
13818
13818
13812
13812
13965
13363
13363
13363
13516
13516
13516
13516
13516
13516
13516
13516
13516
13516
13516
13516
13516
13516
13516
13516
13516
13363
13363
13363
13516
13516
13363
13363
13516
13516
13516
13516
13516
13516
13516
13516
13516
13363
13516
13516
13516
13516
13516
13516
13516
13516
13516
13516
13363
13516
13516
13516
13516
13516
13363
13516
13516
13516
13516
13363
13516
13516
13516
13516
13516
13363
13363
13363
13516
13516
13516
13516
13516
13516
13516
13516
13516
13516
13516
13516
13516
13516
13516
13516
13363
13516
13516
13516
13516
13516
13363
13516
13516
13516
13516
13516
13516
13363
13363
13516
13516
13516
13516
13363
13363
13363
13516
13516
13516
13516
13516
13516
13516
13516
13516
13516
13516
13056
13209
13209
13209
13209
13209
13209
13209
13209
13209
13209
13209
13209
13209
13209
13056
13209
13209
13209
13209
13209
13209
13209
13209
13209
13209
13209
13209
13209
13209
13209
13209
13209
13209
13209
13209
13056
13056
13056
13209
13209
13209
13209
13209
13209
13209
13209
13209
13209
13209
13209
13209
13209
13209
13209
13209
13209
13209
13209
13056
13209
13209
13209
13209
13209
13056
13209
13209
13209
13209
13209
13056
13209
13209
13209
13209
13209
13209
13056
13056
13056
13209
13209
13209
13209
13209
13209
13209
13209
13209
13209
13209
13209
13209
13209
13209
13209
13056
13056
13056
13209
13209
13209
13209
13209
13209
13209
13209
13209
13209
13209
13209
13209
13209
13209
13209
13209
12600
12600
12600
12600
12600
12600
12451
12605
12600
12600
12600
12605
12451
12451
12451
12605
12605
12605
12451
12451
12451
12451
12451
12451
12605
12298
12451
12451
12451
12451
12451
12298
12451
12451
12451
12451
12451
12605
12451
12451
12451
12451
12451
12451
12605
12451
12451
12451
12451
12451
12451
12451
12451
12451
12451
12451
12605
12605
12605
12451
12451
12451
12451
12451
12605
12605
12451
12451
12451
12451
12451
12451
12451
12451
12451
12451
12451
12451
12605
12605
12451
12451
12451
12451
12451
12451
12605
12600
12451
12451
12446
12446
12446
12446
12600
12600
12451
12451
12446
12446
12446
12446
12446
12446
12298
12451
12451
12446
12446
12446
12446
12446
12446
12446
12451
12446
12600
12600
12600
12600
12451
12451
12451
12451
12451
12605
12605
12605
12451
12451
12451
12451
12451
12451
12605
12605
12451
12451
12451
12451
12605
12605
12605
12605
12605
10475
10475
10475
10475
10475
10475
10475
10475
10629
10629
10629
10629
10475
10475
10475
10475
10475
10475
10475
10475
10475
10475
10629
10629
10629
10475
10475
10475
10475
10475
10475
10475
10629
10629
10629
10629
10629
10629
10475
10475
10629
10629
10629
10629
10629
10629
10629
10629
10629
10629
10629
10475
10475
10475
10475
10475
10475
10629
10629
10629
10629
10629
10629
10629
10475
10475
10475
10475
10475
10475
10475
10475
10475
10475
10475
10475
10475
10475
10475
10475
10475
10475
10475
10475
10629
10629
10629
10629
10629
10629
10629
10629
10475
10475
10475
10629
10629
10629
10629
10629
10629
10629
10629
10629
10629
10629
10475
10475
10475
10475
10475
10475
10629
10629
10629
10629
10629
10629
10629
10629
10475
10475
10475
10475
10629
10629
10629
10629
10629
10629
10629
10629
10629
10629
10629
10629
10629
10629
10629
10629
10629
10629
10629
10629
10629
10629
10629
10629
10629
10629
10629
10629
10629
10629
10629
10629
10629
10629
10629
10629
10629
10629
10629
10629
10629
10475
10475
10475
10475
10475
10475
10475
10629
10629
10629
10629
10629
10629
10629
10629
10475
10475
10475
10629
10629
10629
10629
10629
10629
10629
10629
10629
10629
10629
10629
10629
10475
10475
10475
10629
10629
10629
10629
10629
10629
10629
10629
10629
10629
10629
10629
10629
10475
10475
10475
10475
10629
10629
10629
10629
10629
10629
10629
10629
10629
10629
10629
10629
10629
10629
10629
10629
10629
10629
10629
10629
10629
10629
10629
10629
10629
10629
10629
10629
10475
10475
10475
10475
10475
10475
10475
10629
10629
10629
10629
10629
10629
10629
10629
10629
10629
10475
10475
10475
10475
10475
10475
10475
10629
10629
10629
10629
10629
10629
10629
10629
10629
10629
10475
10475
10475
10475
10475
10475
10629
10629
10629
10629
10629
10629
10629
10629
10629
10629
10629
10475
