2315
3393
4315
5389
6156
6920
7378
7990
8448
8905
9365
9668
9822
10124
10431
10580
10887
11040
11036
11189
11342
11496
11649
11500
11198
11347
11500
11500
11649
11649
11802
11802
11797
11797
11950
11950
11950
11950
11950
11950
12104
12104
11950
12104
12104
12104
12104
12104
12104
12104
12104
12104
12104
12104
12104
12104
12104
12104
12262
12262
12420
12267
11505
11505
11654
11654
11807
11802
11802
11802
11955
11955
11955
11950
12104
12104
11950
11950
12104
12104
12104
12104
12104
12104
12104
12104
12104
12104
12099
12099
12099
12099
12099
12099
12099
12099
12257
11654
11654
11649
11649
11802
11802
11955
11955
11802
11797
11950
11950
11950
11950
12104
11950
11950
11950
12104
12104
12104
12104
12104
12104
12104
12104
12104
12104
12104
12104
12104
12104
12104
12104
12104
12104
12257
12415
12114
13352
13352
13352
13352
13352
13193
13034
13034
12875
12875
12722
12716
12716
12716
12716
12711
12558
12558
12558
12558
12558
12553
12400
12400
12400
12400
12400
12400
12400
12400
12400
12400
12400
12400
12400
12400
12400
12400
12400
12400
12400
12405
12558
12563
12716
12722
12267
12262
12262
12262
12257
12257
12257
12257
12257
12252
12252
12252
12405
12252
12252
12252
12252
12252
12405
12405
12252
12252
12247
12400
12400
12400
12400
12247
12400
12400
12400
12400
12400
12400
12247
12247
12400
12400
12558
12558
12563
12262
12109
12104
12104
12104
12257
12252
12252
12252
12252
12252
12252
12247
12247
12400
12247
12247
12247
12247
12400
12400
12400
12247
12400
12400
12400
12400
12400
12400
12400
12400
12400
12400
12400
12400
12400
12400
12247
12405
12405
12563
12716
12722
12875
12568
