2006
2623
3700
4775
5697
6461
7074
7532
8147
8608
9066
9527
9988
10141
9527
9219
9527
9984
10286
10436
10743
10891
10738
11045
11198
11347
11500
11654
11654
11654
11802
11802
11802
11955
11955
11955
11955
12109
12109
12109
12109
12104
11955
11955
11955
12109
12104
12109
12262
12114
11203
11352
11505
11654
11654
11807
11955
11955
11802
11955
11955
12109
12109
12257
12257
12104
12257
12257
12257
12410
12410
12410
12257
12257
12410
12410
12410
12410
12410
12410
12257
12410
12410
12410
12410
12410
12568
12267
11807
11960
11960
12114
12109
12109
12262
12262
11955
12109
12109
12104
12104
12257
12257
12257
12104
12104
12257
12257
12257
12257
12257
12257
12104
12104
12104
12257
12257
12257
12257
12257
12257
12104
12104
12104
12262
12262
12420
12420
12426
11812
10747
10133
10286
10589
10896
11045
11352
11500
11654
11347
11045
11194
11347
11500
11649
11802
11955
11955
11955
11955
12109
12109
12257
12257
12257
12257
12257
8630
9088
9393
9700
10004
9547
8630
8934
9242
9547
9854
10004
9088
8784
9088
9393
9700
9850
9700
8780
8784
9088
9393
9700
10004
9547
8784
8780
9242
9547
9700
9700
9700
8934
8476
8934
9239
9547
9700
9850
9242
8476
8780
9242
9547
9854
10004
9393
8630
8780
9242
9547
9700
9850
9850
9088
8322
8780
9088
9547
9696
10004
9547
8780
8626
9088
9393
9696
10004
10004
9393
8630
8476
8934
9239
9547
9850
10004
9242
8476
8784
9088
9393
9393
9700
10004
9547
8784
8780
9242
9547
9700
9854
9850
9700
8934
8476
8780
9242
9547
9854
10004
10004
9088
8322
8784
9088
9547
9700
9854
10004
9547
8784
8476
8934
9242
9547
9850
10158
10158
9242
8476
8780
9242
9547
9854
10004
10004
9854
8934
8476
8780
9242
9547
9700
9854
10004
9854
8934
8322
8784
9088
9393
9700
9850
10004
9854
8934
8322
8780
9242
9547
9547
9854
10004
10004
9242
8322
