1850
2928
3851
4617
5538
6151
6917
7375
7680
8137
8598
9212
9672
10133
9676
9672
9822
9975
10278
10431
10580
10580
10580
10734
10882
10882
11036
11036
11036
11189
11036
11189
11184
11342
11649
11807
11505
11198
11198
11194
11347
11347
11342
11342
11342
11189
11189
11189
11337
11337
11337
11337
11337
11337
11337
11337
11649
11802
11960
11960
11049
11045
11045
11194
11194
11194
11194
11342
11189
11036
11189
11189
11189
11189
11342
11342
11337
11342
11337
11496
11649
11807
11960
12119
11510
11356
11352
11352
11347
11347
11347
11347
11342
11342
11342
11496
11496
11496
11496
11496
11491
11491
11337
11491
11649
11802
11960
12267
12272
11817
463
1389
2622
3852
4929
6005
6775
7234
6775
6926
7689
8147
8758
9216
9519
9979
10129
10282
10585
10891
11040
11194
11347
11496
11496
11649
11802
11802
11955
11955
12104
12104
12104
12257
12257
12257
12257
12257
12257
12257
12257
12410
12410
12568
12722
12574
12426
11510
8013
8476
8934
9239
9547
9547
8626
8476
8934
9088
9239
9393
9547
8780
8171
8630
8934
9239
9393
9547
8934
8171
8322
8780
9088
9393
9700
9242
8322
8476
8934
9242
9547
9696
9543
8927
9231
9381
9531
9834
9984
9984
9979
10133
10282
10282
10436
10431
10431
10431
10585
10585
10734
10734
10734
10580
10734
10734
10734
10734
10887
10734
10734
10887
10882
10882
10882
10882
10431
10278
10431
10431
10431
10427
10580
10427
10278
10278
10427
10427
10580
10580
10580
10580
10580
10734
10734
10729
10729
10729
10734
10734
10734
10887
10887
10887
10882
10882
10734
10887
10887
10887
10887
10887
11040
10282
10436
10431
10585
10585
10585
10734
10734
10580
10734
10734
10734
10734
10887
10887
10882
10734
10734
10887
10882
10882
10882
10882
10882
10882
10882
10882
10882
10882
10887
10882
10887
10887
10882
10882
10882
10882
11040
11040
10891
