2769
3229
3843
4611
5070
5683
5990
6451
6909
7065
7068
7372
7526
7833
7983
8137
8290
8440
8440
8594
8594
9054
9361
9519
9672
9830
9216
8448
8448
8444
8598
8598
8747
8747
8901
9208
9212
8755
8755
8755
8905
8905
9058
9054
9054
9054
9208
9054
9361
9515
9826
9979
9979
9979
9212
8598
8444
8444
8598
8747
8747
8901
9054
9365
9365
8908
8905
9058
9058
9058
9054
9208
9208
9208
9208
9208
8905
9058
9058
9054
9054
9208
9208
9208
9204
9204
9204
9204
9515
9668
9826
9979
9984
9979
9826
9212
8444
8137
8290
8444
8440
8594
8747
9054
9361
9672
9058
8598
8598
8751
8751
8901
8901
8901
9054
9054
9054
9361
9058
9058
9058
9054
9054
9208
9208
9208
9204
9204
9204
9204
9357
9668
9975
10129
10286
10286
10137
9219
8455
7686
7683
7683
7987
8140
8294
8444
8598
9058
9369
9216
8448
8448
8601
8598
8751
8751
8905
8901
8901
9054
9054
9361
9058
9058
9058
9058
9054
9208
9208
9208
9208
9204
9204
9204
9204
8751
8751
8901
8901
8901
9054
9054
9051
9051
9204
9204
9204
9204
8598
8598
8747
8747
8901
8901
9054
9054
9051
9051
9204
9204
9204
617
1542
2465
3235
4003
4617
5387
6000
6461
6923
7231
6926
6313
12595
12748
12902
13056
13050
12595
12748
12902
13056
13050
12595
12748
12902
13056
13050
12595
12748
12902
13050
13050
12902
12748
12748
12902
13050
13050
12595
12748
12902
13050
13050
12897
12748
12897
13050
13050
13204
12748
12743
12897
13050
13050
13050
12595
12743
12897
13050
13050
13050
12595
12748
12902
13050
13050
13050
12595
12748
12902
13056
13050
13050
12748
12748
12902
13050
13050
13050
12595
12748
12902
13056
13050
13050
12902
12748
12902
12902
13050
13050
13050
12595
12748
12902
13056
13204
13204
12748
12748
12902
13056
13050
12902
12748
12293
12293
12441
12595
12748
12902
12902
12441
12595
12748
12902
12902
13050
13050
12595
12748
12748
12902
13050
13050
13050
12595
12748
12902
12902
13050
13050
13050
