2161
2776
3852
4927
5846
6613
6764
7529
7987
8598
9054
9511
9818
10120
10427
10734
11045
10891
10436
10585
10891
11040
11194
11342
11496
11649
11644
11797
11797
11950
11950
11945
12099
12099
12099
12099
12099
12099
12252
12252
12252
12252
12252
12252
12252
12252
12405
12400
12247
12400
12400
12405
12405
12563
12563
11960
11955
12109
12104
12104
12104
12104
11950
12104
12104
12099
12099
12252
12099
12099
12252
12252
12252
12252
12252
12252
12252
12252
12252
12405
12405
12400
12252
12247
12400
12400
12400
12400
12400
12252
12405
12563
12716
12716
12722
12722
11807
11654
11802
11802
11955
11950
12104
12104
12099
12099
12099
12252
12252
12252
12252
12252
12252
12099
11945
11945
11792
11797
11797
11644
11491
11491
11491
11491
11491
11337
11337
11337
11337
11337
11342
11649
11807
11960
12114
12267
12267
11352
13204
13204
13204
13204
13204
13204
13204
13204
13204
13204
13045
13045
12886
12732
12727
12574
12574
12568
12568
12415
12415
12415
12262
12257
12257
12257
12257
12257
12257
12257
12257
12257
12257
12257
12104
12104
12104
12104
12099
12104
12104
12104
12104
12104
12104
12257
11347
11500
11496
11649
11802
11802
11802
11649
11649
11797
11797
11950
11950
11797
11950
11950
11950
12104
12104
12104
11950
12104
12104
12104
12104
12104
12104
12104
12104
12104
12104
12104
12104
12257
12104
12104
12104
12257
12262
12415
12420
11659
11659
11807
11807
11807
11955
11955
11955
11802
11802
11955
11955
11955
11950
12104
11955
11950
11950
11950
11950
12104
12104
11950
12104
12104
12104
12104
12104
12104
12104
12104
12104
12104
12104
12104
12104
12104
12104
11347
11347
11496
11496
11649
11649
11802
11797
13204
13204
13204
13204
13357
13204
13204
13045
13045
12886
12732
12727
12727
12574
12568
12568
12415
12415
12415
12410
12410
12410
12257
12257
12257
12257
12257
12257
12257
12257
12257
12257
12257
12257
12257
12257
12257
12257
12257
12257
12257
12257
12257
12257
12257
12257
12410
12109
11807
11807
11955
11955
11955
12109
11955
11950
12104
12104
12104
12104
12104
11797
11797
11950
11950
11950
12104
12104
11950
12104
12104
12104
12104
12104
12104
12104
12104
12099
12252
12252
12252
12252
12099
12099
12252
12252
12252
12252
12257
11955
11807
11802
11802
11955
11955
11955
12104
11950
12104
12104
12104
12104
12104
12104
12257
12104
12257
12257
12257
12252
12252
12252
12252
12252
12252
12252
12252
12252
12257
12257
12257
12257
12257
12257
12257
12257
12257
12257
12257
12257
12257
12410
12415
12568
12574
12119
