2159
2775
3851
4771
5538
6302
6914
7219
7372
7830
8287
8744
9051
9353
9660
9515
9668
9818
9971
10120
10274
10274
10427
10423
10423
10576
10576
10576
10576
10725
10878
11031
10734
10580
10734
10882
10882
11031
11184
11184
11184
11184
11333
11333
11486
11486
11486
11486
11486
11639
11792
11950
12104
12262
12109
11500
11496
11496
11649
11649
11644
11644
11644
11644
11644
11644
11639
11639
11639
11639
11639
11644
11194
11036
11036
11036
11036
11184
11184
11337
11337
11337
11333
11333
11333
11333
11333
11486
11486
11337
10431
10278
10427
10427
10427
10580
10576
10576
10576
10729
10729
10729
10878
10878
11031
11031
11180
11180
11491
11040
11036
11036
11036
11036
11036
11036
11036
10878
10878
11031
11031
11031
11184
11184
11180
11333
11333
11486
11797
11189
11189
11189
11342
11337
11337
11337
11486
11486
11486
11180
11333
11333
11333
11333
11486
11486
11486
11639
10882
10882
11036
11031
11184
11184
11337
11333
11333
11486
11180
11333
11333
11333
11333
11333
11486
11486
11486
11792
11036
11036
11184
11184
11184
11337
11337
11333
11486
11486
