1859
2631
4021
5098
6174
6789
7400
8167
8780
9393
10004
10462
10765
11226
11529
11832
11985
12139
12441
12595
12748
12748
12902
13050
13050
13204
13204
13204
13357
13357
13357
13357
13511
13511
13511
13511
13664
13505
13659
13659
13659
13659
13659
13659
13659
13659
13659
13659
13659
13659
13659
13659
13659
13659
13659
13659
13659
13659
13659
13659
13659
13659
13659
13812
13812
13659
13812
13812
13812
13812
13812
13812
13812
13812
13812
13812
13812
13812
13812
13812
13812
13812
13812
13659
13659
13659
13659
13659
13812
13812
13664
13659
13812
13812
13812
13812
13812
13812
13812
13812
13812
13812
13965
13812
13812
13812
13812
13812
13812
13659
13659
13664
13659
13812
13812
13812
10629
10629
10629
10629
10629
10629
10629
10629
10629
10629
10629
10629
10629
10475
10475
10475
10475
10475
10475
10629
10629
10629
10629
10629
10629
10475
10475
10475
10475
10475
10475
10475
10475
10475
10629
10629
10629
10629
10475
10475
10475
10475
10475
10475
10475
10629
10629
10629
10629
10629
10629
10321
10475
10475
10475
10475
10475
10475
10629
10629
10629
10629
10629
10629
10629
10321
10475
10475
10475
10475
10475
10475
10475
10629
10629
10629
10629
10629
10475
10475
10475
10475
10475
10475
10475
10475
10629
10629
10629
10629
10629
10629
10475
10475
10475
10475
10475
10475
10475
10629
10629
10629
10629
10629
10629
10629
10629
10475
10475
10475
10475
10475
10475
10629
10629
10629
10629
10629
10629
10629
10629
10321
10321
10475
10475
10475
10475
10475
10475
10475
10475
10629
10629
10629
10629
10629
10321
10321
10475
10475
10475
10475
10475
10475
10475
10629
10629
10629
10629
10629
10629
10321
10475
10475
10475
10475
10475
10475
10475
10629
10629
10629
10629
10629
10629
10629
10321
10475
10475
10475
10475
10475
10475
10475
10475
10629
10629
10629
10629
10629
10629
10629
10321
10475
10475
10475
10475
10475
10475
10475
10475
10475
10475
10321
10321
10321
10321
10321
10321
10171
9863
9863
9863
10017
10017
10167
10167
10167
10321
10321
10321
10321
10475
10475
10475
10475
10321
10013
10167
10167
10167
10321
10321
10321
10475
10475
10475
10475
10475
10475
10475
10475
10629
10475
10475
10475
10475
10475
10475
10475
10475
10629
10629
10629
10629
10629
10629
10629
10629
10475
10475
10475
10629
10629
10629
10629
10629
10629
10629
10629
10629
10629
10629
10629
10629
10629
10629
10629
10629
10629
10629
10629
10629
10629
10629
10629
10629
10629
10629
10629
10629
10629
10629
10629
10629
10629
10629
10629
10629
10629
10629
10629
10629
10629
10629
10629
10629
10629
10629
10629
10629
