2157
2926
3848
4615
5382
5995
6607
7375
7836
7532
7683
8140
8444
8598
8901
9054
9357
9511
9660
9511
9818
10124
10431
10743
11049
10896
10129
9365
9365
9515
9668
9664
9818
9971
9967
10120
10585
9826
9822
9975
9971
10124
10120
10274
10274
10274
10423
10423
10423
10576
10887
11040
11352
11505
11352
10589
9672
9519
9668
9822
9818
9971
10124
10120
10274
10274
10431
9975
9975
10129
10124
10124
10278
10274
10274
10427
10427
10423
10423
10423
10734
10887
11198
11352
11194
11194
11040
10278
9361
9357
9511
9664
9814
9967
9967
10274
10585
10891
10436
9822
9975
9971
10124
10124
10274
10274
10274
10427
10427
10423
9818
9818
9971
10120
10120
10274
10274
10269
10423
10423
10423
10423
10269
10576
10887
11194
11352
11505
11505
11352
10436
9519
8755
8598
8751
9054
9208
9361
9511
9664
9818
10278
10585
10436
10133
10129
10129
10278
10278
10278
10427
10427
10427
10427
10576
10576
10423
10734
10887
11198
11352
11659
11663
11817
10901
9979
9062
8297
8601
8751
9058
9208
9361
9511
9664
9818
10124
10431
10436
9826
9668
9822
9971
9971
10124
10120
10274
10274
10274
10423
10423
10423
9971
9971
10124
10120
10274
10274
10269
10423
10423
10423
10423
10423
10576
10269
10576
10887
11040
11040
11040
11040
10882
10882
10882
10882
10576
9814
772
1852
3084
4161
5235
6002
6308
7074
7683
8294
8755
9212
9515
9822
10278
10431
10734
10887
11040
11194
11500
11654
11812
11510
11049
11198
11352
11500
11654
11807
11802
11955
11955
12109
12109
12104
12257
12257
12257
12257
12410
12410
12257
12410
12410
12410
12410
12410
12410
12410
12410
12410
12410
12410
12405
12405
12405
12410
12563
12722
12722
12574
12114
12114
12267
12262
12262
12262
12415
12262
12257
12410
12410
12410
12410
12410
12410
12410
12410
12410
12410
12410
12563
12410
12410
12410
12410
12563
12410
12410
12410
12410
12410
12563
12563
12563
12563
11807
11654
11654
11802
11802
11955
12109
12109
11955
11955
12104
12104
12104
12257
12257
12257
12257
12257
12410
12410
12405
12405
12405
12405
12405
12405
12405
12405
12558
12558
12558
12405
12405
12405
12558
12558
12558
12563
12568
12441
12595
12748
12748
12748
12441
12595
12748
12902
12902
12441
12595
12748
12902
12902
12441
12595
12748
12748
12902
12748
12595
12595
12748
12902
12902
12441
12595
12748
12748
12902
12748
12441
12595
12748
12902
12902
12441
12441
12595
12748
12902
12902
12441
12595
12748
12748
12902
12902
12441
12595
12595
12748
12902
12902
12446
12595
12595
12748
12902
12902
12446
12441
12595
12748
12902
12902
12441
12441
12595
12748
12897
12897
12897
12441
12595
12748
12897
12897
12897
12441
12595
12748
12743
12897
12897
12897
12441
12595
12748
12902
12897
12897
12441
12595
12595
12748
12902
12897
12902
12441
12595
12748
12748
12902
12897
12897
12441
12595
12748
12748
12902
12902
12897
12441
12595
12748
12902
12902
12748
12748
