2162
3086
4008
4929
5695
6461
7074
7225
7836
8448
8905
9361
9818
10124
10427
10580
10882
11189
11342
11491
11644
11644
11792
11945
11945
12099
12099
12099
12252
12252
12252
12405
12405
12405
12400
12553
11649
11649
11797
11950
12104
12104
12099
12099
12252
12252
12252
12405
12400
12405
12400
12553
12553
12553
12553
12553
12553
12553
12553
12553
12553
12553
12553
12553
12553
12553
12553
12553
12553
12553
12553
12553
12553
12706
12706
11649
11802
11950
11950
12104
12099
12252
12099
12099
12252
12252
12405
12400
12400
12247
12400
12400
12400
12553
12553
12553
12553
12553
12553
12553
12553
12553
12553
12553
12553
12553
12553
12706
12706
12706
12706
12553
12553
12553
12553
12711
12870
12870
12415
12262
12262
12257
12410
12410
12410
12405
12410
12405
12405
12558
12558
12558
12558
12558
12144
12298
12446
12600
12600
12144
12298
12451
12600
12600
11990
12298
12451
12446
12600
12446
12139
12134
12282
12277
12277
12272
12272
12267
12420
12420
12415
12415
12415
12415
12415
12410
12410
12410
12410
12410
12410
12410
12410
12563
12410
12410
12410
12410
12563
12563
12410
12410
12410
12410
12410
12563
12563
12410
12410
12410
12563
12722
12722
12267
11960
12114
12114
12114
12262
12262
12262
12262
12262
12262
12410
12410
12410
12410
12410
12410
12410
12410
12410
12410
12257
12104
12104
12257
12257
12257
12104
12104
11649
11802
11797
11797
11797
11797
11797
11802
11496
11496
11649
11797
11797
12109
12109
12267
11659
11654
11807
11807
11955
11955
12109
12109
11955
12109
12104
12104
12257
12257
12257
12257
12257
12410
12410
12410
12410
12410
12410
12410
12410
12410
12410
12410
12563
12563
12563
9088
9550
10008
10312
10620
10923
10162
9242
9396
9700
10162
10466
10774
10923
10008
9092
9396
9700
10162
10466
10620
10923
10008
9092
9396
9700
10162
10466
10774
10923
10162
9242
9242
9550
10008
10316
10620
10928
10620
9550
9092
9550
9854
10162
10466
10774
11077
10008
9246
9092
9550
9854
10316
10466
10774
10774
9854
8938
9242
9705
10008
10466
10620
10923
10620
9705
8784
9242
9705
10008
10316
10620
10928
10774
9859
8938
9242
9705
10008
10466
10620
10928
10928
9854
9092
9092
9550
10008
10316
10620
10774
11077
10316
9396
8938
9396
9854
10162
10466
10774
10923
10774
9700
8938
9092
9550
10008
10312
10620
10769
11077
10466
9550
8784
9242
9700
10162
10466
10769
10923
11231
10312
9396
8784
9242
9700
10004
10308
10453
10756
10905
11059
10752
10901
11049
11203
11352
11505
11659
11654
11500
11500
11654
11654
11802
11802
11802
11955
11955
11654
11649
11802
11802
11955
11955
11955
12109
12109
11802
11802
11955
11955
12109
12109
12109
12109
12104
11802
11802
11960
12119
12119
12272
12272
12272
12267
11505
10593
8934
9239
9547
9696
9850
9547
8630
8934
9239
9547
9850
10004
9088
8780
9242
9547
9700
10004
9850
9081
9385
9535
9684
9834
9984
9830
9979
10133
10286
10282
10436
10431
10431
10431
10585
10580
10580
10734
10580
10580
10734
10734
10734
10734
10887
10734
10734
10734
10734
10887
10887
10734
10734
10734
10734
10734
10734
10734
10580
10580
10580
10734
10738
10891
10896
10593
9830
9979
9979
10129
10282
10282
10431
10431
10585
10585
10585
10738
10734
10734
10734
10734
10734
10734
10734
10887
10887
10887
10887
10887
10887
10887
10887
10887
10887
10887
10887
10887
10887
10882
10882
10882
10882
10882
10882
10882
10882
10882
10882
10882
10887
11040
11045
11198
11203
11203
11049
10743
9979
9672
9826
9975
10129
10282
10278
10431
10431
10431
10585
10585
10580
10734
10734
10734
10734
10734
10734
10734
10734
10887
10887
10887
10887
