8332
8641
8945
9100
9254
9404
9404
9558
9713
9713
9867
9863
9867
9404
8945
8486
8332
8486
8791
8945
9100
9254
9404
9558
9558
9713
9713
9867
9863
9558
8945
8332
7872
7255
6795
7103
7409
7869
8178
8332
8637
8791
8945
9096
9250
9404
9558
9554
9250
8945
8483
7869
7869
8178
8483
8637
8945
9096
9250
9404
9404
9558
9709
9709
9863
9558
9250
8791
8332
7869
8023
8178
8483
8637
8945
9100
9250
9404
9404
9558
9713
9713
9863
9558
9250
8791
8178
7718
7564
7872
8178
8486
8637
8791
9100
9250
9250
9404
9558
9713
9713
9863
9558
8945
8332
7718
7103
6643
6643
7103
7564
7872
8178
8486
8637
8791
8945
9100
9250
9404
9558
9713
9404
9100
8641
8023
7564
7718
8023
8332
8486
8791
8945
9100
9250
9404
9558
9713
9713
9863
9863
9713
9250
8637
8332
8483
8791
8945
9100
9250
9404
9558
9558
9713
9713
9867
9863
10017
10017
9558
9250
8945
8332
8332
8486
8791
8945
9100
9250
9404
9558
9558
9709
9709
9863
9863
10017
10017
9863
9558
8945
8637
8332
7872
7564
7409
7718
8023
8332
8637
8791
8945
9096
9250
9404
9558
9558
9709
9863
9863
9709
9404
8945
8483
8023
8178
8328
8637
8791
8945
9096
9250
9404
9558
9713
9709
9863
9863
10017
10017
9713
9404
8945
8332
8637
8791
8945
9096
9250
9404
9558
9558
9713
9867
9863
9863
10017
10017
10017
10017
9863
9250
8641
8023
8332
8641
8791
8945
9100
9250
9404
9404
9558
9713
9713
9867
9863
9863
10017
10017
9713
9254
8486
7872
7258
6797
6334
6643
7103
7409
7872
8178
8332
8637
8791
8945
9254
9404
9404
9558
9713
9709
9863
9558
9096
8637
7869
7409
6795
6486
6949
7255
7718
8023
8178
8483
8637
8945
9096
9250
9404
9404
9558
9709
9709
9863
9713
9250
8945
8332
7872
7564
7718
8023
8332
8637
8791
8942
9092
9396
9547
9539
9688
9838
9988
9984
10141
10141
9992
9377
8608
8912
9062
9216
9365
9519
9672
9826
9984
9984
10133
10133
10129
10282
10282
10278
10278
10124
9519
9519
9672
9668
9822
9818
9971
9971
10124
10124
10278
10282
10440
10440
10436
10436
10431
10431
9971
9204
9357
9515
9672
9826
9826
9975
9975
10124
10124
10124
10278
10274
10274
10431
10436
10440
10440
9975
12595
12748
12748
12897
12897
12595
12748
12902
12902
13050
12595
12748
12902
12897
13050
12902
12748
12902
12902
13050
13050
12748
12902
12902
13050
13050
12595
12748
12902
13056
13050
13050
12748
12748
12902
13050
13050
12902
12748
12902
12902
13056
13050
12595
12748
12902
13056
13050
13050
12595
12748
12902
12902
13050
13050
12595
12748
12748
12902
13056
13050
12595
12748
12748
12902
13056
13050
12902
12595
12748
12902
13056
13050
13050
12595
12748
12902
13056
13050
13050
12595
12748
12748
12902
13050
13050
13050
12595
12748
12897
13050
13204
13204
12897
12748
12902
12897
13050
13204
13204
12595
12748
12897
13050
13050
13204
13204
12748
12748
12902
13050
13050
13204
13204
12595
12748
12902
13056
13050
13204
13204
9242
9700
10008
10312
10774
10923
10162
9242
9242
9700
10008
10466
10774
10923
10008
9088
9550
9854
10312
10620
10769
10923
9854
9092
9396
9854
10162
10466
10774
11077
10008
9246
9396
9859
10162
10466
10774
10923
10316
9396
9092
9396
9854
10162
10466
10774
10928
10008
9092
9242
9705
10008
10466
10620
10923
10620
9705
8938
9396
9854
10162
10466
10774
11077
10466
9550
9092
9550
9854
10316
10620
10774
11077
10466
9550
8938
9396
9854
10162
10466
10774
11077
10620
9705
8938
9396
9705
10162
10466
10774
10928
10928
10008
9092
9246
9705
10008
10316
10620
10928
11077
10466
9550
9092
9550
9854
10316
10620
10774
11077
11077
10162
9246
9092
9550
10008
10312
10620
10923
11077
10923
9854
9092
9088
9550
10008
10312
10620
10923
11077
10923
9854
9092
9088
9550
9854
10316
10620
10774
11077
11077
10162
9246
8938
9242
9705
10008
10312
10620
10928
11077
10466
9550
8784
9242
9705
10008
10466
10774
11077
11231
10774
9854
8934
9085
9235
9385
9535
9684
9834
9984
9984
10133
10133
10593
10440
9984
10133
10133
10129
10282
10282
10278
10431
10431
10431
10427
10738
10589
