2768
3382
4150
4917
5529
6144
6602
7062
7520
7827
1077
2000
2923
3844
4611
5378
5990
6604
7062
7369
7372
7833
8137
8444
8747
8901
9054
9357
9511
9511
9664
9664
9971
10278
10585
10896
11049
10440
9519
8755
8598
8905
9054
9208
9361
9511
9664
10124
10282
9672
9822
9822
9975
10124
10124
10124
10278
10274
10274
10427
10274
10580
10891
11045
11203
11356
11203
10896
10133
9212
9212
9515
9515
9668
9818
9818
10124
10436
10589
9984
9216
9369
9519
9672
9822
9822
9975
9971
10124
10124
10278
9365
9519
9519
9668
9668
9822
9975
9971
10124
10124
10278
10278
9971
10124
10431
10738
10896
11049
11049
11049
10896
10129
9361
9361
9515
9515
9664
9818
9818
9971
10431
10743
10743
9979
10133
10129
10129
10282
10278
10278
10278
10431
10431
10431
10427
10431
10738
11045
11203
11356
11510
11361
11203
11049
10282
9365
8598
8444
8747
8901
9208
9361
9822
10282
10589
10901
10286
9519
9212
9365
9515
9668
9668
9818
9971
9971
10124
10120
10431
10436
925
2003
3079
3848
4615
5382
6151
6920
7535
8147
8455
7997
7843
8147
8451
8601
8905
9058
9361
9515
9664
9975
10282
10133
9523
9672
9822
9822
9975
9971
10124
10124
10274
10274
10585
10891
10436
10436
10431
10431
10431
10427
10427
10580
10580
10580
10576
10734
10887
7409
7869
8174
8476
8623
8927
9077
9227
9377
9527
9676
9830
9988
9223
9219
9369
9519
9672
9822
9822
9971
10124
10120
10282
10282
10286
10137
9066
8301
8147
8297
8601
8905
9058
9208
9361
9515
9672
9830
9984
9979
10133
9365
8601
8751
9058
9208
9361
9511
9664
9822
9979
9979
10133
10129
10282
10278
9361
9054
9208
9357
9511
9664
9822
9979
9979
10133
10129
10129
10278
10278
10278
9361
9054
9208
9357
9668
9672
9830
9979
9975
10129
10124
10278
10278
10274
10274
9511
8901
9208
9365
9523
9672
9822
9822
9971
10124
10124
10120
10274
10274
10269
9967
9361
9515
9511
9664
9814
9967
9967
10120
10116
10116
10269
10269
10427
10436
10436
9672
9212
9361
9515
9664
9818
9818
9967
9967
10120
10120
10278
10282
10436
10436
10436
9515
9058
9361
9515
9511
9664
9818
9967
9971
10129
10286
10286
10282
10282
10282
10431
9668
9361
9515
9664
9818
9818
9967
10124
10129
10286
10286
10282
10436
10431
10431
10431
9818
9054
9208
9511
9511
9664
9822
9979
10133
10133
10129
10282
10278
10278
10431
10427
10427
9664
9208
9357
9515
9672
9826
9830
9988
10141
10137
10133
10286
10282
10282
10431
10431
10431
9515
8598
7833
7683
7990
8294
8598
8901
9054
9204
9357
9511
9660
9814
9967
9963
10120
10124
10282
9979
9680
9834
9838
9842
9996
10000
10000
10154
10158
10312
10312
10312
10316
10316
10470
10470
10167
9400
8633
8788
8942
9096
9404
9554
9709
9709
9863
10017
10017
10171
10171
10171
10325
10321
10321
10017
10017
10171
10171
10171
10325
10325
10321
10475
10475
10475
10475
10475
10475
10475
10629
10629
10325
10325
10475
10475
10475
10475
10475
10475
10629
10629
10629
10629
10629
10629
10629
10629
10475
10321
10475
10475
10475
10475
10475
10475
10475
10629
10629
10629
10629
10629
10629
10629
10629
10629
10321
10475
10475
10475
10475
10475
10475
10475
10475
10629
10475
10475
10629
10629
10629
10629
10629
