2007
2777
3854
4775
5697
6461
7228
7228
7993
8451
9062
9365
9822
10129
10129
10436
10743
10896
11203
11356
10896
9984
10286
10589
10896
11045
11198
11347
11347
11500
11500
11654
11802
11955
11955
11802
11955
11955
12109
12109
12262
12109
12109
12109
12109
12257
12257
12257
12257
11955
12104
12104
12257
12257
12262
12415
11659
11659
11807
11807
11960
11955
12109
12109
11347
11500
11649
11802
11955
11955
11955
12104
11955
11950
12104
12104
12257
12257
12410
12257
12410
12410
12410
12410
12410
12410
12410
12410
12410
12410
12410
12410
12410
12410
12114
11505
11659
11807
11807
11960
11955
12109
12109
11802
11955
11955
12104
12104
12257
12257
12410
12257
12257
12410
12410
12410
12410
12410
12410
12257
12257
12257
12257
12257
12257
12257
12257
12257
12257
12257
12257
12257
12257
12415
12415
12420
12119
11049
10896
11049
11198
11352
11505
11654
11807
11960
11500
11347
11500
11654
11649
11802
11955
11955
12109
12748
12748
12902
13050
12897
12748
12748
12902
13050
13050
12748
12748
12902
12897
13050
12595
12748
12902
12902
13050
12595
12748
12748
12897
13050
13050
12595
12748
12902
12897
13050
12595
12748
12897
12897
13050
13050
12748
12902
12897
13050
13050
13050
12743
12897
13050
13050
13050
12897
12743
12897
13050
13050
13050
12748
12748
12897
12897
13050
13050
12748
12748
12902
12897
13050
13050
12897
12748
12902
12897
13050
13050
13050
12748
12902
12902
13050
13050
13050
12748
12748
12902
13056
13050
13050
13050
12748
12902
12897
13050
13050
13050
12748
12748
12902
13050
13050
13050
13050
12748
12902
12902
13050
13050
13050
13050
12748
12902
12902
13050
13050
13050
12902
12748
12748
12902
13056
13050
13050
12897
