2006
2930
3854
4775
5543
6156
6618
7077
6618
6923
7382
7840
8147
8451
8755
9062
9058
9365
9515
9668
9822
9822
9971
9975
10124
10124
10278
10278
10278
10431
10431
10431
10427
10427
10585
10585
10580
10580
10580
10580
10580
10580
10585
10743
10743
10593
9676
8912
9066
9216
9523
9672
9826
9975
9975
9519
9365
9519
9668
9822
9975
10129
10124
10278
10124
10278
10278
10278
10431
10431
10427
10580
10580
10580
10580
10580
10580
10580
10580
10580
9822
9975
9975
10124
10124
10278
10278
10278
10278
9971
9971
10124
10278
10278
10274
10427
10427
10427
10427
10427
10427
10580
10580
10580
10580
10580
10580
10580
10580
10580
10580
10734
10734
10734
10734
9672
9672
9826
9975
9975
10129
10124
10278
10278
9822
9822
9971
9971
10124
10124
10278
10278
10431
10427
10427
10427
10427
10427
10580
10580
10580
10580
10580
10427
10580
10580
10580
10580
10580
10580
10580
10738
10738
10133
10133
10282
10282
10436
10436
10431
10431
10585
10585
10431
10431
10431
10585
10585
10585
10580
10580
10580
10734
12897
12897
13050
13050
13050
12897
13050
13050
13050
13050
13056
13050
13050
13050
13050
13050
13050
13050
13050
13050
13056
13056
13050
13050
13050
13050
13050
13050
13050
13050
13050
13050
12897
12738
12738
12732
12579
12420
12420
12420
12262
12262
12262
12262
12262
12109
12104
12104
12104
12104
12104
12104
12104
12104
12104
12104
12104
12104
12104
12104
12104
12104
12104
11950
11950
11950
11950
11950
11950
12109
11500
11500
11654
11649
11649
11802
11802
11649
11649
11802
11797
11797
11797
11950
11644
11797
11797
11797
11950
11950
11950
11797
11797
11950
11950
11950
11950
11950
11950
11950
11950
11950
11950
11950
11950
11945
11950
11950
11950
12109
12262
12267
12420
12119
11356
11352
11505
11500
11654
11654
11654
11802
11654
11649
11649
11802
11802
11802
11955
11950
11380
11529
11837
11985
12139
11832
11985
12139
12293
12441
12441
12595
12595
12748
12748
12748
12897
12897
12897
12897
13050
13050
13050
13050
13050
13204
13050
13204
13204
13204
13204
13204
13204
13204
13045
12886
12886
12732
12574
12574
12568
12415
12415
12415
12415
12415
12257
12257
12257
12257
12104
12104
12104
12257
12257
12257
12257
12104
12104
12104
12104
12104
12104
12104
12104
12104
12104
12104
12104
12104
12104
12104
12104
12262
12262
12420
12420
11965
10747
10896
11049
11198
11198
11347
11500
11500
11500
11654
11649
11802
11802
11802
11955
11802
11802
11950
11950
11950
11950
11950
12104
11950
11950
12104
12104
12104
12104
12104
11950
12104
12104
12104
12104
12104
12104
12104
12104
12104
12262
12262
12420
12420
12420
11965
11049
11049
11198
11352
11347
11500
11500
11649
13653
13653
13653
13653
13653
13494
13340
13335
13182
13176
13023
13023
13023
13017
12864
12864
12711
12711
12711
12706
12706
12706
12706
12706
12706
12706
12706
12706
12553
12553
12553
12553
12553
12706
12706
12706
12706
12706
12706
12706
12553
12553
12553
12553
12706
12706
12706
11496
11649
11797
11950
11950
12099
12099
12099
12099
12252
12252
12252
12400
12400
12400
12400
12400
12400
12553
12553
12400
12553
12553
12553
12553
12553
12553
12553
12553
12553
12553
12553
12553
12553
12553
12553
12553
12553
12553
12553
12553
12553
12553
12711
12864
12870
13023
12415
11960
11955
12109
12104
12257
12257
12405
12252
12252
12252
12405
12405
12400
12400
12400
12400
12400
12400
12553
12553
12553
12553
12553
12553
12553
12553
12553
12553
12553
12553
12553
12553
12553
12553
12553
12553
12700
