2620
3697
4619
5384
6151
6914
7526
7983
8290
8747
9208
9822
10129
10589
9979
9975
10278
10431
10734
10882
10882
11036
11036
11184
11184
11337
11491
11486
11644
11040
11189
11342
11342
11491
11491
11644
11639
11639
11639
11639
11639
11792
11792
11787
11945
10887
11036
11189
11189
11337
11337
11491
11486
11333
11486
11486
11639
11639
11639
11787
11945
11342
11337
11491
11491
11491
11644
11639
11639
11792
11639
11792
11792
11787
11787
11787
11787
12099
11189
11342
11337
11491
11491
11639
11639
11639
11639
11639
11639
11639
11792
11792
11787
11940
12099
11189
11189
11342
11337
11491
11491
11639
11639
11639
11486
11486
11639
11639
11639
11787
11787
11945
12099
11496
11496
11644
11644
11644
11639
11792
11792
11792
11792
11792
11792
11787
11940
11940
11940
11940
12099
11950
11649
11644
11644
11797
11797
11792
11792
11792
11945
11792
11639
11792
11792
11787
11787
11787
11940
12099
12099
11649
11644
11797
11797
11792
11792
11792
11945
11945
11945
11945
11940
11940
11940
11940
11940
11940
12099
12252
11802
11990
12144
12293
12446
12600
12144
12144
12298
12446
12600
12446
12144
12298
12446
12600
12600
11990
12144
12451
12446
12600
12446
12144
12298
12446
12600
12600
11990
11832
11827
11827
11822
11817
11663
11659
11659
11654
11654
11654
11649
11649
11649
11649
11496
11644
11802
11955
12114
12267
12272
11208
10901
10896
11045
11045
11198
11194
11194
11194
11189
11342
11342
11342
11342
11342
11491
11491
11491
10738
10738
10734
10887
10887
11036
11036
11189
11189
11189
11189
11184
11184
11337
11337
11337
11337
11491
10580
10734
10887
10882
11036
11036
11189
11189
11184
11184
11337
11337
11337
11337
11337
11491
11491
11491
10278
10427
10580
10734
10882
10882
11036
11036
11189
10882
11036
11031
11184
11184
11184
11337
11337
11337
11337
10431
10580
10734
10887
10882
11036
11036
11189
11184
11184
11031
11031
11184
11184
11184
11337
11337
11337
11337
11491
10887
10887
11036
11036
11189
11189
11189
11337
11337
11337
11337
11337
11337
11337
11337
11491
11491
11491
11491
11491
