2161
2623
3546
4313
5081
5848
6461
6920
6920
7378
7836
8140
8448
8755
9062
8912
8301
8605
8912
9062
9365
9519
9672
9668
9668
9822
9975
9975
10129
10124
10278
10124
10278
10278
10278
10431
10431
10431
10431
10431
10431
10431
10431
10580
10580
10580
10580
10427
10427
10585
10585
10589
10743
10747
10440
9523
9676
9826
9979
9979
10129
10129
10282
10129
10282
10282
10278
10431
10431
10431
10431
10585
10431
10431
10431
10585
10585
10580
10580
10580
10427
10580
10580
10580
10580
10580
10580
10734
10580
9975
9975
10129
10124
10278
10278
10431
10431
10431
10124
10124
10278
10278
10274
10427
10427
10427
10580
10427
10427
10427
10580
10580
10580
10580
10580
10580
10427
10580
10580
10580
10580
10580
10580
10580
10580
10129
10129
10282
10278
10431
10431
10431
10431
10580
10431
10427
10427
10580
10580
10580
10580
10580
10580
10734
10580
10580
10580
10580
10580
10580
10580
10734
10734
10580
10580
10580
10580
10580
10580
10580
10734
10738
10738
10440
9979
10133
10129
10282
10282
10282
10431
10431
10431
10585
12748
12748
12743
12743
12738
12584
12579
12426
12420
12420
12420
12267
12262
12262
12262
12262
12262
12109
12104
12104
12104
12104
12104
12104
12104
12104
12104
12104
12104
12104
12104
12104
12104
12104
12104
12104
12104
12104
12104
12104
12104
12262
11654
11807
11807
11802
11802
11955
11802
11955
11955
11950
11950
12104
12104
12104
12104
12104
12104
12104
12104
12104
12104
12104
12104
12104
12104
12104
12104
12104
12104
12104
12104
12104
12104
12104
12104
12104
12104
12104
12104
12262
12109
11352
11500
11654
11654
11649
11802
11802
11802
11802
11802
11802
11955
11955
11950
11950
11950
11950
11950
11950
11950
12104
12104
11950
11950
12104
12104
12104
12104
12104
12104
11950
11950
11950
11950
11950
12104
12104
12104
12104
12109
12262
12267
12262
12262
12262
11807
10891
11040
11194
11347
11496
11496
11649
11649
13198
13352
13352
13352
13352
13352
13352
13352
13505
13505
13505
13505
13505
13505
13505
13505
13505
13505
13505
13499
13346
13340
13187
13182
13028
13023
13023
12870
12864
12864
12864
12864
12711
12711
12711
12706
12706
12706
12706
12706
12706
12706
12706
12706
12706
12553
12553
12706
12553
12553
12553
12553
12553
12553
12553
12553
12553
12553
12553
12553
12711
12711
12870
12870
11960
11955
11955
12109
12104
12257
12257
12104
12252
12252
12252
12252
12405
12405
12405
12405
12405
12400
12553
12553
12553
12400
12400
12400
12553
12553
12553
12553
12553
12553
12553
12553
12553
12553
12553
12553
12553
12553
12553
12553
12553
12711
12711
12109
12104
12257
12257
12257
12405
12405
12405
12405
12405
12400
12400
12400
12553
12553
12400
12400
12553
12553
12553
12553
12553
12553
12748
12748
12748
12897
12897
12897
12897
12897
12897
12897
12897
12897
13050
13050
13050
13050
13050
13050
13050
13050
12897
13050
13050
13050
13050
13050
13050
13050
13050
12891
12738
12579
12579
12574
12420
12420
12415
12262
12262
12262
12262
12257
12257
12104
12104
12104
12104
12104
12104
12104
12104
12104
12104
12104
12104
12104
12104
12104
12104
12104
12104
12104
12104
12104
12104
11950
12104
12104
12104
12104
11194
11347
11347
11496
11496
11649
11649
11496
11649
11649
11797
11797
11797
11797
11797
11797
11950
11950
11950
11950
11950
11950
11950
11950
11950
11950
11950
11950
11950
11950
11950
12104
12104
12104
12104
12104
12104
12104
12104
12104
12104
12104
12104
12104
11347
11347
11500
11496
11649
11649
11649
11802
11649
11649
11644
11797
11797
11797
11950
11950
