2005
3082
4311
5235
6002
6615
7077
6772
7382
7993
8451
8908
9365
9668
9971
10120
10427
10576
10729
10882
11031
11184
10580
10734
10882
11036
11184
11184
11337
11486
11333
11486
11639
11639
11792
11787
11787
11940
11342
11491
11491
11644
11639
11792
11792
11792
11792
11792
11787
11940
11940
11940
11940
12093
11496
11491
11491
11644
11639
11792
11792
11792
11792
11792
11792
11940
11940
11940
11940
11940
12099
11496
11491
11644
11644
11792
11792
11792
11945
11792
11792
11940
11940
11940
11940
12093
12093
11496
11491
11644
11644
11639
11792
11792
11792
11792
11792
11792
11787
11940
11940
11940
11940
12093
11950
11040
11040
11189
11189
11337
11491
11491
11639
11639
11486
11486
11639
11639
11792
11792
11787
11940
12099
11342
11342
11496
11491
11644
11644
11792
11792
11792
11945
11792
11940
11940
11940
11940
11940
12093
12093
12405
11496
11649
11644
11797
11797
11792
11945
11945
11945
11945
11792
11945
11940
11940
11940
11940
11940
12093
12252
11649
11644
11797
11797
11792
11945
11945
11945
11945
11945
7103
7103
7409
7718
8023
8332
8483
8791
8945
9250
9404
9558
9709
9250
8637
7869
7255
7409
7715
8023
8328
8637
8788
9096
9250
9404
9554
9709
9709
9554
8791
8023
7255
6949
7255
7564
7869
8178
8483
8791
8945
9250
9404
9558
9713
9709
9404
8637
7869
7103
6640
6795
7103
7564
7869
8332
8483
8791
8945
9250
9404
9558
9558
9713
9100
8332
7564
6949
6795
7103
7409
7715
8178
8332
8637
8945
9096
9250
9404
9558
9709
9709
9096
8332
8023
8178
8483
8791
8945
9250
9404
9558
9713
9709
9863
10017
10017
10171
9250
8483
7718
7103
6949
7255
7564
8023
8332
8637
8791
9100
9250
9404
9558
9713
9709
9863
9558
8791
8023
8023
8178
8483
8637
8945
9096
9250
9404
9558
9709
9863
9863
10017
10017
9558
8637
7869
7255
6640
7100
7409
7869
8178
8483
8791
8942
9096
9250
9400
9554
9709
9863
9863
9250
8483
7715
7100
6640
6949
7255
7718
8023
8332
8637
8791
9096
9250
9404
9558
9709
9709
9863
9558
8637
8023
7255
6640
6795
7255
7564
8023
8332
8637
8791
9100
9250
9404
9558
9713
9709
9863
10017
9250
8332
7718
7103
6795
7100
7564
8023
8332
8483
8791
8945
9250
9404
9558
9713
9709
9863
10017
9709
8945
8178
7409
6795
6949
7255
7564
8023
8332
8637
8791
9100
9250
9404
9558
9713
9709
9863
10017
9709
8945
8178
7409
6795
6640
7103
7409
7869
8178
8483
8637
8945
9096
9250
9404
9558
9709
9863
9863
10017
9404
8483
7715
7100
6486
6795
7100
7560
7869
8174
8483
8791
8942
9096
9404
9558
9554
9709
9863
10017
10017
9250
8483
7718
7103
6488
6640
7100
7564
7869
8178
8483
8791
8945
9250
9404
9558
9558
9709
9863
10017
10017
9558
8637
7869
7255
6795
7100
7564
7869
8178
8483
8791
8942
9096
9404
9558
9554
9709
9863
9859
10013
10158
9389
8623
7853
7086
7083
7542
7846
8150
8455
8758
8912
9216
9369
9519
9672
9826
9830
9984
10141
10137
10137
9676
8912
9062
9369
9523
9519
9672
9826
9975
9975
10129
10129
10282
10278
10278
10436
10440
10440
10291
9527
9219
9369
9523
9672
9826
9979
9975
10129
10129
10129
10278
10278
10278
10431
10431
10431
10431
10129
8630
9088
9393
9700
10004
9700
8780
9088
9393
9700
9854
9850
9393
8630
8780
9242
9547
9854
10004
9242
8630
9088
9393
9700
10004
9850
9088
8780
9242
9547
9700
9850
9850
9088
8476
8934
9242
9547
9700
9700
9393
8630
8476
8934
9239
9547
9850
9850
8934
8626
9088
9393
9547
9696
9850
9547
8626
8626
8934
9393
9700
9850
10004
9242
8630
8934
9239
9547
9850
10004
9700
8934
8630
9088
9393
9700
10004
10158
9547
8630
8780
9088
9547
9700
9854
9850
9547
8784
8476
8780
9242
9547
9700
10004
9700
8934
8630
8934
9239
9547
9700
9854
9850
9393
8476
8476
8780
9242
9547
9700
9854
9850
9088
8322
8476
8780
9242
9393
9547
9700
9850
9088
8322
8476
8934
9242
9547
9854
10158
9854
8934
8476
8934
9085
9235
9385
9381
9531
9527
9676
9523
9519
9672
9668
9668
9822
9818
9818
9818
9818
9818
9971
10124
10282
10436
10589
10589
10436
10431
9822
8905
