2152
2613
3226
3995
4761
5683
6297
6604
6297
6451
6755
7062
7369
7520
7827
7980
8134
8284
8437
8747
9054
9361
9672
9979
9365
8601
8290
8444
8598
8594
8747
8747
8901
8901
9054
8905
8905
8905
9054
9054
9054
9054
9051
9204
9204
9051
9204
9204
9204
9511
9822
10129
9979
9212
8905
8901
9054
9054
9054
9054
9204
9204
9204
9204
617
2005
2930
3852
4621
5387
6000
6459
6766
7225
7529
7987
8294
8598
8751
9058
9208
9361
9515
9664
9818
9971
9971
10124
10278
10278
10431
10589
10743
10133
9826
9979
9975
10129
10282
10278
10431
10278
10431
10431
10580
10580
10580
10580
10580
10580
10580
10734
10734
10734
10734
10734
10734
10734
10734
10734
10734
10734
10734
10734
10734
10734
10734
10734
10887
11045
11045
10593
9830
9979
10133
10129
10282
10436
10431
10585
10431
10585
10585
10585
10734
10734
10734
10887
10734
10734
10734
10887
10887
10887
10882
10882
10887
10887
10882
10882
10882
10882
10882
10882
9092
9550
9854
10312
10466
10620
9700
8938
9088
9547
10008
10312
10620
10774
9700
8938
9242
9705
10008
10466
10774
10774
9854
8938
9550
9854
10312
10620
10923
10774
9700
8938
9242
9700
10008
10466
10769
10923
10008
9242
8938
9396
9700
10008
10312
10620
10162
9550
8938
9088
9550
9854
10162
10466
10466
10008
9092
8784
9242
9700
10158
10462
10765
10914
9996
10146
10449
10752
10901
11203
11356
11505
11505
11654
11807
11960
11960
12109
12109
12109
12109
12262
12262
12257
12257
12257
12262
12257
12257
12257
12410
12410
12410
12410
12410
12410
12410
12568
12574
12574
12579
12272
11203
10440
10593
10896
11049
11352
11505
11654
11807
11198
11347
11500
11654
11802
11955
11955
12109
11955
12109
12262
12262
12257
12410
12410
12410
12410
12410
12410
12563
12563
12563
12563
12563
12410
12410
12563
12568
12568
12574
12727
12727
11812
10896
10440
10589
10896
11045
11352
11500
11654
11802
11347
11045
11347
11500
11654
11802
11802
11955
12109
