2007
2777
3700
4775
5695
6461
6613
7071
7836
8294
8905
9208
9515
9818
10120
10427
10729
11036
11189
11337
11491
11644
11639
11792
11792
11945
12104
12257
12410
12262
11807
11955
11955
12104
12104
12257
12104
12104
12252
12252
12252
12405
12405
12405
12405
12405
12405
12558
12558
12558
12553
12553
12553
12553
12553
12553
12553
12553
12553
12553
12553
12553
12553
12553
12553
12558
12711
12563
12114
11960
11955
12109
12257
12257
12257
12257
12252
12252
12405
12405
12405
12405
12405
12400
12400
12553
12553
12553
12553
12400
12553
12553
12553
12553
12553
12553
12553
12553
12553
12553
12553
12553
12553
12553
12553
12558
12711
12716
12870
12875
12722
12114
12267
12262
12262
12415
12410
12410
12410
12410
12410
12405
12405
12558
12558
12558
12558
12558
12558
12558
12558
12553
12553
12553
8322
8780
9088
9393
9700
9547
8630
8476
8934
9239
9547
9850
9239
8476
8780
9085
9393
9547
9696
9239
8476
8626
9088
9393
9696
9696
9393
8626
8476
8780
9088
9393
9696
9393
8626
8322
8780
9088
9393
9547
9700
9088
8322
8630
8934
9239
9547
9850
9547
8630
8630
8934
9393
9547
9850
10004
9088
8322
8626
9088
9393
9547
9850
9696
8934
8322
8780
9088
9393
9696
10004
9547
8780
8322
8780
9088
9393
9696
10004
9547
8780
8476
8934
9242
9547
9850
10158
9547
8780
8476
8780
9242
9547
9700
10004
9854
8934
8476
8934
9242
9393
9547
9700
10004
9393
8476
8322
8780
9242
9547
9700
10004
9850
8934
8322
8780
9088
9393
9700
9850
10158
9547
8630
8322
8784
9088
9242
9393
9700
10004
9547
8784
8322
8784
9088
9242
9393
9547
9850
9700
8934
8171
8476
8934
9242
9547
9700
10004
9850
8934
8167
8630
8934
9393
9547
9700
9700
9850
9393
8630
