2311
2772
3694
4615
5380
6146
6912
7523
7980
7980
8284
8744
9357
9818
10278
10278
9668
9971
10124
10427
10576
10729
10882
11031
11031
11184
11184
11337
11644
11955
12109
12267
11347
11347
11496
11496
11496
11491
11644
11644
11644
11639
11639
11797
12104
12257
12415
12568
11807
11500
11500
11496
11649
11649
11644
11644
11644
11639
11639
11639
11950
11950
11955
11807
11960
11807
11045
11040
11040
11189
11189
11342
11337
11337
11491
11491
11486
10887
11036
11189
11184
11337
11337
11333
11486
11486
11486
11486
11486
11639
11792
12104
12257
12415
12415
11500
11347
11342
11342
11491
11491
11491
11486
11639
11639
11639
11639
10882
10882
11031
11184
11184
11333
11333
11486
11486
11486
11481
11333
11333
11639
11950
12104
12257
12415
11955
10887
10734
10887
11036
11189
11184
11337
11337
11491
11486
11486
11639
463
1698
2930
4008
5083
6159
6926
7538
7234
7538
8147
8758
9216
9672
10129
10431
10278
10580
10887
11189
11342
11491
11644
11797
11797
11950
12099
12099
12252
12405
12400
12400
12400
12400
12553
12553
12553
12706
12706
