8762
8758
8912
9216
9369
9519
9672
9672
9826
9975
9975
10129
10129
9519
9672
9830
9984
9984
10137
10133
10286
10286
10282
10282
10436
10436
9975
9062
9212
9365
9519
9672
9826
9984
9984
10137
10137
10133
10286
10286
10133
9216
9062
9212
9365
9519
9668
9822
9975
9975
10133
10137
10291
10295
10291
9680
8762
7997
7843
8147
8451
8758
9062
9216
9365
9519
9672
9822
9822
9979
10137
9834
9069
9066
9219
9369
9523
9672
9826
9826
9975
9975
10129
10129
10282
10282
9523
9519
9672
9826
9822
9822
9975
9975
9975
9975
9975
10124
10124
10124
10124
10124
9975
9672
9826
9826
9975
9975
10129
10129
10278
10278
10278
10278
10431
10431
10431
10431
9818
9975
10133
10133
10286
10286
10282
10282
10436
10436
10436
10436
10431
10431
10431
9519
9212
9365
9519
9668
9826
9984
9984
10137
10133
10286
10286
10282
10282
10436
10436
9672
9212
9365
9519
9668
9822
9822
9975
10129
10133
10286
10286
10286
10436
10436
10436
9975
9062
9212
9365
9519
9668
9668
9822
9975
9975
10124
10129
10286
10286
10286
10440
10436
9826
9519
9672
9826
9822
9975
9975
10129
10124
10278
10278
10278
10431
10431
10436
10593
10440
9523
9369
9523
9672
9826
9826
9975
10129
10129
10129
10282
10282
10278
10431
10431
10431
10431
9369
9519
9672
9672
9822
9975
9975
10129
10124
10278
10278
10278
10431
10431
10431
10431
10278
10278
10278
10282
10440
10440
10440
10440
10589
10589
10589
10589
10589
10585
10585
10585
10585
10129
9365
9365
9515
9668
9822
9822
9979
10137
10137
10137
10286
10286
10286
10436
10436
10436
10436
9975
9212
9365
9519
9668
9822
9822
9975
10124
10129
10282
10286
10291
10440
10440
10436
10436
10436
10282
9365
9365
9519
9672
9668
9822
9975
9975
10129
10129
10278
10278
10282
10440
10440
10444
10440
10440
9830
9216
9369
9519
9672
9826
9975
9975
10129
10129
10129
10282
10278
10278
10431
10431
10436
10593
10440
9680
11688
11837
11990
12139
12293
11837
11990
12298
12446
12446
11837
12144
12293
12446
12446
12446
11990
12144
12293
12446
12600
11990
12144
12293
12446
12600
12600
11990
12144
12293
12446
12446
12288
11827
11822
11817
11663
11659
11659
11654
11654
11654
11649
11649
11649
11649
11496
11491
11491
11491
11802
11960
12114
12114
12119
11960
11198
11198
11194
11347
11347
11347
11342
11342
11496
11342
11496
11496
11496
11491
11491
11491
11491
11491
10891
11045
11356
11510
11817
11970
11668
10905
11059
11366
11673
11980
12134
11980
11980
12288
12441
12595
12595
12748
12748
12902
13056
13056
13209
13209
13209
13209
13204
13357
13357
13363
13363
13363
13363
13516
13516
13516
13516
13516
13516
13516
13516
13516
13516
13363
13516
13516
13516
13516
13516
13516
13363
13516
13516
13516
13516
13516
13511
11837
11837
11837
11837
11990
11837
11837
11837
11990
11990
11837
11837
11837
11837
11837
11837
11837
11837
11837
11837
11837
11837
11837
11837
11837
11837
11837
11837
11837
11837
11837
11837
11837
11837
11837
11837
11837
11837
11837
11837
11837
11837
11837
11837
11837
11837
11837
11837
11837
11837
11837
11837
11837
11837
11837
11837
11837
11837
11837
11837
11837
11837
11837
11837
11837
11837
11683
11837
11837
11832
11837
11837
11837
11837
11832
11832
11832
11832
11832
11832
11832
11832
11837
11837
11837
11837
11837
11837
11837
11837
11837
11683
11837
11837
11837
11837
11837
11837
11683
11837
11837
11837
11837
11837
11837
11683
11683
11837
11837
11837
11837
11837
11837
11837
11837
11837
11837
11837
13664
13659
13659
13659
13659
13659
13659
13664
13664
13664
13664
13664
13659
13659
13659
13659
13659
13659
13659
13659
13659
13659
13659
13659
13659
13659
13659
13659
13659
13659
13659
13659
13659
13659
13659
13659
13659
13659
13659
13659
13659
13659
13659
13659
13659
13659
13659
13659
13659
13659
13659
13659
13659
13664
13664
13664
13664
13664
13664
13664
13659
13659
13659
13659
13664
13664
13664
13664
13659
13659
13659
13659
13357
13357
13357
13204
13050
13204
13204
13357
13357
13357
13357
13357
13357
13511
13511
13511
13511
13511
13511
13664
13664
13659
13659
13659
13659
13659
13664
13664
13664
13659
13664
13664
13659
13659
13659
13659
13659
13664
13664
13664
13659
13659
13659
13659
