2006
3086
4162
5239
6159
6769
6769
7532
8144
8601
9058
9515
9664
10124
10274
10580
10882
11036
11184
11337
11491
11491
11639
11792
11792
11792
11945
11945
12099
12099
12093
12093
12247
12247
12247
12247
12247
12252
12405
12563
12563
12415
11960
11955
11955
12104
12104
12104
11950
12104
12104
12099
12252
12252
12252
12099
12099
12099
12252
12252
12252
12252
12252
12252
12252
12252
12252
12252
12252
12252
12252
12252
12252
12405
12400
12247
12405
12563
12563
12716
12722
12267
12267
12262
12262
12257
12257
12257
12257
12257
12257
12252
12252
12252
12252
12405
12252
12252
12252
12252
12405
12400
12400
12252
12252
12405
12405
12400
12400
12400
12247
12247
12247
12247
12247
12400
12405
12558
11802
11955
11950
11950
12104
12099
12099
12099
12099
12099
12252
12252
12252
12247
12247
12247
