4164
4779
5391
6005
6618
7077
7535
7840
7686
7990
8297
8601
8908
9058
9365
9365
9515
9668
9822
9971
9971
10124
9971
10124
10124
10278
10278
10427
10427
10427
10274
10274
10427
10427
10431
10589
10589
10593
9523
9066
9216
9369
9519
9672
9822
9975
9975
9519
9668
9822
9975
9971
10124
10124
10278
10124
10278
10278
10278
10431
10427
10427
10580
10427
10427
10427
10580
10580
10580
10580
10580
9826
9975
9975
10129
10124
10278
10278
10431
10278
10278
10278
10278
10431
10427
10427
10427
10427
10427
10427
10427
10580
10580
10580
10580
10580
10580
10427
10427
10580
10580
10580
10580
10580
10580
10580
9975
9975
10129
10124
10278
10278
10431
10431
10431
9971
10124
10124
10278
10278
10274
10427
10427
10427
10427
10427
10427
10580
10580
10580
10580
10580
10580
10580
10427
10580
10580
10580
10580
10580
10580
10580
10738
10282
9979
9975
10129
10282
10278
10431
10431
10431
10431
10124
9971
10124
10124
10278
10278
10278
10427
10427
10427
10427
10427
10427
10427
10580
10580
10580
10580
10580
10580
