1860
2632
3559
4484
5255
5868
6174
6789
7249
7708
8167
8476
8626
8934
9085
9393
9547
9696
9696
9850
10000
10154
10154
10308
10308
10308
10462
10462
10616
10611
10616
10611
10611
10611
10611
10765
10765
10611
10765
10765
10765
10765
10765
10765
10765
10765
10765
10765
10765
10919
10765
10765
10765
10919
10919
10919
10765
10765
10765
10765
10765
10919
10919
10765
10919
10919
10919
10919
10919
10919
10765
10765
10765
10919
10919
10919
10919
10765
10765
10765
10765
10919
10919
10919
10765
10765
10919
10919
10919
10919
10919
10919
10765
10765
10919
10919
10919
10919
10919
10765
10765
10765
10765
10919
10919
10919
10919
10765
10919
10919
10919
10919
10919
10919
10765
10765
10765
10765
10919
10919
10919
10919
10765
10765
10765
10765
10919
10919
10919
10919
10765
10765
10919
10919
10919
10919
10919
10919
12600
12600
12600
12600
12600
12600
12451
12605
12605
12600
12600
12600
12600
12451
12446
12600
12605
12605
12605
12451
12605
12605
12605
12605
12600
12451
12451
12451
12605
12605
12605
12600
12451
12605
12605
12600
12600
12600
12451
12451
12605
12605
12605
12605
12600
12451
12451
12451
12600
12600
12605
12605
12451
12605
12605
12605
12600
12600
12600
12451
12451
12451
12605
12605
12605
12605
12451
12451
12446
12600
12600
12600
12600
12451
12451
12451
12451
12605
12600
12600
12600
12451
12451
12451
12605
12605
12605
12605
12605
12451
12451
12605
12600
12600
12600
12600
12451
12446
12600
12600
12600
12600
12600
12600
12446
12446
12446
12600
12600
12600
12600
12600
12446
12446
12446
12446
12446
12600
12600
12600
12451
12451
12600
12600
12600
12600
12600
12600
12451
12451
12605
12605
12605
12600
12600
12600
12600
12451
12446
12605
12605
12605
12605
12600
12600
10629
10629
10629
10629
10629
10629
10629
10629
10629
10629
10629
10629
10629
10475
10475
10475
10475
10475
10629
10629
10629
10629
10629
10629
10629
10475
10475
10475
10475
10475
10629
10629
10629
10629
10629
10629
10629
10629
10475
10475
10475
10475
10475
10475
10629
10629
10629
10629
10629
10629
10629
10475
10475
10475
10475
10475
10629
10629
10629
10629
10629
10629
10629
10629
10475
10475
10475
10475
10475
10475
10475
10629
10629
10629
10629
10629
10629
10629
10475
10475
10475
10475
10475
10475
10475
10475
10629
10629
10629
10629
10629
10629
10475
10475
10475
10475
10475
10475
10475
10629
10629
10629
10629
10629
10629
10629
10475
10475
10475
10475
10475
10475
10629
10629
10629
10629
10629
10629
10629
10629
10629
10475
10475
10475
10475
10475
10475
10475
10629
10629
10629
10629
10629
10629
10629
10475
10475
10475
10475
10475
10475
10475
10475
10629
10629
10629
10629
10629
10629
10629
10475
10475
10475
10475
10475
10475
10475
10629
10629
10629
10629
10629
10629
10629
10629
10629
10321
10475
10475
10475
10475
10475
10475
10475
10475
10629
10629
10629
10629
10629
10629
10475
10475
10475
10475
10475
10475
10475
10629
10629
10629
10629
10629
10629
10629
10629
10629
10321
10475
10475
10475
10475
10475
10475
10629
10629
10629
10629
10629
10629
10629
10629
10629
10475
10475
10475
10475
10475
10475
10475
10629
10629
10629
10629
10629
10629
10629
10629
10629
10475
10475
10475
10475
10475
10475
10475
10475
10629
10629
10629
10629
10629
10629
10629
10629
10629
10321
10321
10475
10475
10475
10475
10475
10475
10475
10629
10629
10629
10629
10629
10629
10629
10629
10321
10475
10475
10475
10475
10475
10475
10629
10629
10629
10629
10629
10629
10629
10629
10629
10629
10321
10475
10475
10475
10475
10475
10475
10475
10629
10629
10629
10629
10629
10629
10629
10629
10629
10629
13516
13516
13516
13516
13516
13516
13516
13516
13516
13516
13516
13516
13516
13516
13516
13516
13516
13516
13516
13516
13516
13516
13516
13516
13516
13516
13516
13516
13516
13511
13511
13516
13516
13516
13516
13511
13511
13511
13511
13511
13511
13511
13511
13511
13511
13511
13511
13511
13511
13511
13511
13511
13511
13511
13511
13511
13511
13511
13511
13511
13511
13511
13511
13511
13511
13516
13516
13516
13516
13516
13516
13516
13516
13516
13516
13516
13516
13516
13516
13516
13516
13670
13670
13516
13516
13516
13516
13516
13670
13516
13516
13516
13516
13516
13516
13516
13516
13516
13516
13516
13516
13516
13516
13516
13516
13516
13516
13516
13516
13516
13516
13516
13670
13670
13670
13670
