2467
3082
3851
4465
5079
5538
5997
6613
6920
6766
7228
7532
7836
8140
8294
8444
8598
8598
8747
8901
9054
9204
9357
9357
9208
9208
9361
9361
9511
9511
9664
9664
9660
9660
9814
9814
9814
9814
9814
9967
9361
9515
9515
9664
9664
9664
9664
9814
9511
9511
9660
9660
9660
9814
9814
9967
9515
9515
9515
9515
9664
9664
9664
9818
9814
9814
9814
9814
9814
9814
9967
9967
10278
9822
9822
9818
9818
9818
9818
9967
9967
9967
9660
9814
9814
9814
9814
9814
9814
9967
10124
9668
9668
9822
9818
9818
9818
9818
9967
9967
9660
9814
9814
9814
9814
9967
9967
10120
10278
9822
9822
9818
9818
9818
9818
9971
9967
9967
9814
9814
9814
9814
9967
9967
9967
10120
10278
9822
9365
9515
9515
9668
9664
9664
9818
9818
9818
9818
9511
9664
9664
9660
9814
9814
9971
10124
10282
9519
9365
9515
9515
9668
9664
9664
9818
9818
9818
9818
9818
9814
9814
9967
9967
9967
10124
10278
10282
9672
9672
9668
9822
9822
9818
9818
9971
9971
9971
7103
7409
7869
8178
8483
8637
8945
9096
9250
9404
9558
9709
9709
8791
8023
7409
7255
7564
8023
8332
8637
8791
9100
9250
9404
9558
9709
9709
9863
8942
8171
7403
7249
7705
8010
8311
8615
8766
9069
9223
9373
9523
9676
9826
9826
9519
9672
9826
9984
9984
10137
10137
10286
10286
10286
10282
10436
10436
10129
9519
9672
9822
9822
9975
10129
10129
10129
10282
10286
10440
10444
10440
10440
9676
9369
9523
9672
9672
9826
9975
9975
10129
10129
10129
10282
10278
10278
10278
10282
10286
10444
10440
10440
10440
10436
10436
10589
10589
10589
10589
10585
10585
9672
9365
9519
9668
9668
9822
9975
9975
10133
10291
10286
10286
10286
10440
10436
10133
9216
9216
9365
9519
9672
9822
9822
9975
9975
10129
10129
10278
10282
10436
10440
9984
9219
9369
9523
9676
9672
9826
9979
9975
10129
10129
10282
10278
10278
10431
10431
9971
10124
10124
10282
10286
10440
10440
10440
10436
10436
10436
10585
10585
10585
10585
10431
9519
9365
9519
9668
9668
9822
9975
9975
10124
10129
10286
10291
10444
10440
10440
10440
9979
9216
9369
9519
9672
9826
9822
9975
9975
10129
10129
10278
10278
10278
10431
10431
10436
9984
9830
9979
9979
10133
10129
10129
10282
10282
10282
10436
10431
10431
10431
10431
10431
10431
10431
10431
10431
10431
10589
10593
10444
10602
10607
10607
10611
10611
10616
10616
10616
10620
10008
9396
9550
9705
9859
10013
10013
10013
10167
10167
10321
10321
10321
10475
10475
10475
10475
10321
10167
10167
10321
10321
10321
10321
10475
10475
10475
10475
10475
10475
10475
10475
10475
10629
10167
9709
9863
10017
10013
10167
10167
10167
10321
10321
10321
10475
10475
10475
10475
10475
10475
10475
10475
10475
10475
10629
10629
10629
10629
10629
10629
10629
10629
10629
10629
10629
10629
10629
10629
10475
10475
10475
10629
10629
10629
10629
10629
10629
10629
10629
10629
10629
10629
10629
10629
10629
13516
13516
13516
13516
13516
13516
13516
13516
13516
13516
13516
13516
13516
13516
13516
13516
13516
13516
13511
13511
13363
13516
13516
13516
13511
13516
13516
13511
13511
13511
13357
13511
13511
13516
13511
13511
13516
13516
13516
13516
13511
13516
13516
13516
13516
13516
13516
13516
13516
13516
13516
13516
13516
13516
13516
13516
13516
13516
13516
13516
13516
13516
13516
13516
13516
13516
13516
13516
13516
13516
13516
13516
13516
13516
13516
13516
13516
13516
13516
13516
13516
13516
13516
13516
13516
13516
13516
13516
13516
13516
13516
13516
13516
13516
13516
13516
13516
13516
13516
13516
13516
13516
13516
13516
13516
13516
13516
13516
13516
13516
13516
13516
13516
13516
13516
13516
13659
13659
13659
13659
13659
13659
13659
13659
13659
13812
13659
13659
13659
13659
13659
13659
13659
13659
13659
13812
13659
13659
13659
13659
13659
13659
13659
13659
13659
13812
13812
13659
13659
13659
13812
13812
13659
13659
13659
13659
13812
13659
13659
13812
13812
13812
13812
13659
13659
13659
13664
13664
13664
13664
13664
13659
13659
13659
13659
13659
13659
13664
13664
13659
13664
13659
13659
13659
13659
13659
13659
13659
13659
13659
13659
13659
13659
13659
13659
13659
13659
13659
13659
13659
13659
13659
13659
13659
13812
13659
13659
13659
13659
13659
13659
13659
13659
13659
13659
13659
13659
13659
13659
13659
13659
13659
13659
13659
13659
13659
13659
13659
13659
13659
13659
13505
