2162
2777
3701
4469
5235
6002
6461
6613
7225
7683
7990
8448
8751
8905
9058
9361
9515
9664
9818
9971
9971
10124
10274
10274
10427
10427
10427
10580
10580
10738
10891
10286
9826
9979
10129
10282
10282
10431
10129
10278
10278
10431
10431
10585
10580
10431
10585
10580
10734
10734
10734
10734
10734
10734
10734
10734
10734
10887
10734
10734
10887
10887
10887
10887
10887
10887
10887
11040
11045
11198
11049
11049
10440
9676
9672
9826
9975
10129
10282
10278
10278
10124
10278
10278
10431
10427
10580
10580
10580
10734
10734
10734
10734
10887
10887
10734
10887
10887
10887
10887
10887
10887
10887
10887
10887
10887
10887
10887
11045
11045
10743
9979
10133
10133
10282
10436
10436
10585
10585
9975
10129
10124
10278
10431
10431
10585
10585
10580
10580
10580
10734
10734
10734
10734
10734
10734
10734
10734
10734
10734
10734
10734
10734
10734
8938
9396
9700
10162
10466
10774
10316
9396
8938
9396
9854
10162
10466
10774
10316
9396
8938
9396
9854
10162
10466
10774
10312
9396
8784
9242
9705
10162
10466
10774
10620
9705
8938
9092
9550
9854
10162
10620
10774
10008
9092
8784
9246
9705
10008
10312
10620
10774
9854
8938
8784
9092
9396
9854
10162
10466
10158
9550
8784
8476
8784
9242
9700
10008
10312
10008
9396
8784
8630
9088
9547
10008
10466
10774
10769
9854
8938
8784
9088
9547
10008
10312
10620
10923
10008
9088
8325
8630
9088
9547
10008
10312
10620
10620
9700
8938
9396
9854
10316
10620
10923
11231
10774
9854
8938
8938
9550
9854
10316
10620
10928
11077
10466
9550
8633
8938
9396
9705
10162
10466
10774
11077
10470
9550
8633
8938
9396
9854
10162
10466
10774
11077
10466
9550
8788
8784
9246
9705
10008
10312
10620
10928
10774
9859
8938
8479
8938
9396
9854
10162
10466
10774
11077
10316
9396
8633
8630
9246
9705
10008
10312
10620
10928
10928
9854
9092
8479
8784
9092
9550
9854
10162
10312
10620
10162
9550
8938
8633
9092
9550
10008
10466
10774
10923
11231
10470
9550
8633
11990
12144
12298
12451
12446
11990
11990
12144
12298
12446
12451
11990
12144
12298
12451
12446
11837
11990
12144
12298
12446
12451
11837
12144
12298
12293
12446
12288
11975
12129
12124
12119
12272
12272
12267
12267
12267
12415
12262
12262
12109
12109
12109
12109
12104
12104
11955
11802
11802
11802
11649
11649
11496
11496
11496
11194
11194
11342
11496
11649
11649
11802
9377
9680
9984
10291
10440
10743
10896
10743
10891
11198
11347
11500
11654
11649
11802
11802
11955
11950
12104
12104
12104
12104
12104
12257
12257
12257
12257
12410
12257
12410
12410
12410
12410
12410
12410
12410
12410
12410
12563
12568
12722
12727
12426
11356
11203
11356
11505
11659
11654
11807
11960
11960
11955
12109
12109
12109
12262
12262
12257
12257
12257
12410
12410
12410
12410
12410
12410
12410
12410
12410
12410
12410
12410
12563
