1853
2623
3700
4775
5543
6461
7074
7686
8297
8755
9212
9672
9822
10282
10589
10896
11203
11203
10440
10593
10896
11045
11198
11347
11500
11654
11649
11802
11802
11955
11955
11955
12104
12104
12104
12257
12257
12257
12257
12257
12257
12257
12410
12410
12405
12405
12405
12405
12405
12405
12405
12405
12405
12405
12405
12405
12405
12405
12405
12563
12568
12722
12119
11965
11960
12114
12114
12109
12262
12109
12109
12262
12262
12262
12257
12410
12257
12410
12410
12410
12410
12410
12410
12410
12410
12410
12410
12410
12410
12410
12410
12410
12410
12410
12410
12410
12410
12410
12410
12410
12410
12563
12563
12563
12563
11654
11654
11802
11955
11955
12109
12104
12104
12104
12104
12257
12257
12257
12257
12257
12257
12410
12410
12405
12405
12405
12405
12405
12405
12405
12405
12405
12558
12558
12558
12558
8788
9246
9705
10162
10466
10774
10008
9092
8784
9400
9705
10162
10466
10774
10008
9092
8938
9396
9705
10162
10466
10774
10162
9246
8938
9396
9859
10162
10466
10774
10316
9396
8784
9242
9705
10008
10466
10620
10923
9854
9092
9092
9550
9854
10312
10620
10769
10466
9550
8784
9242
9547
10008
10312
10620
10923
10312
9396
8784
9092
9550
10008
10312
10620
10923
10162
9242
8479
8784
9396
9700
10162
10466
10774
10466
9550
8630
8784
9242
9705
10162
10466
10774
10620
9854
8938
8630
9246
9705
10008
10316
10620
10928
10316
9396
8633
9092
9550
10008
10316
10620
10928
10928
10008
9092
8630
8938
9242
9700
10162
10466
10774
10620
9705
8938
8784
9396
9705
10162
10466
10774
11077
10466
9550
8784
8938
9396
9854
10162
10466
10774
10923
10620
9705
8784
8938
9396
9854
10162
10466
10616
10765
10914
10299
9688
9992
10295
10444
10747
10901
11049
11198
11352
11198
11352
11347
11500
11654
11807
11802
11955
11955
11802
11955
11955
11950
11950
12104
12104
12257
12104
12257
12257
12257
12257
12410
12410
12410
12410
