2624
3084
4161
5083
6002
6615
6920
7532
8144
8601
9058
9361
9668
9971
10278
10427
10734
10887
11036
11036
11189
11342
11496
11496
11649
11644
11797
11797
11955
11955
11352
11500
11654
11654
11649
11802
11802
11802
11802
11950
11950
11950
11950
11950
11950
12104
12104
12104
12104
12104
12104
12104
12104
12104
12104
12104
12104
12104
12104
12104
12104
12104
12104
12104
12104
12262
12415
12420
12420
11965
11965
11960
12114
12114
12109
12109
12109
12109
12109
12109
12109
12104
12104
12104
12104
12104
12104
12104
12104
12257
12104
12104
12104
12104
12257
12257
12104
12104
12104
12104
12104
12257
12257
12257
12262
11654
11807
11802
11802
11955
11955
11955
11955
11955
11950
11950
11950
12104
12104
12104
11950
12104
12104
12104
12104
12104
12104
12099
12104
12104
12104
12104
12104
12104
12257
12257
10308
10304
10457
10457
10611
10611
10457
10154
10308
10457
10457
10611
10611
10611
10765
10765
10765
10765
10919
10919
10919
10914
10914
10914
10914
10914
10914
10914
10914
10914
10910
10905
10905
10901
10747
10747
10743
10743
10743
10738
10738
10738
10585
10585
10738
10738
10734
10734
10734
10734
10580
10580
10580
10580
10580
10580
10580
10734
10580
10580
10580
10580
10580
10580
10580
10738
10282
10133
10129
10282
10282
10278
10431
10431
10431
10278
10278
10431
10431
10427
10427
10580
10580
10580
10427
10427
10580
10580
10580
10580
10580
10580
10580
10427
10580
10580
10580
10580
10580
10580
10580
10580
10580
10580
10585
10589
10743
10747
10747
10743
10286
9369
8758
9062
9216
9365
9519
9672
9822
9975
10129
9975
9975
10129
10124
10278
10278
10431
10431
10431
10431
10431
10427
10427
10580
10580
10580
10580
10580
10580
10427
10427
10580
10580
10580
10580
10738
10743
10743
10593
9676
9676
9826
9979
10133
10129
10282
10282
10431
10431
10278
10278
10278
10431
10431
10431
10585
10585
10585
10585
