2159
2774
3849
4925
5848
6769
7231
7382
7840
8297
8755
9058
9365
9668
9822
9971
10124
10274
10427
10580
10729
10887
10431
10431
10580
10734
10887
10882
11036
11036
11036
11189
11189
11184
11337
11337
11337
10431
10585
10734
10734
10887
11040
11036
11036
11036
11036
11189
11184
11184
11337
11337
11491
10282
10436
10585
10585
10734
10887
10887
11036
11036
10882
11036
11036
11189
11189
11184
11337
11496
10891
10887
11040
11040
11189
11189
11189
11189
11342
11189
11337
11337
11337
11337
11337
11491
11644
11040
11040
11040
11040
11189
11189
11189
11189
11342
11036
11189
11184
11184
11337
11337
11337
11337
11649
11040
11040
11040
11040
11189
11189
11189
11342
11337
11337
11337
11337
11337
11337
11337
11491
11491
11649
11500
11347
11347
11342
11342
11496
11496
11496
11491
11491
11491
11491
11491
11491
11491
11491
11491
11644
11797
11500
11347
11347
11342
11342
11342
11342
11496
11491
11491
11337
11337
11337
11337
11337
11491
11491
11491
11644
11802
11347
11347
11347
11342
11342
11496
11496
11491
11491
11491
12743
12897
12897
13050
13050
12595
12748
12902
13050
13050
12595
12748
12902
12897
12897
12595
12748
12902
12902
13050
12748
12595
12748
12902
12897
12897
12748
12743
12743
12584
12584
12426
12267
12114
12114
12109
11955
11950
11950
11950
11950
11797
11792
11792
11792
11792
12104
12257
11654
11496
11649
11649
11649
11644
11644
11644
11644
11644
11644
11639
11639
11639
11639
11639
11639
11486
11639
11797
12104
12109
12262
12262
11500
11347
11347
11342
11342
11496
11491
11491
11491
11491
11491
11486
11486
11639
11639
11639
11639
11792
11189
11342
11342
11337
11337
11491
11491
11486
11486
11486
11486
11486
11486
11486
11639
11639
11639
11639
11634
11792
11950
12104
12257
12415
12262
12104
11194
11040
11036
11189
11189
11184
11337
11337
11337
11491
11337
11333
11486
11486
11486
11486
11486
11797
11950
11500
11347
11342
11342
11496
11491
11491
11491
11491
11639
11486
11333
11486
11486
11486
11486
11486
11486
11639
11639
11639
