8178
8332
8486
8791
8945
9100
9254
9404
9558
9558
9713
9713
9867
9713
9250
8637
8178
7564
6949
6949
7409
7718
8023
8332
8641
8791
8945
9100
9250
9404
9558
9558
9558
9250
8791
8945
9100
9250
9404
9558
9558
9713
9867
9863
10017
10017
10017
9863
9404
8945
8332
7872
8178
8486
8637
8791
9100
9254
9404
9404
9558
9713
9713
9867
9867
9558
9404
8637
8637
8791
8945
9100
9250
9404
9558
9558
9713
9867
9863
10017
10017
10017
9558
9096
8486
7715
8178
8486
8637
8791
9100
9250
9404
9404
9558
9709
9709
9863
9863
9709
9250
8945
8178
7872
8178
8332
8637
8791
8945
9100
9250
9404
9558
9713
9713
9867
9863
9867
9404
8945
8486
7872
7718
8023
8332
8641
8791
8945
9100
9250
9404
9558
9558
9713
9867
9863
9713
9404
9100
8637
8332
8637
8791
8945
9254
9250
9404
9558
9713
9713
9867
9863
9863
10017
10017
9863
9558
8945
8332
8637
8791
8945
9100
9250
9404
9558
9558
9713
9713
9863
9863
10017
10017
9863
9404
8791
8178
7564
6949
6488
6488
6949
7409
7718
8023
8332
8486
8791
8945
9100
9250
9404
9558
9558
9713
9558
9100
8637
8178
7564
7103
6640
6949
7409
7718
8023
8332
8483
8791
8942
9096
9250
9404
9558
9709
9709
9863
9404
8945
8637
8023
7409
6949
7103
7409
7718
8023
8332
8637
8791
8945
9100
9250
9404
9558
9713
9713
9863
9713
9404
8945
8486
7872
7409
7718
8023
8332
8641
8791
8945
9100
9250
9404
9558
9558
9713
9867
9863
9863
9863
9558
9100
8486
7872
7258
6797
6643
7103
7409
7718
8023
8332
8641
8791
8945
9100
9250
9404
9558
9713
9713
9863
9867
9404
8945
8178
7564
7103
6643
6334
6643
7103
7564
7872
8178
8486
8637
8791
9100
9250
9404
9404
9558
9709
9709
9863
9558
9096
8637
8023
7409
6795
6334
6179
6640
7103
7409
7715
8023
8328
8637
8791
8942
9096
9250
9404
9558
9709
9709
9863
9863
9709
9250
8637
8479
8784
8931
9081
9385
9531
9680
9676
9830
9984
9988
10141
10137
10286
10286
10282
10282
9668
9361
9515
9668
9826
9984
9979
10133
10129
10129
10278
10278
10278
10427
10427
10431
10436
10593
10133
9365
8601
8144
8294
8444
8751
8901
9208
9361
9519
9676
9826
9979
9975
10129
10124
10124
10274
10274
10274
9818
11832
11985
12134
12288
12441
12134
12288
12441
12595
12595
12288
12441
12595
12748
12743
12595
12441
12595
12748
12748
12748
12441
12595
12748
12748
12902
12441
12595
12595
12748
12902
12902
12595
12595
12748
12902
12902
12748
12595
12595
12748
12902
12902
12441
12595
12748
12748
12902
12902
12441
12595
12748
12902
12902
12902
12446
12595
12748
12748
12902
12902
12441
12595
12748
12748
12902
12902
12748
12595
12748
12748
12902
12902
12902
12441
12595
12748
12902
12897
12897
12441
12595
12595
12743
12897
12897
12897
12441
12595
12748
12897
12897
12897
12595
12595
12748
12743
12897
12897
12897
12441
12595
12748
12748
12748
12595
12595
12139
12134
12288
12441
12595
12743
12743
12288
12441
12595
12595
12743
12897
12897
12595
11841
11990
12144
12451
12451
11841
11990
12144
12298
12451
11990
11990
12144
12298
12451
12451
11841
11990
12298
12451
12446
11990
11990
12144
12298
12451
12600
11841
11990
12144
12451
12446
12600
11841
11990
12144
12298
12451
12446
11683
11683
11678
11520
11515
11361
11356
11356
11198
11198
11040
11194
11505
11659
11812
11965
11970
11208
11203
11203
11198
11198
11194
11040
11040
11040
11036
11036
10129
10278
10278
10427
10427
10580
10580
10576
10576
10729
10729
771
1850
2928
4003
4925
5690
6302
6914
7526
7683
8140
8598
8905
9208
9515
9818
9971
10120
10120
10274
10427
10576
10729
10729
11036
11347
11347
11045
11045
11194
11194
11194
11189
11342
11342
11342
11342
11342
11337
11337
11337
11491
11644
11802
11955
11198
11352
11347
11347
11347
11342
11496
11496
11496
11491
11337
11491
11491
11491
11491
11491
11649
11955
11960
11352
11347
11347
11347
11342
11342
11342
11496
11496
11496
11491
11491
11491
11491
11491
11491
11649
11955
12114
11352
