2161
3084
4161
5081
6000
6766
7225
7836
8448
8905
9361
9664
9212
9515
9818
10124
10427
10734
10729
10882
11036
11337
11337
11491
11639
11639
11792
11792
11945
11945
11945
12099
12099
12093
12093
12247
12093
12247
12247
12252
12247
12247
12247
12247
12247
12247
12405
12558
11955
11950
12104
12104
12104
12252
12252
12252
12252
12252
12252
12252
12252
12252
12252
12247
12247
12247
12400
12400
12247
12247
12247
12247
12400
12400
12247
12400
12400
12400
12400
12400
12400
12247
12247
12405
12563
12563
12722
12722
11807
11654
11807
11802
11955
11955
11950
12104
12104
12104
12104
12252
12252
12252
12252
12252
12252
12252
12252
12252
12252
12405
12252
12252
12247
12247
12247
12247
12247
12400
12252
12252
12400
12400
12400
12405
12558
12262
11802
11802
11955
11950
12104
12104
12099
12252
13204
13204
13204
13045
13045
12886
12886
12727
12727
12568
12568
12568
12415
12415
12415
12410
12410
12257
12257
12257
12257
12257
12257
12104
12104
12257
12257
12257
12257
12104
12104
12104
12104
12104
12257
12104
12104
12104
12104
12257
12415
12415
11352
11500
11654
11654
11807
11802
11955
11802
11802
11955
11950
11950
11950
12104
11950
11950
11950
12104
12104
12104
11950
11950
12104
12104
12104
12104
12104
11950
12104
12104
12104
12104
12099
12099
11950
12104
12104
12104
12262
12415
12415
11965
11352
11505
11500
11654
11654
11802
11802
11500
11500
11649
11649
11802
11802
11955
11950
11797
11797
11950
11950
11950
12104
12104
11950
11950
12104
12104
12104
12104
12104
12104
11950
11950
12104
12104
12104
12104
12099
12104
11347
11500
11496
11649
11649
11802
11797
11950
11797
11797
11797
11950
11950
11950
12104
12104
