3082
4003
4923
5690
6456
7068
7680
8137
8594
8897
8897
9204
9515
9668
9975
10282
10286
9369
9365
9668
9822
10124
10274
10427
10576
10729
10882
10278
10427
10580
10729
10882
11036
11184
11184
11180
11333
11180
11337
11644
11950
12262
12415
11654
11500
11649
11649
11644
11644
11644
11644
11792
11792
617
2005
3083
4161
5081
5848
6613
7225
7836
8448
8905
9361
9818
10120
10427
10734
11036
11189
11337
11644
11644
11797
11950
12104
12262
12415
12420
11659
11654
11802
11955
12109
12104
12257
12104
12104
12252
12252
12405
12405
12558
12558
12553
12553
12553
12706
12706
12706
12706
12706
12706
12706
12706
12706
12706
12706
12706
12706
12706
12706
12859
12859
12706
12706
12864
13017
13023
13176
13028
12415
12568
12568
12568
12716
12716
12716
12711
12711
12711
12711
12711
12711
12864
12864
12711
12711
12859
12859
12859
12859
12859
12859
12706
12859
12859
12859
12859
12859
12859
