2006
3084
4008
4931
5853
6621
7234
6775
7234
7843
8455
8912
9216
9519
9826
10129
10431
10585
10891
10887
11040
11194
11347
11496
11649
11649
11649
11802
11802
11797
11950
11797
11950
11950
11950
12104
12104
12104
12104
12104
12104
12262
12262
12420
11505
11659
11659
11807
11807
11960
11955
11654
11802
11802
11802
11955
11955
11955
11955
11955
11955
12104
12104
12104
12104
12104
12104
12104
12104
12104
12104
12104
12104
12104
12104
12104
12104
12104
12104
12257
12415
12415
12574
12574
12574
11812
11654
11807
11807
11802
11955
11955
11955
11802
11802
11802
11802
11802
11649
11496
11496
11342
10887
10887
10887
10887
10887
10887
11040
11040
11040
10734
10431
10734
10887
11040
11189
11342
11496
11500
11045
11045
11194
11194
11347
11500
11496
11649
11496
11649
11649
11797
11797
11797
11950
11950
11950
11950
11950
12104
12104
12104
12104
12104
9393
9543
9696
9846
10000
10154
10154
10308
10308
10457
10457
10611
10611
10611
10611
10611
10765
10765
10765
10765
10611
10765
10765
10760
10760
10756
10752
10444
10444
10593
10593
10589
10589
10589
10589
10436
10431
10431
10585
10585
10585
10585
10585
10431
10431
10431
10585
10585
10580
10580
10580
10278
10431
10431
10431
10585
10585
10580
10580
10431
10436
10589
10593
10593
10593
10593
10743
10133
9676
9826
9979
9975
10129
10129
10282
10282
10129
10129
10278
10278
10431
10431
10431
10431
10431
10278
10278
10431
10431
10431
10431
10585
10585
10580
10278
10278
10278
10431
10431
10431
10427
10585
10585
9979
9979
9975
10129
10129
10278
10278
10431
10431
10124
10124
10124
10278
10278
10278
10431
10427
10427
10427
10278
10278
10431
10431
10431
10580
10580
10580
10580
10278
10278
10431
10431
10431
10431
10580
10580
10580
10580
10278
10436
10436
10593
10593
10593
10589
10589
10589
10436
9519
9062
9212
9365
9672
9668
9822
9975
10124
10124
10278
10124
10124
10124
10278
10278
10431
10431
10431
10427
10580
