2315
3547
4469
5389
6310
6920
7225
7836
8294
8755
9212
9515
9822
10124
10278
10580
10734
10887
11036
11189
11342
11342
11496
11500
11198
11347
11500
11500
11649
11649
11649
11649
11802
11797
11797
11950
11797
11950
11950
11950
11950
11950
11950
11950
11950
12104
12104
12104
12104
12104
12104
12104
12104
12104
12104
12104
12104
12104
12257
12262
12420
12420
11505
11505
11654
11654
11807
11807
11807
11654
11802
11802
11802
11955
11955
11955
11950
11950
11950
11950
12104
12104
12104
12104
12104
12104
12104
12104
12104
12104
12104
12104
12104
12104
12104
12104
12257
11955
11654
11500
11500
11654
11649
11802
11802
11802
11802
11950
11950
11950
11950
11950
12104
11950
11950
12104
12104
12104
12104
12104
12104
12104
12104
12104
12104
12104
12104
12104
12104
12104
12104
12104
12104
12104
12262
12415
11965
13204
13204
13204
13204
13204
13204
13204
13204
13050
13045
12891
12732
12732
12727
12574
12574
12420
12415
12415
12415
12415
12415
12262
12257
12257
12257
12257
12257
12257
12104
12104
12104
12104
12257
12257
12104
12104
12104
12104
12257
12104
12104
12104
12104
12104
12262
12415
12420
11356
11352
11505
11500
11654
11654
11802
11649
11802
11802
11955
11955
11950
11950
11797
11797
11950
11950
11950
12104
12104
11950
11950
12104
12104
12104
12104
12104
11950
11950
12104
12104
12104
12104
12104
12104
12104
12104
12257
12415
12420
12420
11965
11659
11654
11807
11807
11955
11955
11955
11955
11955
11955
12109
12109
12104
12104
12104
11950
11950
12104
12104
12104
12104
12104
12104
12104
12104
12104
12104
12104
12104
12104
12104
12104
12104
12104
12257
12257
12257
12262
11654
11807
11807
11802
11955
11955
11955
12109
9239
9393
9543
9696
10004
10154
10000
9850
10000
10000
10154
10308
10304
10462
10457
10457
10611
10611
10765
10765
10765
10765
10765
10765
10765
10919
10919
10765
10919
10919
10919
10919
10919
10919
10765
10919
10919
10919
10919
10919
11073
10919
10914
10910
10752
10752
10747
10747
10747
10593
10589
10589
10589
10585
10585
10585
10585
10431
10431
10431
10585
10585
10580
10580
10580
10580
10427
10427
10427
10427
10580
10580
10580
10580
10427
10427
10427
10427
10427
10580
10580
10585
10585
10133
9979
10129
10129
10282
10282
10278
10431
10431
10124
10278
10278
10431
10431
10431
10427
10427
10580
10278
10278
10278
10427
10427
10427
10427
10580
10580
10274
10427
10427
10427
10427
10427
10580
10580
10580
10580
10431
10427
10427
10427
10585
10589
10589
10747
10747
10137
9830
9979
9979
10133
10129
10282
10282
10282
10431
10282
10431
10431
10431
10431
10585
10585
10585
10585
10585
10431
10585
10585
10580
10580
10580
10580
10580
10580
10580
10580
10580
10580
10580
10580
10580
10580
10580
10580
13198
13198
13198
13352
13352
13198
13352
13352
13352
13346
13198
13352
13193
13187
13034
12875
12875
12875
12716
12716
12716
12558
12558
12558
12558
12558
12558
12405
12405
12400
12400
12400
12400
12400
12400
12400
12400
12400
12400
12400
12400
12400
12400
12400
12400
12400
12400
12400
12400
12400
12400
12400
12400
12405
12405
12563
12563
12722
12114
11807
11807
11955
11955
11955
12104
12104
12104
12104
12104
12257
12252
12252
12252
12252
12252
12252
12252
12252
12252
12252
12252
12252
12405
12405
12405
12400
12252
12247
12247
12247
12247
12400
12400
12247
12247
12247
12400
12400
12400
12400
11342
11342
11496
11644
11644
11797
11945
11945
11792
11945
11945
11945
12099
12099
12099
12093
12093
12247
12247
12247
12247
12247
12247
12247
12247
12247
12247
12247
12400
12400
12400
