1860
2478
3404
4329
5252
5868
6174
6635
7249
7862
8322
8626
8934
9393
9547
9850
10158
10154
10462
10616
10765
10919
10919
10919
11073
11226
11380
11375
11380
11375
11375
11529
11529
11529
11529
11529
11683
11683
11683
11683
11683
11683
11683
11683
11683
11683
11683
11837
11837
11837
11683
11683
11837
11837
11837
11837
11683
11837
11837
11837
11837
11837
11683
11837
11837
11837
11837
11837
11683
11837
11837
11837
11837
11837
11837
11837
11837
11837
11837
11837
11837
11837
11837
11837
11837
11837
11837
11837
11837
11837
11837
11837
11837
11837
11837
11837
11837
11837
11837
11832
11837
11837
11837
11837
11832
11832
11832
11832
11832
11832
11832
11832
11832
11832
11832
11832
11832
11832
11832
11832
10629
10629
10629
10629
10629
10629
10629
10629
10629
10629
10629
10629
10475
10475
10629
10629
10629
10629
10629
10629
10629
10629
10629
10629
10629
10475
10629
10629
10629
10629
10629
10629
10629
10629
10629
10629
10629
10629
10475
10475
10475
10475
10475
10475
10629
10629
10629
10629
10629
10629
10629
10475
10475
10475
10475
10475
10475
10475
10475
10475
10475
10629
10629
10629
10321
10475
10475
10475
10475
10475
10475
10475
10629
10629
10629
10629
10629
10629
10475
10475
10475
10475
10475
10475
10475
10475
10629
10629
10629
10629
10629
10629
10475
10475
10475
10475
10475
10475
10475
10475
10475
10629
10629
10629
10629
10629
10475
10475
10475
10475
10475
10629
10629
10629
10629
10629
10629
10629
10629
10629
10629
10629
10629
10629
10629
10629
10629
10629
10629
10629
10629
10629
10629
10629
10629
10475
10475
10475
10475
10475
10629
10629
10629
10629
10629
10629
10629
10629
10629
10629
10475
10475
10475
10475
10475
10629
10629
10629
10629
10629
10629
10629
10629
10629
10629
10629
10629
10629
10629
10629
10629
10629
10629
10629
10629
10629
10629
10629
10629
10629
10629
10629
10629
10629
10629
10629
10629
10629
10629
10629
10629
10629
10629
10629
10629
10629
10629
10629
10629
10629
10629
10629
10629
10629
10629
10629
10629
10629
10629
10629
10629
10629
10475
10629
10629
10629
10629
10629
10629
10629
10629
10629
10629
10629
10629
10629
10629
10629
10629
10629
10629
10629
10629
10629
10629
10629
10629
10629
10629
10629
10629
10629
10629
10629
10629
10475
10629
10629
10629
10629
10629
10629
10629
10629
10629
10629
10629
10629
10629
10629
10629
10629
10629
10629
10629
10629
10629
10629
10629
10629
10629
10629
10629
10629
10629
10629
10629
10629
10475
10629
10629
10629
10629
10629
10629
10629
10629
10629
10629
10629
10629
10629
10629
10629
10629
10629
12754
12754
12754
12754
12754
12600
12600
12600
12605
12605
12600
12600
12605
12605
12605
12600
12600
12600
12600
12451
12451
12605
12605
12605
12600
12451
12451
12451
12600
12605
12605
12605
12451
12451
12605
12605
12605
12600
12451
12451
12451
12605
12605
12605
12605
12451
12451
12605
12605
12600
12600
12600
12451
12451
12605
12605
12605
12600
12600
12451
12451
12451
12451
12451
12451
12605
12451
12451
12605
12605
12600
12600
12600
12451
12451
12451
12451
12600
12600
12600
12600
12446
12446
12446
12446
12600
12600
12600
12600
12446
12600
12600
12600
12600
12600
12600
12446
12451
12451
12600
12600
12600
12600
12600
12451
12446
12446
12600
12605
12605
12600
12600
12451
12451
12605
12605
12600
12600
12600
12600
12451
12451
12605
12605
12605
12600
12600
12600
12451
12451
12451
12605
12605
12605
12605
12600
12600
12451
12451
12451
12605
12605
12605
12605
12605
13516
13516
13516
13516
13516
13363
13516
13516
13516
13516
13516
13511
13511
13511
13511
13516
13516
13511
13511
13511
13516
13516
13516
13511
13511
13516
13516
13516
13516
13516
13516
13516
13516
13516
13516
13516
13516
13516
13516
13516
13516
13516
13516
13516
13516
13516
13516
13516
13516
13516
13516
13516
13670
13516
13516
13516
13516
13516
13516
13516
13516
13516
13670
13670
13670
13516
13516
13516
13516
13516
13516
13516
13516
13516
13516
13516
13516
13516
13516
13516
13516
13516
13516
13516
13516
13516
13516
13516
13516
13516
13516
13516
13516
13516
13516
13516
13516
13516
13516
13516
13516
13516
13516
13516
13516
13516
13516
13516
13670
13516
13516
13516
13516
13516
13516
13516
