8486
8641
8945
9100
9254
9404
9404
9558
9713
9713
9867
9863
10017
9713
9250
9100
8332
7718
7103
7255
7718
8023
8332
8483
8791
8945
9096
9250
9404
9558
9554
9554
9250
8791
8178
7564
7409
7718
8023
8332
8483
8791
8945
9100
9250
9404
9558
9558
9713
9558
9250
8791
8178
7869
8178
8486
8637
8945
9100
9250
9404
9404
9558
9713
9713
9863
9863
9558
9096
8483
7869
7564
7869
8178
8332
8637
8791
9096
9250
9404
9404
9554
9709
9709
9863
9404
8945
8332
7718
7103
6643
6795
7258
7564
7869
8178
8486
8637
8945
9100
9250
9404
9558
9558
9558
9100
8637
8178
7718
7564
7718
8023
8332
8637
8791
8945
9096
9250
9404
9558
9558
9709
9863
9863
9558
9096
8483
8023
8178
8483
8637
8945
9096
9250
9404
9404
9558
9709
9709
9863
9863
10017
9863
9558
8945
8791
8945
9096
9250
9404
9558
9558
9713
9713
9863
9863
10017
10017
10017
10017
9713
9404
8791
8178
7872
8178
8486
8637
8791
9100
9250
9250
9404
9558
9713
9713
9867
9863
9863
9558
9100
8637
8178
7564
7103
6640
6488
6640
7103
7409
7869
8178
8328
8637
8791
8942
9250
9404
9404
9554
9709
9709
9558
9096
8483
8178
8486
8637
8945
9100
9250
9250
9404
9558
9713
9713
9709
9863
9863
10017
10017
9713
9100
8486
7872
7412
6795
6334
6488
6949
7258
7718
8027
8332
8486
8791
8945
9100
9250
9404
9554
9705
9696
9692
9381
8766
8150
7692
7074
7225
7529
7987
8294
8598
8751
9058
9216
9523
9676
9672
9826
9822
9975
9971
9971
9204
8751
8901
9054
9204
9357
9511
9660
9814
9814
9971
10124
10282
10282
10278
10278
10278
10274
9357
9051
9204
9515
9672
9668
9822
9975
9971
10124
10124
10120
10274
10274
10274
10431
10436
10440
9672
9058
9212
9361
9515
9511
9664
9818
9971
10129
10129
10282
10282
10282
10278
10278
10431
10427
9967
9511
9664
9822
9979
9979
10129
10129
10129
10124
10278
10278
10278
10274
10427
10431
10436
10593
10286
9365
8444
8137
8440
8594
8901
9054
9365
9519
9676
9826
9822
9975
9975
10124
10124
10278
10278
10274
10120
9515
9361
9515
9664
9818
9818
9967
9967
10120
10120
10274
10274
10431
10436
10436
10436
10431
10431
10278
9357
9550
10008
10162
10466
10620
10928
10928
10162
9854
10162
10466
10774
11077
11231
10466
9550
9242
9700
10008
10466
10769
10923
10312
9396
9088
9547
10008
10312
10620
10923
10466
9550
9092
9550
9854
10316
10620
10928
10774
9859
8938
9396
9705
10162
10466
10620
10928
10316
9396
8938
9396
9705
10008
10316
10620
10466
9705
9092
9092
9550
10008
10312
10620
10923
10620
9705
8784
9242
9705
10162
10466
10774
11077
10620
9550
8938
9396
9854
10158
10466
10769
11077
10466
9550
8938
9396
9854
10162
10466
10769
11077
10620
9705
8938
8938
9396
9854
10158
10466
10769
11077
10158
9242
8476
8784
9088
9547
10008
10312
10620
10923
10004
9242
8476
8630
9242
9700
10008
10466
10769
10923
10162
9242
8479
8784
9088
9550
9854
10316
10620
10774
10162
9396
8479
8938
9396
9854
10316
10620
10774
10769
10765
9992
9223
9066
9373
9523
9672
9672
9822
10129
10589
10747
11054
10291
9676
9826
9826
9975
9975
10124
10124
10278
10278
10274
10427
10738
10436
10129
10282
10282
10278
10431
10431
10427
10427
10427
10427
10580
10576
10576
465
1549
2786
4021
5100
6022
6792
7557
8171
13363
13516
13516
13516
13516
13516
13516
13516
13511
13511
13209
13209
13363
13363
13363
13363
13363
13516
13511
13511
13516
13516
13516
13516
13516
13363
13516
13516
13516
13516
13516
13516
13516
13516
13516
13516
13516
13516
13516
13516
13516
13516
13516
13516
13516
13516
13516
13516
13516
13516
13516
13516
13516
13516
13516
13516
13516
13516
13516
13516
13516
13516
13516
13516
13516
13516
13516
13516
13516
13516
13516
13516
13516
13516
13516
13516
13516
13516
13516
13516
13516
13516
13516
13516
13516
13516
13516
13516
13516
13516
13516
13516
13516
13516
13516
13516
13363
13516
13516
13516
13516
13516
13363
13516
13516
13516
13516
13516
13516
13516
13516
13516
13516
13516
13516
13516
11837
11837
11837
11837
11990
11837
11837
11837
11837
11837
11837
11837
11837
11837
11837
11837
11837
11837
11837
11837
11683
11837
11837
11837
11837
11837
11837
11837
11837
11837
11837
11837
11837
11837
11837
11837
11837
11837
11837
11837
11837
11837
11683
11837
11837
11837
11837
11837
11837
11837
11837
11837
11837
11837
11837
11837
11837
11837
11837
11837
11837
11837
11832
11832
11832
11832
11832
11832
11832
11832
11832
11832
11832
11832
11832
11832
11832
11832
11832
11832
11832
11832
11832
11832
11832
11832
11832
11832
11832
11832
11832
11832
11837
11837
11832
11832
11832
11832
11837
11837
11837
11837
11837
11837
11990
11837
11837
11837
11837
11837
11837
11837
11837
11837
11837
11837
11837
11990
11990
