1705
2478
3559
4638
5561
6483
6792
7557
8171
8784
9396
9705
10162
10620
10923
11231
11231
11534
11688
11837
12144
12298
12298
12446
12600
12600
12754
12754
12754
12907
12907
12907
12907
13061
13061
13061
13061
13209
13061
13209
13209
13209
13209
13061
13215
13215
13209
13209
13209
13209
13209
13209
13209
13209
13209
13215
13215
13209
13209
13209
13209
13056
13209
13209
13209
13215
13209
13215
13209
13209
13209
13209
13209
13209
13209
13209
13209
13209
13363
13209
13209
13209
13209
13209
13209
13209
13215
13215
13209
13209
13209
13209
13215
13209
13209
13209
13209
13209
13215
13215
13209
13209
13209
13209
13209
13209
13209
13209
13209
13209
13209
13363
13209
13209
13209
13209
13209
13209
13209
11688
11841
11837
11990
12144
12144
12144
12144
12144
12298
12298
12298
12298
12298
12298
12451
12451
12451
12298
12298
12451
12451
12451
12451
12605
12451
12451
12451
12451
12451
12451
12451
12451
12451
12451
12605
12605
12605
12451
12451
12451
12451
12451
12605
12605
12451
12451
12451
12451
12605
12605
12605
12451
12451
12451
12451
12605
12605
12605
11990
12144
12144
12144
12298
12298
12451
12298
12298
12298
12451
12451
12446
12446
12446
12298
12451
12451
12451
12446
12600
12600
12451
12451
12451
12451
12451
12451
12605
12605
12451
12451
12451
12451
12605
12605
12605
12451
12451
12451
12451
12605
12605
12605
12605
12451
12451
12451
12451
12451
12605
12605
12605
12298
12451
12451
12451
12451
12451
12451
12605
12298
12451
12451
12451
12446
12446
12600
12600
12446
12451
12451
12451
12451
12600
12600
12600
12600
12451
12451
12451
12451
12451
12605
12605
12605
10171
10171
10325
10321
10321
10321
10321
10475
10475
10475
10475
10475
10475
10321
10321
10475
10475
10475
10475
10475
10475
10475
10475
10629
10629
10475
10475
10475
10475
10475
10475
10475
10475
10629
10629
10629
10629
10629
10475
10475
10475
10475
10475
10475
10475
10475
10475
10629
10629
10629
10629
10321
10475
10475
10475
10475
10475
10475
10475
10475
10475
10629
10629
10629
10629
10475
10475
10475
10475
10475
10475
10475
10475
10475
10475
10475
10629
10629
10321
10321
10475
10475
10475
10475
10475
10475
10475
10475
10629
10629
10629
10629
10325
10321
10475
10475
10475
10475
10475
10475
10475
10629
10629
10629
10629
10629
10475
10479
10475
10475
10475
10475
10475
10475
10475
10475
10475
10629
10629
10629
10629
10321
10475
10475
10475
10475
10475
10475
10475
10629
10629
10629
10629
10629
10629
10629
10321
10475
10475
10475
10475
10475
10475
10475
10629
10629
10629
10629
10629
10629
10629
10321
10475
10475
10475
10475
10475
10475
10475
10475
10475
10475
10475
10629
10629
10629
10325
10321
10475
10475
10475
10475
10475
10475
10475
10475
10629
10629
10629
10629
10629
10629
10325
10475
10475
10475
10475
10475
10475
10475
10475
10475
10629
10629
10629
10629
10629
10475
10321
10475
10475
10475
10475
10475
10475
10475
10475
10629
10629
10629
10629
10629
10629
10475
10325
10325
10475
10475
10475
10475
10475
10475
10475
10475
10475
10629
10629
10629
10629
10629
10325
10475
10475
10475
10475
10475
10475
10475
10475
10629
10629
10629
10629
10629
10629
10629
10629
10321
10321
10321
10475
10475
10475
10475
10475
10475
10475
10475
10475
10629
10629
10629
10629
10475
10321
10475
10475
10475
10475
10475
10475
10475
10475
10629
10629
10629
10629
10629
10629
10629
10629
10325
10325
10475
10475
10475
10475
10475
10475
10475
10475
10475
10629
10629
10629
10629
10629
10629
