2159
2774
4005
4925
5692
6456
6914
7375
7680
8294
8908
9365
9830
9676
8758
8908
9216
9519
9668
9975
10124
10278
10124
10274
10427
10580
10729
10729
10882
10882
11036
11036
11342
11500
11654
11965
11203
11049
11045
11198
11194
11194
11194
11347
11342
11189
11342
11342
11342
11342
11342
11342
11337
11337
11337
11649
11807
11960
12114
11505
11198
11198
11198
11194
11347
11347
11342
11342
11342
11342
11342
11496
11496
11496
11491
11491
11491
11337
11649
11802
11960
12114
12267
11812
10896
10891
11045
11040
11040
11194
11194
11189
11342
11189
11342
11342
11342
11342
11337
11337
11337
11491
10891
10887
10887
11040
11036
11189
11189
11189
11189
11189
11036
11189
11184
11184
11337
11337
11337
11337
11337
11337
11491
11649
11955
12114
12267
12272
11356
10593
10743
10743
10891
10891
11040
11040
11194
11189
11189
11342
11342
11342
11337
11337
11337
11491
11491
11491
11496
775
2013
3095
4174
4943
5868
6635
7403
7708
8322
8934
9547
10004
10466
10769
10475
10475
10475
10475
10629
10629
10629
10629
10629
10629
10629
10629
10629
10629
10629
10629
10629
10629
10629
10629
10629
10629
10629
10629
10629
10629
10629
10629
10629
10629
10629
10629
10629
10629
10629
10629
10629
10629
10475
10629
10629
10629
10629
10629
10629
10629
10629
10629
10629
10629
10629
10629
10629
10629
10629
10629
10629
10629
10629
10629
10629
10629
10629
10629
10629
10629
10629
10629
10629
10629
10629
10629
10629
10629
10629
10629
10629
10475
10475
10475
10475
10475
10475
10629
10629
10629
10629
10629
10629
10629
10629
10475
10475
10475
10475
10629
10629
10629
10629
10629
10629
10629
10629
10629
10629
10475
10475
10475
10475
10475
10475
10475
10629
10629
10629
10629
10629
10629
10629
10629
10475
10475
10475
10475
10475
10475
10475
10475
10629
10629
10629
10629
10629
10629
10629
10321
10475
10475
10475
10475
10475
10475
10475
10629
10629
10629
10629
10629
10629
10629
10321
10475
10475
10475
10475
10475
10475
10475
10475
10475
10475
10475
10629
10629
10629
10321
10321
10321
10321
10475
10475
10475
10475
10475
10475
10475
10629
10629
10629
10629
10629
10321
10475
10475
10475
10475
10475
10475
10475
10629
10629
10629
10629
10629
10629
10629
10475
10475
10475
10475
10475
10475
10475
10475
10475
10475
10629
10629
10629
10629
10629
10629
10629
10475
10475
10475
10475
10475
10475
10475
10629
10629
10629
10629
10629
10629
10629
10629
10629
10475
10475
10475
10475
10475
10475
10475
10629
10629
10629
10629
10629
10629
10629
10629
10629
10475
10321
10321
10475
10475
10475
10475
10475
10475
10475
10629
10629
10629
10629
10629
10629
10629
10475
10321
10475
10475
10475
10475
10475
10475
10475
10629
10629
10629
10629
10629
10629
10629
10629
10629
10475
10475
10475
10475
10475
10475
10475
10475
10629
10629
10629
10629
10629
10629
10629
10629
10629
