2161
2776
3852
4929
5695
6461
6920
7225
7836
8294
8908
9212
9515
9822
10124
10431
10580
10734
9979
10129
10282
10585
10738
10887
10887
10734
11040
11040
11189
11342
11496
11496
11649
11649
11797
11797
11797
11797
11950
11950
11950
11950
12104
11950
12104
12104
12104
12104
12104
12099
12104
12104
12257
12262
12415
12420
11960
11045
11198
11347
11347
11500
11654
11649
11649
11802
11802
11955
11955
11955
11950
11950
11950
11950
12104
12104
12104
12104
12104
12104
12104
12104
12104
12104
12104
12104
12104
12257
12257
12257
12257
12415
11960
11807
11807
11807
11955
11955
11955
12109
11802
11802
11802
11950
11950
11950
11950
12104
11950
11950
12104
12104
12104
12104
12104
12104
12104
12104
12104
12104
12257
12257
12252
12104
12104
11950
11950
11797
11802
11654
11659
11659
11203
11049
11049
11045
11045
11045
11045
11045
11040
11040
11040
9696
9846
10000
10154
10308
10462
10457
10457
10611
10611
10611
10765
10765
10765
10765
10765
10765
10919
10914
10914
10919
10919
10919
10919
10919
10914
10910
10756
10752
10752
10747
10747
10743
10743
10743
10589
10585
10738
10738
10738
10738
10738
10734
10585
10580
10580
10580
10580
10580
10734
10580
10580
10734
10734
10734
10734
10734
10734
10580
10580
10580
10734
10738
10743
10743
10743
10743
9830
9066
9216
9369
9519
9672
9826
9975
10129
10129
10129
10129
10124
10278
10278
10431
10431
10431
10431
10431
10431
10431
10585
10580
10580
10580
10580
10585
10580
10580
10580
10580
10580
10734
10734
10580
9822
9975
10129
10124
10278
10278
10431
10431
10427
10124
10278
10278
10278
10431
10427
10427
10580
10580
10427
10427
10580
10580
10580
10580
10580
10580
10580
10580
10580
10580
10580
10580
10580
10580
10734
10734
10734
10580
10585
10738
10743
10743
10747
10743
10743
10743
10282
9369
9062
9369
9519
9672
9822
9822
9975
10129
10124
10124
10124
10278
10278
10278
10431
10431
10431
10431
10580
12891
12891
13045
13045
13198
13045
13198
13198
13198
13198
13198
13198
13352
13352
13352
13352
13352
13352
13346
13346
13352
13352
13352
13352
13352
13352
13352
13346
13346
13187
13187
13028
12875
12875
12870
12716
12716
12716
12711
12558
12558
12558
12558
12558
12558
12558
12553
12553
12553
12400
12400
12400
12400
12400
12400
12400
12405
12405
12405
12400
12400
12400
12400
12400
12400
12400
12400
12405
12558
12563
11807
11802
11955
11950
11950
12104
12099
12099
12099
12099
12252
12252
12252
12252
12252
12247
12247
12247
12247
12247
12400
12247
12400
12400
12400
12400
12400
12400
12247
12247
12247
12400
12400
12400
12400
12400
12247
12247
12247
12247
12405
12405
12563
11807
11802
11955
11955
12104
12104
12104
12104
11950
12104
12099
12099
12252
12252
12252
12252
11678
11832
11985
12139
12288
12441
12441
12595
12748
12748
12748
12743
12897
12897
13050
12897
13050
13050
13050
13050
13050
13050
13050
13204
13204
13204
13204
13204
13204
13204
13204
13204
13204
13204
13204
13204
13204
13204
13204
13204
13204
13204
13204
13045
12891
12886
12732
12727
12574
12574
12568
12415
12415
12415
12415
12257
12257
12257
12257
12257
12257
12104
12104
12104
12104
12257
12257
12257
12104
12104
12104
12104
12104
12252
12252
12099
12099
12099
12099
12099
12099
12252
12104
12104
12257
12415
12415
12574
12574
11965
11659
11659
11807
11807
11960
11955
11955
11955
11955
11955
11955
12109
12104
12104
12104
12104
12104
12104
12104
12104
12104
12104
12104
12104
12104
12104
12104
12257
12257
12257
12104
12104
12104
12104
12104
12104
12257
12257
