8332
8486
8641
8791
9100
9254
9250
9404
9558
9713
9713
9867
9863
9558
9100
8637
8178
7872
8178
8332
8637
8791
9100
9254
9250
9404
9558
9713
9713
9867
9404
8945
8486
8023
7564
7718
8023
8332
8486
8791
8945
9100
9250
9404
9558
9558
9713
9558
9400
8784
8167
7548
7699
8003
8304
8608
8912
9066
9377
9531
9684
9680
9830
9979
9979
9365
9058
9212
9361
9519
9676
9830
9984
9979
10129
10129
10278
10278
10278
10124
9361
8751
9058
9208
9361
9511
9664
9814
9814
9967
10120
10124
10282
10282
10278
9515
9208
9361
9511
9664
9814
9814
9967
10124
10129
10282
10282
10282
10278
10431
9818
8901
9054
9204
9357
9668
9826
9830
9979
9979
10129
10129
10278
10278
10274
10427
9664
9208
9365
9519
9676
9826
9826
9975
10129
10124
10124
10278
10274
10274
10427
10431
9822
9365
9515
9668
9818
9818
9967
9967
10120
10120
10274
10278
10282
10436
10436
10431
9822
9212
9361
9515
9664
9664
9814
9967
9971
10129
10282
10282
10278
10431
10427
10427
10120
9204
9204
9357
9507
9664
9822
9979
10129
10124
10124
10278
10274
10274
10427
10427
10427
9814
9054
9208
9511
9511
9660
9814
9967
9967
10116
10116
10269
10269
10427
10431
10436
10431
9822
9208
9361
9511
9664
9818
9967
9967
10120
10120
10278
10282
10436
10436
10431
10431
10427
9971
9208
9357
9511
9664
9660
9818
9975
10133
10133
10282
10282
10278
10278
10431
10427
10427
10427
9511
9204
9357
9668
9826
9826
9979
10129
10129
10124
10278
10274
10274
10427
10427
10423
10423
10274
9515
9361
9511
9664
9814
9814
9967
10120
10116
10269
10269
10269
10423
10431
10436
10436
10440
10282
9365
8448
8140
8444
8751
8901
9204
9357
9511
9660
9818
9822
9975
10133
10129
10278
10278
10278
10427
9818
9357
9511
9664
9660
9814
9967
10124
10129
10286
10291
10295
10299
10453
10457
10457
10462
10462
10158
9396
8476
7712
1077
1846
2922
3843
4609
5378
5992
6610
7071
7375
7833
8140
8444
8751
8901
9054
9357
9511
9365
8751
