8181
8181
8332
8641
8791
8945
9100
9254
9404
9558
9713
9713
9867
9713
9250
8791
8332
7718
7872
8178
8486
8637
8945
9100
9250
9250
9404
9558
9713
9709
9709
9404
8791
8023
7409
6949
6640
6949
7409
7718
8023
8332
8637
8791
8945
9096
9250
9404
9558
9404
9100
8637
8023
7409
6949
6488
6795
7103
7564
7872
8178
8486
8637
8945
9100
9250
9404
9404
9558
9404
8945
8332
7718
7103
6795
7258
7564
7872
8178
8486
8637
8791
9100
9254
9250
9404
9558
9713
9250
8791
8178
7718
7409
6795
7103
7564
7872
8178
8332
8637
8791
8945
9100
9250
9404
9558
9713
9713
9404
8945
8332
7718
7103
6643
6795
7103
7409
7872
8023
8332
8637
8791
8945
9100
9250
9404
9558
9558
9713
9250
8945
8332
8178
8486
8637
8945
9100
9250
9404
9558
9558
9709
9709
9863
9863
9863
9709
9250
8791
8332
7715
8023
8332
8483
8791
8945
9096
9250
9404
9404
9558
9713
9709
9863
9863
9713
9250
8637
8178
7564
7103
6795
7258
7564
7872
8178
8486
8637
8945
9100
9250
9404
9558
9558
9713
9713
9713
9250
8486
7872
7258
6795
6334
6179
6643
7103
7564
7872
8178
8332
8637
8791
9100
9250
9404
9404
9558
9713
9713
9250
8791
8332
7718
7258
7564
7872
8178
8486
8637
8945
9100
9254
9404
9404
9558
9713
9713
9867
9867
9867
9096
8325
7708
6937
6318
5856
5856
6161
6464
7077
7382
7840
8144
8448
8601
8908
9219
9369
9523
9672
9672
9822
9668
8901
620
1704
2787
3714
4485
5255
5870
6486
6949
7409
7715
8023
8328
8637
8942
9096
9096
9250
9404
9554
9709
9709
9863
10017
10017
10171
10167
10167
10321
10321
10321
10321
10171
10171
10325
10321
10321
10321
10321
10475
10475
10475
10475
10475
10475
10475
10629
10629
10629
10321
10321
10321
10475
10475
10475
10475
10475
10475
10475
10629
10629
10629
10629
10629
10629
10321
10321
10321
10475
10475
10475
10475
10475
10475
10475
10475
10475
10629
10629
10629
10629
10629
10321
10321
10321
10321
10475
10475
10475
10475
10475
10475
10475
10475
10321
10321
10321
10321
10321
10321
10321
10171
9863
9863
10017
10017
10167
10167
10167
10321
10321
10321
10475
10475
10475
10475
10475
10475
10475
10321
12600
12600
12600
12600
12754
12754
12600
12600
12600
12600
12600
12600
12446
12451
12605
12605
12600
12600
12600
12451
12451
12451
12446
12446
12605
12451
12451
12605
12605
12605
12600
12600
12451
12451
12451
12451
12605
12605
12451
12451
12451
12605
12605
12600
12600
12451
12451
12451
12451
12605
12605
12605
12451
12451
12451
12451
12446
12605
12605
12451
12451
12451
12605
12605
12600
12600
12451
12451
12451
12605
12605
12605
12605
12451
12451
12605
12605
12600
12600
12600
12605
12451
12605
12605
12605
12600
12600
12600
12451
12451
12451
12605
12605
12605
12605
12600
12451
12451
12605
12600
12600
12605
12605
12605
12451
12451
12605
12600
12600
12600
12600
12600
12446
12446
12446
12446
12600
12600
12600
12600
12446
12446
12446
12446
12600
12600
12600
12600
12446
12446
12600
12600
12600
12600
12600
12600
12605
12605
12605
12600
12600
12600
12600
12600
12600
13812
13812
13812
13812
13812
13812
13812
13812
13812
13812
13812
13812
13812
13812
13812
13812
13812
13812
13812
13965
13812
13812
13965
13965
13965
13812
13812
13812
13812
13812
13812
13812
13812
13812
13812
13812
13812
13812
13812
13812
13812
13812
13812
13812
13812
13812
13812
13659
13659
13659
13659
13659
13659
13659
13659
13659
13659
13812
13659
13659
13659
13659
13659
13659
13664
13659
13659
13659
13659
13659
13659
13659
13659
13659
13659
13659
13664
13659
13812
13812
13812
13812
13812
13812
13812
13812
13812
13812
13812
13812
13812
13812
13659
13659
13659
13659
13659
13664
13659
13812
13812
13812
13659
13659
13659
13659
13659
13812
13659
13659
13812
13812
13812
13812
13812
11985
11985
11985
11985
11985
11832
11832
11832
11832
11832
11837
11837
11837
11832
11985
11837
11837
11837
11837
11837
11837
11837
11837
11837
11837
11990
11837
11837
11837
11837
11837
11837
11837
11837
11837
11837
11837
11837
11837
11837
11837
11837
11837
11837
11837
11837
11837
11837
11837
11837
11837
11837
11837
11837
11837
11837
11837
11990
11990
11990
11837
11837
11837
11837
11990
11990
11837
11837
11837
11837
11990
11990
11837
11837
11837
11837
11837
11837
11837
11837
11837
11990
11990
11990
11990
11837
11837
11837
11837
11837
11990
11837
11837
11837
11837
11837
11837
11837
11837
11837
11837
11837
11837
11837
11990
11837
11837
11837
11832
11832
11837
11837
11837
11837
11832
11832
11832
11832
