1850
2620
3543
4463
5384
6305
7074
7228
7532
7990
8448
8905
9212
9515
9668
9664
9971
10120
10274
10427
10576
10729
10729
10729
10882
10882
11036
11342
11500
11045
10891
11040
11040
11040
11194
11189
11189
11189
11189
11189
11184
11337
11337
11337
11337
11337
11337
11337
11337
11649
11802
11960
11352
11045
11194
11194
11194
11194
11342
11342
11342
11189
11189
11189
11184
11337
11337
11337
11337
11337
11337
11337
11649
11802
11955
12114
11505
11198
11198
11194
11194
11347
11342
11342
11342
11342
11342
11342
11342
11342
11342
11491
11491
11491
11337
11491
11649
11802
12114
12267
12272
11817
11668
11975
12129
12282
12436
12436
11673
11678
11827
12134
12288
12441
12595
12595
12748
12902
12902
13056
13056
13056
13209
13209
13209
13363
13363
13363
13363
13363
13516
13516
13516
13516
13363
13363
13363
13516
13516
13516
13516
13363
13516
13516
13516
13516
13516
13516
10629
10629
10629
10629
10629
10629
10629
10629
10629
10629
10629
10629
10629
10629
10629
10629
10629
10629
10629
10629
10629
10629
10629
10629
10629
10629
10629
10629
10629
10629
10629
10629
10629
10629
10629
10629
10629
10629
10629
10629
10629
10629
10629
10629
10629
10629
10629
10629
10629
10629
10629
10629
10629
10629
10629
10629
10629
10629
10629
10629
10629
10629
10629
10629
10475
10629
10629
10629
10629
10629
10629
10629
10629
10629
10629
10629
10629
10629
10475
10629
10629
10629
10629
10629
10629
10629
10629
10629
10629
10629
10629
10629
10475
10475
10475
10629
10629
10629
10629
10629
10629
10629
10629
10629
10629
10629
10475
10475
10475
10475
10629
10629
10629
10629
10629
10629
10629
10629
10629
10629
10629
10629
10475
10629
10629
10629
10629
10629
10629
10629
10629
10629
10629
10629
10629
10475
10629
10629
10629
10629
10629
10629
10629
10629
10629
10629
10629
10629
10629
10629
10475
10475
10629
10629
10629
10629
10629
10629
10629
10629
10629
10629
10629
10629
10629
10321
10321
10321
10475
10475
10475
10475
10475
10475
10629
10629
10629
10629
10629
10629
10475
10629
10629
10629
10629
10629
10629
10629
10629
10629
10629
10629
10629
10629
10629
10629
10629
10629
10629
10629
10629
10629
10629
10629
10629
10629
10629
10629
10629
10629
10629
10629
10475
10475
10629
10629
10629
10629
10629
10629
10629
10629
10629
10629
10629
10629
10629
10629
10629
10629
10629
10629
10629
10629
10629
10629
10629
10629
10629
10629
10629
10629
10475
10475
10475
10475
10167
10167
10167
10167
10321
10321
10321
10321
10321
10321
10321
10321
10321
10321
10475
10475
10475
10475
10017
10013
10167
10167
10167
10321
10321
10321
10475
10475
10475
10475
10475
10475
10475
10475
10629
10321
10321
10475
10475
10475
10475
10475
10475
10475
10629
10629
10629
10629
10629
10629
10629
10629
10629
10919
10919
10919
10919
10919
10919
10765
10765
10765
10765
10765
10919
10765
10765
10765
10765
10919
10919
10765
10765
10765
10919
10919
10919
10765
10765
10765
10765
10919
10919
10765
10765
10765
10919
10919
10919
10765
10765
10765
10765
10919
10919
10919
10765
10919
10919
10919
10919
10919
10765
10919
10919
10919
10919
10919
10919
10765
10765
10765
10919
10919
10919
10919
10765
10919
10919
10919
10919
10919
10919
10765
10765
10919
10919
10919
10919
10919
10765
10919
10919
10765
10919
10919
10919
10919
10919
10919
10919
10919
10919
10919
10765
10765
10919
10919
10919
10919
10919
10919
10765
10919
10919
10919
10919
10919
10919
10765
10765
10919
10919
10919
10919
10919
10919
10765
10765
10765
10919
10919
10919
10919
10765
10765
10919
10919
10919
10919
10919
10919
10765
10919
10919
10919
10919
10919
10919
10919
