8791
9100
9254
9254
9404
9558
9713
9713
9867
9863
10017
10017
10017
9404
8791
8332
7872
7564
7872
8178
8486
8637
8791
9100
9250
9404
9558
9558
9713
9863
9404
8945
8332
7718
7869
8178
8486
8637
8945
9100
9254
9404
9404
9558
9713
9713
9867
9713
9404
8637
8023
8332
8637
8791
8945
9100
9250
9404
9558
9558
9713
9867
9863
9863
9558
9254
8637
7872
7409
7258
7564
7872
8178
8486
8637
8945
8945
9100
9250
9404
9404
9558
9558
9558
9558
9404
9100
8486
7872
7718
8023
8332
8483
8791
8945
9096
9250
9404
9558
9713
9709
9863
9863
9554
9250
8637
8023
7409
6949
7255
7564
7869
8178
8483
8637
8945
9100
9250
9404
9404
9558
9713
9713
9558
8945
8332
7718
7103
6643
6488
6949
7409
7718
8023
8332
8486
8791
8945
9100
9250
9404
9558
9713
9558
9250
8637
8178
7718
7103
7103
7409
7718
8023
8332
8641
8791
8945
9100
9250
9404
9558
9558
9713
9713
9558
8945
8637
8178
7564
7872
8023
8332
8641
8791
8945
9100
9250
9404
9558
9713
9709
9863
9863
9863
9713
9250
8483
7869
7255
7409
7718
8023
8332
8483
8791
8945
9096
9250
9404
9558
9558
9713
9709
9863
9709
9558
9096
8483
8483
8791
8942
9096
9404
9404
9554
9709
9709
9863
9863
10017
10017
10017
10171
10017
9404
8791
8023
7409
7103
7564
7872
8178
8486
8637
8791
9100
9096
9250
9404
9558
9558
9713
9713
9863
9713
9404
8945
8332
7718
7258
7409
7872
8178
8332
8637
8791
8945
9254
9250
9404
9558
9713
9713
9867
9863
9863
9558
9254
8641
7872
7412
6795
6334
6334
6795
7258
7718
8027
8178
8486
8791
8945
9100
9250
9404
9404
9558
9713
9713
9713
9250
8945
8486
7872
7564
7872
8178
8332
8641
8791
8945
9100
9250
9404
9558
9713
9713
9867
9863
10017
10017
9863
9558
8945
8178
7564
7872
8178
8332
8637
8791
9100
9250
9250
9404
9558
9713
9709
9709
9863
9863
10017
9863
9404
8945
8483
8023
7564
7103
7255
7564
7869
8178
8486
8637
8945
9100
9250
9404
9404
9558
9713
9713
9867
9863
9863
9713
9404
8945
8332
7718
7409
7718
8023
8332
8486
8791
8945
9100
9250
9404
9558
9558
9713
9713
9863
9863
10017
10017
9867
9558
8945
8332
7718
7869
8178
8486
8637
8945
9100
9250
9404
9558
9558
9713
9713
9867
9863
10017
10017
10017
10017
9863
9404
8641
7872
7412
