4472
4777
5851
6618
7231
7840
7993
8451
8908
9212
9668
9975
10124
10278
10580
10734
10887
11036
11036
11189
11342
11342
11496
11496
11644
11644
11644
11797
11797
11797
11797
11797
11797
11950
12109
11960
11654
11654
11807
11802
11802
11802
11802
11802
11802
11950
11950
11950
11950
11950
11950
11950
11950
11950
11950
11950
11950
11950
11950
11950
11950
12104
11950
11950
11950
11950
11950
11950
11950
11950
12104
12262
12262
12420
12420
11510
11203
11352
11352
11505
11500
11654
11654
11654
11802
11802
11802
11802
11797
11797
11797
11797
11950
11950
11950
11950
11950
11797
11797
11797
11797
11950
11950
11950
11950
11950
11950
11950
11950
12104
12109
12262
11659
11654
11654
11807
11807
11802
11802
11955
11649
11649
11802
11802
11802
11802
11955
11950
11950
11950
11950
11950
11950
11950
11950
11950
13505
13499
13499
13499
13499
13499
13499
13499
13499
13499
13505
13659
13659
13659
13499
13499
13340
13182
13182
13176
13023
13023
13023
12864
12864
12864
12864
12864
12706
12706
12706
12706
12706
12706
12706
12706
12706
12706
12706
12706
12706
12706
12706
12706
12706
12553
12553
12706
12706
12706
12706
12558
11807
11802
11802
11950
11950
12104
12104
11797
11950
11945
12099
12099
12252
12252
12252
12252
12400
12400
12400
12400
12400
12400
12400
12553
12553
12553
12553
12553
12553
12553
12553
12553
12553
12553
12553
12553
12553
12553
12711
12870
12870
12415
11807
11955
12109
12104
12104
12257
12252
12252
12252
12405
12405
12405
12400
12553
12553
12400
12553
12553
12553
12553
12553
12553
12553
12553
12553
12553
12553
12553
12553
12553
12553
12553
12553
12553
12553
12553
12553
12558
13050
13204
13204
13204
13204
13045
12891
12732
12732
12727
12574
12420
12415
12415
12415
12415
12415
12262
12257
12257
12257
12257
12257
12104
12104
12104
12257
12257
12257
12104
12104
12104
12104
12104
12104
12104
12104
12104
12104
12104
12104
12104
12104
12257
12415
12415
12574
12267
11203
10593
10743
10891
11045
11198
11347
11500
11500
11500
11649
11649
11802
11802
11802
11802
11955
11950
11950
11950
11950
11950
11950
11950
12104
12104
12104
12104
12104
12104
12104
12104
12104
12104
12104
11950
12104
12104
12109
12262
12420
12420
11965
10901
10743
10896
11045
11198
11352
11347
11500
11500
11500
11649
11649
11802
11802
11802
11802
11802
11955
11950
11950
11950
12104
12104
11950
12104
12104
12104
12104
12104
12104
11950
11797
11950
11950
11950
11950
11950
12104
11955
11198
11198
11194
11347
11496
11496
11649
11649
