1860
2632
3559
4638
5716
6486
6792
7557
8325
8938
9396
9854
10312
10620
11077
11380
11534
11841
11990
12144
12298
12446
12600
12600
12754
12907
12907
12907
13061
13061
13209
13209
13209
13209
13209
13363
13363
13209
13209
13209
13363
13363
13363
13363
13363
13363
13363
13363
13363
13363
13516
13516
13516
13516
13516
13516
13511
13511
13511
13511
13363
13363
13516
13516
13516
13516
13363
13516
13516
13516
13516
13516
13516
13516
13516
13516
13516
13516
13516
13516
13511
13516
13516
13516
13516
13516
13516
13511
13511
13511
13511
13511
13511
13516
13516
13516
13516
13516
13516
13516
13516
13511
13511
13511
13363
13516
13516
13516
13511
13511
13511
13511
13511
13511
13511
13511
13511
12600
12600
12600
12600
12600
12600
12605
12605
12605
12600
12600
12600
12451
12451
12451
12605
12600
12600
12600
12446
12446
12446
12446
12600
12600
12446
12446
12446
12446
12600
12600
12446
12446
12446
12446
12600
12600
12600
12451
12446
12446
12446
12600
12446
12600
12298
12451
12451
12451
12451
12605
12600
12451
12451
12451
12451
12451
12605
12605
12451
12451
12451
12605
12605
12600
12600
12451
12451
12451
12605
12605
12605
12605
12451
12451
12451
12451
12451
12605
12605
12605
12451
12451
12451
12451
12605
12600
12600
12451
12451
12451
12451
12605
12605
12605
12600
12451
12451
12451
12451
12451
12605
12605
12605
12451
12451
12451
12451
12605
12600
12600
12605
12451
12451
12451
12605
12605
12605
12600
12600
12298
12298
12451
12451
12451
12451
12605
12605
12451
12451
12451
12451
12446
12446
12600
12600
12600
12451
12446
12600
12600
12600
12600
12600
12600
10321
10475
10475
10475
10475
10475
10475
10475
10475
10629
10629
10629
10629
10475
10475
10475
10475
10475
10475
10475
10475
10629
10629
10629
10629
10475
10475
10475
10475
10475
10475
10475
10629
10629
10629
10629
10629
10629
10475
10475
10475
10475
10475
10475
10629
10629
10629
10629
10629
10629
10629
10321
10475
10475
10475
10475
10475
10475
10475
10475
10475
10475
10475
10475
10629
10321
10321
10475
10475
10475
10475
10475
10475
10475
10475
10629
10629
10629
10475
10475
10475
10475
10475
10475
10475
10475
10629
10629
10629
10629
10629
10629
10475
10475
10475
10475
10475
10475
10629
10629
10629
10629
10629
10629
10629
10629
10475
10475
10475
10475
10475
10475
10475
10629
10629
10629
10629
10629
10629
10629
10629
10475
10475
10475
10475
10475
10475
10475
10475
10629
10629
10629
10629
10629
10629
10629
10321
10475
10475
10475
10475
10475
10475
10475
10629
10629
10629
10629
10629
10629
10629
10321
10321
10475
10475
10475
10475
10475
10475
10475
10475
10475
10629
10629
10629
10629
10321
10475
10475
10475
10475
10475
10475
10475
10475
10629
10629
10629
10629
10629
10629
10629
10475
10475
10475
10475
10475
10475
10629
10629
10629
10629
10629
10629
10629
10629
10629
10475
10475
10475
10475
10475
10475
10475
10475
10629
10629
10629
10629
10629
10629
10629
10629
10475
10475
10475
10475
10475
10475
10475
10629
10629
10629
10629
10629
10629
10629
10629
10629
10629
10321
10475
10475
10475
10475
10475
10475
10475
10475
10475
10475
10629
10629
10629
10629
10629
10475
10475
10475
10475
10475
10475
10475
10629
10629
10629
10629
10629
10629
10629
10629
10629
10629
10321
10475
10475
10475
10475
10475
10475
10475
10629
10629
10629
10629
10629
10629
10629
10629
10629
10475
10475
10475
10475
10475
10475
10475
10475
10629
10629
10629
10629
10629
10629
10629
10629
10629
10629
