2776
3698
4465
5233
6000
6613
7071
7529
7987
8290
8598
8901
9515
9975
10282
9979
9979
10129
10278
10431
10585
10734
10734
10887
10882
11036
11036
11036
11189
11189
11194
10738
10738
10887
10887
11040
11036
11189
11189
11189
11189
11184
11337
11337
11337
11337
11491
11040
11040
11040
11189
11189
11189
11342
11342
11189
11189
11184
11337
11337
11337
11337
11491
11040
11040
11040
11040
11036
11189
11189
11342
11342
11184
11184
11337
11337
11337
11337
11491
11649
11040
11194
11194
11189
11342
11342
11342
11337
11337
11337
11337
11337
11337
11491
11491
11491
11644
11045
11040
11040
11194
11189
11189
11342
11342
11342
11189
11184
11337
11337
11337
11337
11337
11491
11649
11194
11194
11194
11342
11342
11342
11342
11342
11491
11337
11491
11491
11491
11491
11491
11491
11644
11802
11347
11194
11194
11194
11189
11342
11342
11342
11342
11337
11189
11184
11184
11337
11337
11337
11337
11491
11649
11654
10743
10738
10891
10891
11040
11040
11194
11189
11342
11342
11189
11189
11337
11337
11337
11337
11337
11649
11802
11654
