7993
8144
8451
8755
8908
9058
9365
9519
9519
9668
9822
9975
9979
9676
9373
9523
9676
9672
9826
9979
9975
10129
10129
10282
10282
10282
10282
10278
10282
10440
10444
10444
10440
10593
10593
10589
10589
10589
10589
10436
9519
9365
9519
9672
9822
9822
9979
10137
10137
10291
10286
10286
10286
10440
9826
8908
9062
9365
9519
9672
9672
9822
9975
9975
10133
10137
10291
10291
10440
9676
9066
9369
9523
9519
9672
9826
9975
9975
10129
10129
10282
10282
10282
10440
9830
9219
9369
9523
9672
9826
9979
9975
10129
10129
10124
10278
10278
10278
10431
10278
10436
10440
10440
10440
10593
10589
10589
10589
10589
10589
10589
10585
10585
10282
9365
9365
9519
9668
9826
9826
9984
10137
10137
10286
10286
10286
10282
10436
10436
9975
9216
9212
9365
9519
9668
9822
9975
9975
10133
10137
10286
10286
10286
10440
10436
10133
9369
9519
9519
9672
9822
9975
9975
10129
10124
10278
10282
10440
10440
10440
10440
10286
9369
9216
9365
9519
9672
9822
9975
9975
10129
10129
10124
10278
10278
10278
10436
10440
10137
9373
9523
9676
9826
9826
9975
9975
10129
10129
10282
10278
10278
10431
10431
10431
10431
10278
10282
10440
10440
10440
10440
10436
10589
10589
10589
10585
10585
10585
10585
10585
10585
9822
9365
9515
9668
9668
9826
9979
10137
10137
10133
10286
10286
10282
10436
10436
10436
10436
10129
9212
9365
9519
9672
9668
9822
9975
10129
10133
10291
10291
10286
10286
10440
10436
10436
10436
9826
9519
9672
9822
9822
9975
10129
10124
10124
10278
10278
10282
10436
10440
10440
10440
10436
10436
9672
9212
9365
9519
9668
9822
9975
9975
10129
10124
10124
10278
10278
10278
10436
10440
10440
10593
9830
9369
9523
9676
9672
9826
9979
9975
10129
10129
10282
10282
10278
10431
10431
10431
10431
10431
10286
9979
10133
10129
10129
10282
10282
10278
10431
10431
10431
10431
10431
10431
10585
10585
10580
10580
12441
12595
12748
12748
12748
12441
12595
12595
12748
12748
12446
12595
12595
12748
12748
12288
12441
12595
12748
12748
12748
12441
12595
12748
12902
12748
12293
12441
12441
12595
12748
12748
12293
12441
12595
12748
12748
12595
12441
12595
12595
12748
12902
12441
12441
12595
12748
12743
12743
12288
12441
12595
12748
12743
12743
12441
12441
12595
12748
12748
12743
12441
12441
12595
12748
12748
12897
12897
12441
12595
12595
12743
12897
12743
12134
12288
12441
12595
12748
12743
12743
12288
12441
12595
12748
12743
12595
12293
12293
12441
12595
12748
12748
12748
12288
12441
12595
12748
12748
12902
12902
12441
12595
12595
12748
12902
12897
12748
12441
12595
12595
12748
12902
12902
12902
12441
12595
12748
12748
12748
12595
12748
12144
12298
12446
12600
12600
11990
12144
12298
12446
12600
12293
11990
12144
12293
12446
12600
11837
12144
12293
12446
12446
12293
11990
12144
12293
12446
12446
11990
11990
12144
12293
12446
12446
11837
12144
12298
12293
12293
12288
12129
11668
11663
11663
11659
11659
11654
11654
11654
11500
11496
11496
11649
11649
11491
11491
11644
11649
11194
11194
11194
11342
11342
11342
11342
11342
11337
11184
11184
11337
11337
11337
11337
11491
11491
11337
11491
11491
11644
11802
11955
12114
11812
11049
11045
11198
11194
11194
11347
11342
11342
11342
11342
11342
11342
11342
11496
11491
11491
11491
11491
11337
11496
11802
11960
11960
11965
12119
11668
11059
11366
11520
11827
11980
12134
12288
11832
11985
12139
12441
12595
12595
12748
12748
12902
13056
13056
13209
13209
13209
13209
13363
13363
13357
13357
13511
13357
13357
13511
13511
13511
13511
13511
11837
11837
11837
11837
11837
11837
11837
11837
11837
11837
11837
11837
11837
11837
11837
11837
11837
11837
11837
11837
11837
11837
11837
11837
11837
11837
11837
11837
11837
11837
11837
11837
11837
11837
11837
11837
11837
11837
11837
11837
11837
11837
11990
11837
11837
11837
11837
11837
11837
11837
11837
11837
11837
11990
11837
11837
11837
11832
11832
11832
11837
11837
11837
11832
11832
11832
11837
11683
11683
11678
11678
11832
11837
11837
11837
11837
11837
11837
11832
11837
11837
11837
11837
11837
11837
11837
11837
11837
11837
11837
11837
11837
11683
11837
11837
11837
11837
11837
11837
11837
11837
11837
11837
11837
11837
11837
11837
11837
11837
11837
11837
11837
11837
11837
11837
11837
11837
11837
11837
