2005
2620
3543
4311
4925
5384
6000
6459
6615
6769
7228
7532
7836
7987
8294
8444
8598
8747
8901
9054
9204
9357
9357
9511
9511
9507
9664
9971
10129
10282
9826
9062
9058
9212
9361
9361
9515
9511
9664
9511
9664
9664
9660
9660
9814
9814
9814
9814
9208
9208
9361
9357
9511
9511
9664
9660
9511
9507
9660
9660
9660
9814
9814
9814
9814
9814
9967
10124
10278
10436
10589
10282
9519
9212
9365
9365
9515
9515
9668
9664
9664
9664
9664
9664
9818
9814
9814
9814
9814
9967
9668
9668
9664
9818
9818
9818
9818
9967
9967
9814
9814
9967
9967
9967
9967
9967
9967
9963
9967
10120
10278
10431
10589
10589
10436
10436
9822
9058
9058
9212
9208
9361
9515
9511
9511
9664
9664
9664
9664
9664
9814
9814
9967
10124
10278
10282
9519
9519
9519
9668
9668
9664
9818
9818
9818
9814
9814
9814
9814
9967
9967
9967
9967
9967
9967
10120
9668
9668
9664
9664
9818
9818
9818
9814
9814
9967
9967
9814
9814
9814
9814
9967
9967
9967
9963
9963
10120
12298
12451
12600
12600
12754
12298
12298
12446
12600
12754
12144
12298
12446
12600
12754
12600
12298
12446
12446
12600
12754
12144
12298
12446
12600
12754
12600
12144
12293
12446
12600
12600
12298
12144
12446
12446
12600
12754
12144
12139
12293
12446
12600
12600
11990
12144
12293
12446
12600
12754
12144
12144
12293
12446
12600
12600
12298
12144
12298
12446
12600
12600
12600
12144
12298
12451
12600
12600
12754
11990
12144
12298
12446
12600
12754
12600
12144
12298
12451
12600
12754
12754
12144
12298
12451
12446
12600
12754
12754
12144
12298
12446
12600
12754
12754
12754
12144
12298
12446
12600
12754
12754
12600
12144
12298
12451
12600
12600
12754
12600
11990
12298
12451
12600
12600
12754
12754
11990
12144
12298
12446
12600
12754
12754
11990
