2460
3228
4148
4917
5529
6144
6758
7372
7680
7529
7987
8290
8598
8901
9054
9204
9511
9664
9814
10120
10431
10738
11045
11352
10891
10129
9971
10124
10278
10274
10427
10427
10427
10734
10738
10431
10431
10431
10431
10580
10580
10580
10580
10576
10729
10576
10887
11194
11347
11659
11812
11045
10436
10431
10585
10585
10580
10580
10580
10580
10734
11040
10282
10436
10436
10431
10431
10585
10580
10580
10580
10580
10734
10576
10887
11194
11500
11659
11812
11505
10738
10278
10278
10431
10427
10427
10580
10580
10580
10887
11045
10589
10585
10585
10585
10585
10585
10585
10585
10585
10734
10734
10734
10580
10734
11040
11352
11659
11659
11663
10901
9984
9830
9979
9979
10129
10129
10278
10278
10431
10431
10738
10743
10436
10436
10431
10585
10585
10580
10580
10734
10734
10729
10729
10729
10887
11194
11347
11654
11659
11659
11505
11352
10585
9664
9664
9664
9814
9967
10120
10120
10580
10887
11198
10589
9668
9668
9818
9971
10124
10120
10274
10274
10427
10427
10580
10887
10436
10436
10431
10431
10431
10431
10585
10585
10580
10580
10580
10580
10580
10580
10734
11040
11045
11049
11049
11049
11049
11049
11049
10743
9975
9515
9668
9818
9971
10124
10120
10274
10738
11045
11352
10896
7100
7564
7869
8178
8483
8791
8942
9096
9404
9404
9558
9709
9558
8637
7869
7255
6795
7103
7409
7869
8178
8483
8637
8945
9096
9250
9404
9558
9713
9250
8483
7718
7103
6949
7255
7718
8023
8332
8637
8791
9100
9250
9404
9558
9713
9709
9250
8332
7718
6949
6795
6949
7409
7718
8023
8332
8637
8945
9096
9250
9404
9558
9713
9558
8791
8023
7255
6795
6795
7103
7564
7869
8178
8483
8791
8945
9096
9404
9558
9558
9709
9404
8637
7869
7255
6640
6640
7100
7409
7869
8178
8483
8637
8942
9096
9250
9404
9554
9709
9709
8942
8178
7409
6795
6334
6486
6946
7409
7869
8178
8483
8637
8945
9096
9250
9404
9558
9709
9709
8945
8178
7409
6795
6640
6949
7409
7718
8178
8486
8637
8945
9096
9250
9404
9558
9709
9863
9558
8791
8023
7255
6640
6488
6795
7255
7564
7869
8332
8483
8791
8945
9250
9404
9558
9713
9709
9863
9100
8332
7564
6949
6334
6488
6795
7255
7564
8023
8332
8637
8791
8945
9250
9404
9558
9713
9709
9713
9100
8178
7564
6949
6334
6488
6640
7103
7564
7869
8178
8486
8637
8945
9096
9250
9404
9558
9709
9709
9250
8637
7869
7103
6640
6334
6640
7100
7564
7869
8178
8483
8791
8942
9096
9404
9554
9554
9709
9863
9709
8942
8178
7409
6795
6334
6486
6949
7406
7712
8013
8315
8619
8923
9073
9223
9373
9523
9672
9826
9979
9830
9369
9523
9672
9822
9822
9971
9971
10124
10124
10274
10274
10274
10431
10436
10436
10436
10129
9208
9361
9511
9511
9664
9818
9814
9967
10124
10129
10133
10291
10295
10295
10299
10457
10457
9543
8780
8013
925
1695
2618
3540
4307
5075
5687
6300
6914
7375
7686
8144
8448
8598
8905
9054
9208
9054
8290
7983
8287
8598
8908
9062
9365
9519
9668
9668
9818
9971
9971
10120
10120
10274
10278
10282
9826
9212
9365
9515
9668
9818
9818
9967
10120
10120
10278
10282
10436
10436
10431
10431
10427
10427
9971
9204
9357
9511
9660
9818
9975
9975
10129
10124
10124
10278
10274
10274
10427
10423
10423
10423
10427
9668
8751
8751
8901
9208
9357
9511
9664
9814
9814
9967
9967
10124
10129
10282
10282
10278
10431
10431
9971
9054
