8905
8905
9054
9208
9511
9511
9664
9814
9967
9971
10129
10286
10286
9519
8601
8601
8905
9054
9208
9361
9511
9664
9818
9975
10133
10133
10129
9975
9212
9058
9208
9361
9511
9664
9818
9971
9975
10133
10133
10282
10282
10278
9515
9054
9208
9357
9511
9664
9818
9975
9975
10129
10129
10278
10278
10278
10124
9208
9208
9357
9511
9664
9822
9979
9979
10133
10129
10282
10278
10278
10278
9971
9208
9357
9511
9664
9822
9979
9979
10133
10129
10282
10278
10278
10274
10427
9971
9054
9357
9511
9668
9826
9826
9975
9975
10124
10124
10278
10274
10274
10427
10274
9357
8601
8601
8905
9054
9208
9511
9511
9660
9814
9967
9967
10116
10124
10278
10282
9672
9519
9668
9664
9818
9971
9967
10120
10120
10120
10269
10274
10431
10436
10436
10129
9365
9212
9361
9515
9664
9818
9967
9967
10120
10120
10278
10282
10286
10440
10440
10282
9365
8448
8294
8598
8901
9054
9204
9357
9511
9664
9822
9979
9975
10129
10124
10278
10278
9818
9054
9357
9511
9664
9660
9814
9971
9975
10133
10286
10282
10282
10278
10431
10427
10274
9511
9204
9511
9664
9660
9818
9975
9979
9984
10141
10141
10146
10150
10304
10308
10308
10308
9547
8780
8017
8171
8325
8633
8784
9092
9246
9400
9554
9709
9863
9863
10013
10013
10167
10167
9863
9250
9404
9554
9709
9709
9863
10017
10017
10171
10167
10167
10321
10321
10321
10475
10475
10321
10321
10321
10321
10475
10475
10475
10475
10475
10475
10629
10629
10629
10629
10629
10629
10629
10321
10475
10475
10475
10475
10475
10475
10629
10629
10629
10629
10629
10629
10629
10629
10629
10475
10475
10475
10475
10475
10475
10475
10475
10629
10629
10629
10629
10629
10629
10629
10629
10629
10321
10475
10475
10475
10475
10475
10475
10475
10475
10475
10475
10475
10629
10629
10629
10629
10629
10321
10321
10321
10321
10475
10475
10475
10475
10475
10475
10629
10629
10629
10629
10629
10629
10629
10629
12600
12600
12600
12600
12600
12600
12446
12446
12600
12600
12600
12600
12446
12600
12600
12600
12600
12600
12600
12446
12600
12600
12600
12600
12600
12446
12446
12446
12446
12600
12600
12600
12451
12451
12605
12600
12600
12600
12451
12451
12451
12451
12605
12605
12605
12451
12605
12600
12600
12600
12600
12600
12600
12605
12600
12754
12754
12754
12754
12600
12600
12600
12754
12754
12754
12754
12600
12754
12754
12754
12754
12754
12754
12600
12600
12754
12754
12754
12754
12754
12605
12600
12600
12600
12600
12600
12600
12600
12451
12605
12605
12600
12600
12600
12600
12451
12451
12451
12605
12605
12605
12600
12600
12451
12446
12446
12446
12446
12600
12600
12600
12446
12446
12446
12600
12600
12600
12600
12600
12446
12446
12446
12446
12600
12600
12600
12600
12446
12446
12446
12446
12600
12600
12600
12600
12600
12600
12600
12600
12600
12600
12600
12600
12600
13516
13516
13516
13516
13516
13516
13516
13516
13516
13516
13516
13516
13516
13516
13516
13516
13516
13516
13516
13516
13516
13516
13516
13516
13516
13209
13209
13209
13209
13209
13209
12907
12902
12902
12902
12902
12902
12754
12754
12902
12902
12902
12902
12144
12293
12446
12600
12754
12902
12748
12902
13056
13056
13209
13209
13209
13209
13363
13363
13363
13357
13363
13357
13363
13516
13516
13363
13516
13516
13516
13516
13516
13516
13516
13516
13516
13516
13516
13516
13516
13516
13516
13516
13516
13516
13516
13516
13516
13516
13516
13516
13516
13516
13516
13516
13516
13516
13516
13516
13516
13516
13516
13516
13516
13516
13516
13516
13516
13516
13516
13670
13516
13516
13516
13670
13670
13670
13511
13659
13664
13664
13659
13659
13659
13659
13659
13659
13659
13659
13659
13659
13659
13812
13659
13659
13659
13659
13812
13659
13659
13659
13659
13659
13659
13659
13659
13659
13812
13659
13659
13659
13659
13659
13659
13659
13659
13659
13659
13659
13659
13659
13659
13659
13659
13659
13664
13664
13664
13659
13659
13664
13664
13664
13659
13659
13659
13511
13664
13664
13664
13664
13659
13664
13659
13659
13659
13659
13659
13664
13664
13664
13659
13659
13659
13659
13659
13659
13659
13659
13664
13664
13664
13659
13659
13659
13659
13812
13659
13659
13659
13659
13659
13812
13659
13659
13659
13659
13659
13659
13659
13659
13664
13664
13659
13659
13812
13659
13659
13659
13659
13659
13659
13659
