2161
2777
3854
4775
5697
6308
6615
7225
7836
8294
8755
9212
9515
9822
10124
10278
10580
10734
10887
11036
11189
11342
11342
11496
11496
11649
11807
11960
12119
11965
11356
11352
11505
11659
11654
11654
11807
11807
11802
11955
11955
11955
11955
11955
11955
11950
12104
12104
12104
12104
12104
12104
12104
12104
12104
12104
12104
12104
12104
12104
12104
12104
12104
12104
12262
12262
12420
12420
12272
11505
11659
11654
11807
11807
11960
11955
11955
11955
11955
11950
11950
12104
12104
12104
12104
12104
12104
12104
12104
12104
12104
12104
12104
12104
12104
12257
12257
12104
12104
12104
12104
12104
12104
12257
12109
11654
11654
11654
11654
11802
11802
11802
11955
11802
11797
11950
11950
11950
12104
12104
12104
12104
12104
12104
12104
12104
12104
12104
11950
12104
12104
12104
12104
12104
12104
12104
