2006
2930
4006
4929
5695
6615
6766
7225
7836
8451
9066
9523
9373
8912
9369
9676
9979
10282
10436
9975
10282
10585
10738
10887
11040
11040
11194
11347
11342
11496
11649
11649
11649
11797
11797
11797
11950
11950
11950
11950
11950
12104
12104
12104
11950
11950
12104
12262
12262
12420
12114
11203
11352
11505
11654
11654
11807
11802
11802
11802
11802
11955
11955
11955
12109
11955
12104
12104
12104
12104
12104
12104
12104
12104
12104
12104
12257
12257
12104
12104
12104
12099
12099
12104
12257
12109
11654
11649
11802
11802
11955
11955
11950
11797
11950
11950
11950
12104
12104
12104
12104
12104
12104
12104
12104
12104
12104
12257
12104
12104
12104
12104
12257
12257
12257
12257
12104
12104
12104
12257
12257
12257
12415
12262
11807
11807
11955
11955
11955
12109
12109
12104
11802
11950
11950
11950
12104
12104
12104
12104
10611
10765
10765
10765
10765
10919
10919
10919
10919
10919
10919
10919
10914
10910
10905
10752
10747
10747
10747
10743
10743
10589
10589
10585
10585
10585
10585
10738
10431
10431
10585
10585
10580
10580
10580
10580
10580
10580
10580
10580
10580
10580
10580
10580
10580
10580
10580
10580
10585
10585
10743
10593
9676
9373
9523
9672
9826
9979
9975
10129
10129
9822
9975
9975
10129
10124
10278
10278
10278
10278
10278
10278
10431
10431
10427
10580
10580
10580
10427
10427
10427
10580
10580
10580
10580
10580
10427
10427
10580
10580
10585
10589
10743
10743
10743
9979
9066
9062
9369
9519
9672
9822
9822
9975
10124
9822
9668
9822
9971
9971
10124
10124
10278
10278
10278
10278
10278
10278
10431
10431
10431
10427
10580
10580
10431
10427
10427
10580
10580
10580
10580
10585
10738
10282
9979
10129
10129
10282
10282
10278
10431
10431
10431
10129
10129
10124
10278
10278
10278
10431
10431
10431
10431
10431
10431
10431
10585
10580
10580
10580
10580
10580
10580
10278
10431
10431
10431
10431
10580
10580
10580
10580
10580
12891
12891
12886
12727
12727
12722
12568
12568
12563
12563
12563
12410
12405
12405
12558
12558
12558
12405
12405
12405
12400
12400
12400
12247
12247
12247
12099
11945
11792
11792
11491
11491
11491
11337
11337
11337
11184
11184
11031
11031
11036
11040
11040
10891
11045
10743
10738
11045
11194
11347
11496
11649
11644
11797
11797
11950
11945
11945
11945
12099
12099
12099
12099
12252
12247
12099
12099
12252
12252
12252
12252
12252
12252
12247
12247
12247
12247
12247
12247
12247
12405
12400
12400
12400
12400
11040
10887
11040
11189
11342
11491
11644
11491
11491
11644
11792
11792
11945
11945
11945
11792
11945
11945
12099
12093
12093
12247
12093
12093
12247
12247
12247
12247
12247
12247
12247
12247
12247
12247
12400
12400
12400
12247
12247
12247
12247
12400
12558
12558
12410
12109
12257
12257
12257
12252
12252
12252
