3241
4010
4931
5697
6310
7077
7535
7840
8144
8601
8908
9212
9515
9822
9818
10124
10278
10431
10580
10734
10882
11036
11342
11491
11644
11644
11792
11792
11945
12099
12099
12252
12252
12252
12405
12563
12563
12722
12415
11654
11807
11955
12109
12104
12257
12257
12252
12252
12405
12405
12405
12558
12405
12553
12553
12553
12553
12553
12553
12553
12553
12553
12553
12553
12553
12553
12553
12553
12553
12553
12553
12553
12711
12716
12870
12875
12875
12722
11807
11960
11955
12109
12109
12257
12257
12257
12410
12405
12405
12405
12405
12558
12405
12405
12558
12558
12558
12558
12553
12553
12553
12553
12553
12553
12553
12553
12706
12553
12553
12553
12706
12706
12711
12864
12262
12257
12410
12410
12410
12558
12558
12558
12405
12558
12558
12553
12553
12553
12553
12553
12553
12553
12553
12553
12553
12553
12553
10769
10923
11226
11534
11534
10923
10769
11226
11380
11683
11837
11380
11683
11990
12144
12293
11683
11837
12144
12293
12446
12293
11990
12144
12298
12446
12446
11990
12144
12298
12446
12600
12600
11990
12144
12298
12446
12600
12600
11990
12298
12451
12446
12600
12600
12144
12298
12451
12600
12600
12600
11990
12144
12298
12451
12600
12600
11990
12144
12451
12446
12600
12600
12144
12144
12298
12446
12600
12600
12600
11990
12144
12293
12446
12600
12600
11990
12144
12293
12446
12600
12600
12754
11990
12139
12293
12446
12600
12754
12600
12144
12293
12446
12600
12600
12754
12293
11990
12293
12446
12600
12600
12754
12293
12144
12293
12446
12600
12600
12754
12298
12144
12298
12446
12446
12595
12589
12436
12129
12124
12277
12272
12272
12420
12420
12415
8934
9239
9547
9850
10158
9547
8784
9088
9547
9700
10004
9850
8934
8934
9239
9700
9850
10158
9547
8780
9088
9393
9696
10004
10004
9239
8934
9239
9547
9850
10004
10004
9088
8934
9239
9547
9850
10004
9850
8934
8934
9239
9547
9850
10158
10004
9088
8780
9242
9547
9854
10004
10158
9242
8630
9088
9393
9700
10004
10158
9700
8780
8934
9239
9547
9850
10158
10158
9242
8784
9088
9393
9700
10004
10158
9854
8934
8934
9242
9547
9854
10004
10312
9547
8784
8934
9242
9547
9854
10004
10312
9547
8630
8934
9242
9547
9854
10158
10312
9547
8784
8934
9242
9547
9854
10004
10312
9700
8934
8784
9088
9547
9700
10004
10158
10004
9088
8630
9088
9393
9700
10004
10158
10312
9547
8784
8630
9088
9393
9700
10004
10158
10312
9393
8476
8934
9239
9547
9850
10158
10308
10004
9088
8476
8780
9088
9393
9696
9850
10158
10004
9088
8938
9396
9859
10162
10466
10774
9854
8938
9092
9550
10008
10312
10620
10774
9700
8938
9092
9550
9854
10158
10466
10769
10008
9088
9088
9547
10008
10312
10620
10923
10158
9242
8784
9242
9705
10162
10466
10774
10774
9705
8938
9092
9550
9854
10316
10620
10774
10316
9396
8633
9092
9550
10008
10316
10620
10774
10162
9242
8784
9396
9705
10162
10466
10774
10923
10008
9246
8630
9092
9547
9850
10154
10457
10607
10756
10752
10905
11054
11203
11356
11352
11505
11659
11505
11500
11654
11654
11654
11802
11802
11955
11807
11802
11802
11955
11955
11955
11955
11955
11802
11802
11802
11955
11955
11955
12109
12109
11505
11505
11654
11807
11807
11807
11955
11955
11807
11802
11802
11955
11955
11955
11955
11955
12109
11802
11802
11955
11950
11950
12104
12104
12104
11950
11802
11802
11955
11950
11950
11950
12104
12104
11950
11797
11950
11955
11955
12114
12119
12272
12272
11663
10752
10137
10291
10593
10743
11049
11203
11352
11505
11654
11045
11198
11347
11500
11654
11807
11802
11955
12109
