1853
2623
3700
4775
5697
6461
6769
7378
7990
8601
9058
9519
9668
10129
10278
10585
10887
11040
11194
11342
11496
11649
11649
11797
11797
11955
12109
12267
12420
12272
11505
11659
11807
11807
11960
11960
11955
11955
12109
12109
12109
12262
12262
12257
12257
12257
12257
12257
12257
12257
12410
12410
12410
12410
12410
12410
12410
12410
12410
12410
12410
12410
12410
12410
12410
12410
12563
12563
12563
11807
11807
11654
11807
11960
11955
12109
12109
12109
12104
12257
12257
12257
12257
12257
12257
12257
12410
12410
12410
12410
12410
12410
12410
12410
12410
12410
12410
12410
12410
12410
12410
12410
12410
12410
12410
12410
12410
12410
12410
12563
12722
12722
12574
11965
11965
12114
12114
12114
12262
12262
12262
12262
12262
12262
12257
12410
12410
12410
12257
12257
12257
12410
12410
12410
12410
12410
12595
12743
12897
12897
12897
12595
12743
12743
12897
12897
12595
12748
12902
12897
12897
12595
12748
12748
12897
12897
12902
12595
12748
12902
13050
13050
12748
12748
12902
12897
13050
12748
12748
12902
12902
13050
13050
12595
12748
12902
12902
12897
12897
12595
12748
12902
12897
12897
12891
12584
12579
12579
12574
12574
12568
12568
12568
12563
12563
12563
12558
12558
12558
12558
12558
12558
12558
12558
12553
12553
12553
12553
12553
12553
12553
12553
12553
12553
12553
12553
12553
12553
12553
12553
12553
12553
12553
12553
12711
12711
12262
12257
12410
12410
12405
12405
12405
12405
12405
12558
12558
12558
12553
12553
12553
12553
12553
12553
12553
12553
12553
12553
12553
12553
12553
12553
12553
12553
12553
12553
12553
12553
12553
12553
12553
12553
12553
12706
9242
9705
10008
10312
10620
10928
10466
9550
9396
9705
10162
10466
10620
10928
10162
9396
9396
9859
10162
10466
10774
10923
10162
9242
9396
9859
10162
10466
10774
11077
10470
9396
9396
9854
10162
10466
10774
10928
10620
9705
9246
9550
10008
10316
10620
10928
11077
10162
9246
9396
9854
10162
10466
10774
11077
10620
9705
9092
9550
10008
10316
10620
10774
11077
10466
9550
9246
9705
10008
10316
10620
10928
11077
10316
9396
9246
9705
10008
10316
10620
10928
11077
10466
9550
9246
9550
10008
10312
10620
10923
11077
10620
9700
8938
9396
9854
10158
10466
10769
11077
11231
10158
9242
9242
9700
10008
10312
10620
10923
11077
10774
9854
8938
9396
9700
10162
10466
10774
10923
11231
10620
9550
9092
9396
9854
10162
10466
10774
11077
11231
10466
9550
8938
9396
9854
10162
10466
10774
10923
11231
10620
9705
9092
9550
9854
10162
10466
10774
11077
11231
10774
9705
8938
9242
9705
10008
10466
10620
10923
11077
11077
10162
9242
9092
9550
9854
10316
10620
10774
11077
11231
10620
9705
8938
9242
9705
10008
10312
10620
10923
11077
11385
10466
9550
