2005
2775
3851
4927
5848
6772
7080
7385
7840
8297
8601
9062
9365
9515
9668
9971
10124
10274
10427
10580
10576
10576
10729
10882
11036
11347
11500
11659
10896
11049
11045
11045
11194
11194
11194
11347
11189
11342
11342
11342
11342
11342
11342
11342
11342
11337
11496
11802
11807
11659
11659
10896
10896
10891
11045
11040
11194
11194
11189
11342
11189
11189
11189
11189
11337
11337
11337
11337
11337
11496
11649
11807
11960
12114
12119
11198
11198
11198
11194
11347
11347
11347
11342
11342
11189
11342
11342
11342
11342
11342
11342
11491
11491
10891
10887
10887
11040
11036
11036
11189
11189
11189
11036
11189
11184
11184
11337
11337
11337
11337
11337
11337
11491
11649
11955
11960
11812
11812
11659
11505
10738
10585
10738
10738
10887
11040
11040
11036
11189
11189
11189
11189
11189
11342
11342
11337
11496
11649
11807
11045
10891
11045
11040
11194
11194
11194
11342
11342
11342
11189
11189
11189
11189
11342
11342
11342
11337
11337
11337
10133
10282
10436
10585
10738
10734
10887
10887
11036
11036
