2006
2777
3700
4467
5235
5848
6461
6920
6769
7074
7532
7993
8297
8601
8908
8755
8751
9058
9212
9361
9515
9668
9818
9818
9971
10124
10124
10278
10274
10274
10278
10278
10431
10431
10427
10427
10580
10580
10427
10427
10427
10580
10585
10585
10589
10593
9676
9826
9826
9979
10129
10129
10282
10278
10129
10124
10278
10278
10431
10431
10427
10427
10431
10427
10427
10427
10580
10580
10580
10580
10580
10427
10427
10580
10580
10580
10580
10580
10580
10427
10431
10585
10589
10589
10593
10593
10747
10593
9523
8758
8758
8908
9216
9365
9519
9672
9822
9975
9822
9822
9975
10129
10124
10278
10278
10278
10431
10278
10278
10431
10431
10431
10431
10585
10580
10580
10431
10427
10427
10580
10585
10589
10743
10747
10743
10440
9369
9369
9519
9672
9826
9975
10129
10129
10282
10278
10129
10278
10278
10278
10431
10431
10431
10431
10585
10431
10431
10431
10431
10580
10580
10580
10580
10580
10580
10431
10431
10580
10580
10585
10585
10743
10743
10747
10593
9676
9219
9369
9523
9672
9826
9975
9975
10129
10124
10278
13198
13039
13034
12880
12875
12722
12568
12563
12563
12563
12563
12558
12558
12558
12558
12558
12405
12400
12400
12400
12400
12400
12400
12400
12400
12400
12400
12400
12400
12400
12400
12400
12400
12400
12400
12400
12400
12400
12558
12558
12563
11955
12109
12109
12104
12257
12257
12257
12252
12252
12252
12252
12252
12252
12252
12252
12252
12252
12252
12252
12252
12252
12252
12252
12252
12247
12400
12247
12247
12400
12400
12400
12400
12400
12247
12247
12400
12400
12400
12400
12558
11950
12104
12104
12099
12099
12099
12252
12099
12252
12252
12252
12247
12247
12247
12247
12247
12247
12247
12400
12400
12400
12400
12247
12247
12400
12400
12400
12400
12400
12400
12400
12400
12400
12400
12400
12400
12247
12247
12247
12405
12563
12563
12716
12722
11659
11654
11807
11802
11955
11955
11950
12104
13357
13357
13357
13357
13198
13045
13039
12886
12880
12727
12727
12568
12568
12568
12568
12415
12410
12410
12410
12410
12410
12410
12410
12257
12257
12257
12257
12257
12257
12257
12257
12257
12257
12257
12257
12257
12257
12257
12257
12257
12257
12257
12257
12257
12257
12415
12415
12574
11659
11203
11352
11505
11500
11654
11807
11654
11500
11649
11649
11802
11802
11802
11802
11955
11955
11955
11950
12104
12104
11950
11950
11950
12104
12104
12104
12104
11950
11950
12104
12104
12104
12104
12104
11950
12104
12104
12104
12104
12104
12257
12262
11807
11807
11955
11955
11955
11955
12109
11955
11955
11950
12104
12104
12104
12104
12104
11950
11950
12104
12104
12104
12104
12104
12252
11950
12104
12104
12104
12104
12104
12104
11950
12104
12104
12104
12099
12099
12099
12099
12104
12104
12104
12104
12257
12415
12415
12574
11812
