2931
3700
4623
5389
6156
6766
7225
7532
8140
8598
9054
9515
9818
9971
10274
10580
10576
10729
10729
10729
10882
10882
10882
11036
11036
11036
11036
11036
11036
11036
11036
11036
11040
11045
10282
10589
10891
11040
11194
11342
11342
11496
11491
11491
11491
11644
11797
11797
11792
11945
11945
11945
11945
11945
11945
12099
12099
12099
12099
12252
12099
12252
12252
12252
12252
12247
12252
12252
12252
12410
12563
12568
12722
11659
11654
11654
11802
11802
11955
11955
11950
11950
12104
12104
12099
12252
12252
12252
12252
12252
12252
12252
12252
12252
12252
12252
12252
12252
12252
12247
12247
12252
12252
12252
12252
12247
12400
12405
12405
11802
11802
11797
11950
11950
12104
12099
12099
11945
11945
11945
12099
12099
12099
12093
12099
12099
12247
12247
12247
12247
12247
12247
12247
12247
12247
12247
12247
12247
12400
12400
