2307
2923
3691
4611
5224
5990
6451
7062
7369
7827
7833
8140
8444
8598
8905
9054
9208
9361
9361
9515
9511
9664
9975
10282
10589
10743
10743
10743
10129
9361
9054
9054
9361
9511
9664
10129
10436
10593
9826
9058
8905
9058
9208
9361
9515
9664
9818
10129
10436
9826
9979
9979
10129
10129
10282
10278
10278
10278
10431
10431
10431
10738
11049
11203
11356
11515
11208
10137
9219
8455
8451
8758
8908
9216
9365
9672
10133
10440
10444
9676
9369
9519
9672
9826
9822
9975
10129
10124
10124
10431
10133
10129
10282
10282
10278
10431
10431
10431
10427
10427
10427
10427
10585
10891
11198
11356
11510
11510
11356
10896
10129
9361
9361
9515
9664
9818
9971
10282
10589
10896
10901
10133
9519
9668
9822
9822
9971
9971
10124
10124
10274
10585
10738
10129
9975
10129
10124
10124
10278
10278
10274
10427
10427
10427
10427
10431
10129
10129
10124
10124
10278
10278
10274
10427
10427
10427
10427
10427
10427
10734
10891
11198
11352
11663
11505
11352
11352
11045
10124
9361
9357
9511
9664
9818
10124
10431
10743
11049
11203
10593
9676
8908
9058
9212
9365
9515
9668
9822
9971
9971
10431
10589
10593
9672
9519
9668
9822
9822
9971
10124
10124
10124
10278
10278
10431
10738
10133
10129
10282
10278
10278
10431
10431
10427
10427
10427
10427
10580
10580
10312
10620
10923
11231
11385
11231
10162
10466
10774
11077
11231
11385
10312
10466
10774
11077
11385
11534
10620
10466
10774
11077
11077
11077
11077
10162
10008
10312
10774
11077
11231
10923
10008
10466
10774
11077
11385
11380
10620
10162
10466
10769
11077
11231
11231
10616
9696
9692
9688
9838
9834
9984
9984
9979
9979
9975
10129
9216
9216
9365
9519
9515
9668
9668
9818
9818
9818
9971
9818
9818
9971
10278
10585
10891
11203
10896
9826
9058
9208
9361
9515
9515
9664
9664
9818
9818
9971
10124
9523
9676
9984
10137
10295
10449
10602
10299
9535
9385
9846
10150
10611
10914
11222
11222
11529
11683
11985
12139
12293
12293
12446
12446
12600
12754
12754
12907
12907
12907
13056
13056
13056
13056
13056
13056
13056
13209
13209
13209
13209
13209
13209
13209
13209
13209
13209
13209
13209
13209
13209
13363
13363
13363
13209
13209
13209
13209
13209
13363
13363
10629
10629
10629
10629
10629
10629
10629
10629
10629
10629
10629
10629
10629
10475
10475
10475
10475
10475
10629
10629
10629
10629
10629
10629
10629
10475
10475
10475
10475
10475
10475
10475
10475
10629
10629
10629
10629
10629
10475
10475
10475
10475
10475
10475
10475
10475
10629
10629
10629
10629
10629
10475
10475
10475
10475
10475
10475
10475
10475
10629
10629
10629
10629
10629
10629
10475
10475
10475
10475
10475
10475
10475
10475
10475
10629
10629
10629
10629
10321
10475
10475
10475
10475
10475
10475
10629
10629
10629
10629
10629
10629
10629
10475
10475
10475
10475
10475
10475
10475
10629
10629
10629
10629
10629
10629
10629
10629
10475
10475
10475
10475
10475
10475
10475
10629
10629
10629
10629
10629
10629
10629
10475
10475
10475
10475
10475
10475
10475
10629
10629
10629
10629
10629
10629
10629
10629
10475
10475
10475
10629
10629
10629
10629
10629
10629
10629
10629
10629
10629
10629
10629
10475
10475
10475
10475
10475
10475
10475
10475
10629
10629
10629
10629
10629
10629
10629
10475
10629
10629
10629
10629
10629
10629
10629
10629
10629
10629
10629
10629
10629
10629
10629
10629
10629
10629
10629
10629
10629
10629
10629
10629
10629
10629
10629
10629
10629
10629
10629
10629
10629
10629
10629
10629
10629
10629
10629
10629
10629
10629
10629
10629
10629
10629
10475
10475
10475
10475
10475
10475
10475
10629
10629
10629
10629
10629
10629
10629
10629
10629
10321
10475
10475
10475
10475
10475
10475
10475
10475
10475
10629
10629
10629
10629
10629
10629
10629
10321
10475
10475
10475
10475
10475
10475
10475
10629
10629
10629
10629
10629
10629
10629
10629
10629
10321
10475
10475
10475
10475
10475
10475
10475
10475
10629
10629
10629
10629
10629
10629
10629
10629
10321
10475
10475
10475
10475
10475
10475
10475
10629
10629
10629
10629
10629
10629
10629
10629
10629
10475
