1860
2478
3714
4638
5716
6640
7255
7560
8325
8938
9396
9854
10316
10466
10774
11077
11385
11534
11688
11841
11995
11990
12144
12144
12298
12144
12144
12298
12298
12298
12451
12298
12298
12451
12451
12451
12451
12451
12451
12451
12451
12451
12605
12605
12605
12451
12451
12451
12451
12451
12605
12605
12451
12451
12451
12605
12605
12605
12600
12451
12451
12451
12451
12605
12605
12600
12451
12451
12446
12446
12600
12600
12600
12446
12446
12446
12600
12600
12600
12600
12600
12446
12446
12446
12446
12600
12600
12600
12451
12451
12451
12605
12600
12600
12600
12600
12451
12451
12451
12605
12605
12605
12600
12600
12451
12451
12451
12451
12451
12605
12605
12605
12451
12451
12451
12451
12605
12600
12600
12600
12451
12451
12451
12605
12605
12605
12600
12600
12451
12451
12451
12451
12605
12605
12605
12605
12451
12451
12451
12451
12605
12605
12605
12605
12605
10629
10629
10629
10629
10629
10629
10629
10629
10629
10629
10629
10629
10629
10475
10475
10475
10475
10475
10475
10475
10629
10629
10629
10629
10629
10475
10475
10475
10475
10475
10629
10629
10629
10629
10629
10629
10629
10629
10475
10475
10475
10475
10475
10475
10475
10475
10475
10475
10629
10629
10629
10475
10475
10475
10475
10475
10475
10629
10629
10629
10629
10629
10629
10629
10629
10475
10475
10475
10475
10475
10475
10475
10629
10629
10629
10629
10629
10629
10475
10475
10475
10475
10475
10475
10475
10629
10629
10629
10629
10629
10629
10629
10475
10475
10475
10475
10475
10475
10475
10629
10629
10629
10629
10629
10629
10629
10475
10475
10475
10475
10475
10475
10475
10475
10475
10629
10629
10629
10629
10629
10629
10475
10475
10475
10475
10475
10475
10475
10475
10475
10629
10629
10629
10629
10629
10629
10475
10475
10475
10475
10475
10475
10475
10629
10629
10629
10629
10629
10629
10629
10629
10475
10475
10475
10475
10475
10475
10475
10475
10629
10629
10629
10629
10629
10629
10629
10321
10321
10475
10475
10475
10475
10475
10475
10475
10629
10629
10629
10629
10629
10629
10475
10475
10475
10475
10475
10475
10475
10475
10629
10629
10629
10629
10629
10629
10629
10629
10475
10475
10475
10475
10475
10475
10475
10475
10629
10629
10629
10629
10629
10629
10629
10629
10475
10171
10171
10171
10171
10171
10167
10167
10167
10167
10167
10167
10167
10167
10321
10321
10321
10321
10475
10017
9709
9863
9863
10017
10013
10167
10167
10321
10321
10321
10321
10475
10475
10475
10475
10475
10321
10321
10321
10475
10475
10475
10475
10475
10475
10475
10475
10629
10629
10629
10629
10629
10629
10321
10321
10475
10475
10475
10475
10475
10475
10475
10629
10629
10629
10629
10629
10629
10629
10629
10475
10321
10475
10475
10475
10475
10475
10475
10475
10475
10629
10629
10629
10629
10629
10629
10629
10629
13209
13209
13209
13209
13363
13209
13209
13209
13209
13209
13209
13209
13209
13209
13209
13209
13209
13209
13363
13363
13209
13209
13209
13209
13209
13209
13209
13209
13363
13363
13363
13209
13209
13209
13209
13209
13209
13209
13209
13363
13363
13363
13209
13209
13209
13209
13209
13209
13209
13209
13209
13363
13363
13209
13209
13209
13209
13209
13209
13209
13209
13209
13209
13363
13363
13209
13209
13209
13209
13209
13209
13209
13209
13209
13363
13363
13363
13209
13209
13209
13209
13363
13363
13363
13209
13363
13363
13363
13363
13363
13209
13209
13209
13209
13363
13363
13363
13209
13209
13209
13209
13363
13363
13209
13209
13209
13209
13363
13363
13363
13209
13209
13209
13209
13209
13209
13209
