3394
4164
4931
5543
6156
6769
7228
7382
7378
7840
8144
8448
8755
8905
9212
9212
9361
9515
9668
9822
9971
9971
9971
10124
10124
10124
10278
10274
10274
10427
10427
10427
10427
10580
10585
10589
10589
10286
9369
9216
9369
9523
9672
9826
9975
9975
9822
9519
9668
9668
9822
9975
9975
10124
10278
10278
10278
10278
10431
10431
10427
10427
10427
10427
10580
10580
10580
10580
10580
10580
10580
9975
9975
10129
10124
10278
10278
10431
10431
10431
10124
10124
10278
10278
10274
10427
10427
10427
10427
10427
10580
10580
10580
10580
10580
10580
10580
10580
10580
10580
10580
10580
10734
10734
10734
10734
9826
9975
9975
10129
10129
10278
10278
10431
10431
9822
9818
9971
10124
10124
10278
10278
10278
10427
10427
10274
10427
10427
10427
10427
10580
10580
10580
10580
10580
10580
10580
10580
10580
10580
10580
10585
10738
10436
9826
9979
9979
10129
10129
10282
10282
10278
10431
10431
10129
10124
10278
10278
10431
10431
10431
10431
10431
10585
10431
10431
10431
10431
10585
10580
10580
10580
10580
10580
12748
12743
12738
12584
12579
12579
12420
12420
12420
12415
12415
12415
12262
12262
12257
12257
12257
12257
12257
12257
12257
12257
12257
12257
12257
12257
12257
12257
12252
12252
12104
12257
12257
12257
12257
12257
12104
12257
12415
12415
12574
12574
11510
11505
11659
11659
11807
11807
11960
11807
11802
11955
11955
11955
11955
12109
11955
12109
12104
12104
12104
12104
12104
12104
12104
12104
12104
12104
12257
12104
12104
12104
12104
12257
12257
12252
12104
12104
12257
12257
12415
12415
12568
11965
10896
11049
11198
11352
11347
11500
11654
11654
11194
11347
11496
11496
11649
11649
11797
11802
11802
11950
11950
11950
12104
12104
12104
11950
12104
12104
12104
12104
12104
12104
12104
12104
12104
12104
12257
12257
12257
12257
11500
11654
11654
11802
11802
11955
11955
11950
11950
11950
12104
12104
12104
12104
12104
12257
