8945
9100
9254
9408
9404
9558
9713
9713
9867
9863
10017
10017
10017
9863
9558
9096
8483
8637
8791
9100
9250
9404
9404
9558
9709
9709
9863
9863
10017
9709
9250
8791
8023
7409
6949
6488
6640
7103
7564
7872
8178
8486
8637
8791
9100
9254
9404
9404
9558
9254
8637
8178
7718
7409
7564
7872
8178
8486
8637
8791
8945
9250
9404
9404
9558
9713
9713
9558
8945
8332
7718
7103
6643
6795
7258
7564
8027
8178
8486
8637
8945
9100
9250
9404
9404
9558
9558
9100
8637
8023
7409
6949
6488
6643
6949
7409
7718
8023
8332
8641
8791
8945
9100
9250
9404
9558
9558
9404
8945
8332
7718
7409
7564
7872
8023
8332
8637
8791
8945
9100
9404
9404
9558
9713
9709
9709
9558
9250
8791
8637
8945
9096
9250
9404
9558
9709
9709
9863
9863
10017
10017
10017
10171
9709
9096
8483
8023
7718
8023
8332
8483
8791
8945
9100
9250
9404
9558
9558
9713
9713
9863
9863
9404
8945
8483
8178
7718
7564
7869
8178
8486
8637
8945
9100
9250
9250
9404
9558
9713
9713
9867
9863
9713
9404
9100
8332
8023
8332
8641
8791
8945
9100
9250
9404
9558
9558
9713
9713
9863
9863
10017
10017
9713
9254
8637
8023
8332
8486
8791
8945
9100
9254
9404
9558
9558
9713
9713
9867
9863
10017
10017
9867
9558
9100
8486
8178
8486
8637
8791
8945
9100
9250
9404
9558
9713
9713
9867
9867
9863
10017
10017
9863
9404
8945
8483
7715
7869
8178
8483
8637
8945
9096
9250
9404
9558
9554
9709
9863
9863
10017
10017
10017
9713
9096
8483
8023
7564
7718
8023
8178
8486
8791
8945
9100
9250
9404
9404
9558
9713
9713
9867
9863
10017
9867
9404
8791
8178
7564
7103
6949
7409
7718
8023
8332
8641
8791
8945
9100
9250
9404
9558
9558
9713
9867
9867
9867
9558
9404
8945
8486
8637
8945
9100
9254
9404
9558
9558
9713
9713
9867
9863
10017
10017
10017
10017
10171
10017
9713
9100
8486
7872
7258
6795
6643
7103
7409
7718
8178
8332
8637
8791
8945
9096
9250
9404
9558
9709
9709
9863
9863
9709
9250
8791
8332
7715
7100
6640
6795
7255
7564
7869
8178
8483
8791
8945
9096
9250
9404
9554
9709
9709
9863
9863
10017
9863
9558
8945
8332
8483
8637
8791
9100
9250
9404
9404
9558
9713
9713
9863
9859
10008
10004
10154
10146
10295
9834
9219
8455
8150
7382
