1859
2941
4174
5252
6174
6635
7249
8171
8780
9547
10004
10462
10919
11380
11683
11985
12139
12446
12595
12748
13056
13056
13204
13357
13511
13511
13511
13511
13664
13659
13812
13818
13812
13965
13965
13965
13965
13965
13965
13965
13965
14119
13965
13965
14119
14119
14119
14119
13965
13965
13965
13965
14119
13965
13965
13965
14119
14119
14119
13965
13965
13965
14119
14119
14119
14119
14119
14119
14119
14119
14119
14119
14119
14119
14119
14119
14119
14119
14119
14119
14119
14119
14119
14119
14119
14119
14119
14119
14119
14119
14119
14119
14119
14119
14119
14119
14119
14119
14119
14119
14119
14119
13965
13965
14119
14119
14119
14119
14119
14119
14119
14119
14113
14113
14113
14113
11837
11837
11990
11990
11990
11837
11837
11837
11837
11990
11837
11837
11837
11837
11837
11837
11837
11837
11837
11837
11837
11837
11837
11837
11837
11837
11837
11837
11837
11837
11837
11837
11837
11837
11837
11837
11837
11837
11837
11837
11837
11837
11837
11837
11837
11837
11837
11837
11837
11837
11837
11837
11837
11837
11837
11837
11837
11837
11990
11990
11837
11837
11837
11837
11837
11990
11837
11837
11837
11832
11832
11832
11832
11832
11832
11832
11832
11832
11985
11832
11832
11832
11832
11832
11832
11683
11837
11837
11837
11837
11837
11837
11837
11837
11837
11837
11837
11837
11837
11837
11837
11837
11837
11837
11990
11837
11837
11837
11837
11837
11837
11837
11837
11837
11837
11837
11837
11837
11837
12907
12907
12907
12907
12907
12907
12754
12754
12754
12754
12754
12907
12754
12754
12600
12600
12600
12600
12446
11990
11990
11990
11990
12144
12144
12144
11841
11688
11841
11837
11990
12144
12298
11841
11990
12144
12144
12298
12293
12293
12298
12298
12451
12446
12600
12600
12600
12446
12600
12600
12600
12600
12754
12600
12600
12600
12600
12600
12600
12600
12446
12446
12600
12600
12600
12600
12754
12600
12600
12600
12600
12754
12754
12754
12605
12605
12600
12754
12754
12754
12754
12754
12298
12298
12451
12451
12451
12605
12605
12451
12605
12605
12600
12600
12600
12600
12600
12605
12605
12605
12754
12754
12754
12754
12754
12600
12600
12600
12600
12600
12754
12754
12605
12600
12600
12600
12600
12600
12600
12600
12600
12446
12446
12600
12600
12600
12600
12600
12600
12446
12446
12600
12600
12600
12600
12600
12600
12446
12446
12600
12600
12600
12754
12754
12754
10629
10629
10629
10629
10629
10629
10629
10629
10629
10629
10629
10629
10475
10475
10475
10475
10475
10475
10629
10629
10629
10629
10629
10629
10629
10475
10475
10475
10475
10475
10475
10475
10629
10629
10629
10629
10629
10629
10321
10321
10475
10475
10475
10475
10475
10475
10629
10629
10629
10629
10629
10475
10475
10475
10475
10475
10475
10475
10475
10629
10629
10629
10629
10629
10475
10475
10475
10475
10475
10475
10475
10629
10629
10629
10629
10629
10629
10629
10475
10475
10475
10475
10475
10475
10475
10475
10629
10629
10629
10629
10629
10629
10475
10475
10475
10475
10475
10475
10475
10629
10629
10629
10629
10629
10629
10629
10475
10475
10475
10475
10475
10475
10629
10629
10629
10629
10629
10629
10629
10629
10629
10475
10475
10475
10475
10475
10475
10475
10475
10475
10629
10629
10629
10629
10629
10475
10475
10475
10475
10475
10475
10475
10475
10629
10629
10629
10629
10629
10629
10629
10475
10475
10475
10475
10475
10475
10475
10629
10629
10629
10629
10629
10629
10629
10629
10629
10475
10475
10475
10475
10475
10475
10629
10629
10629
10629
10629
10629
10629
10629
10629
10475
10475
10475
10475
10475
10475
10475
10629
10629
10629
10629
10629
10629
10629
10629
10629
10321
10475
10475
10475
10475
10475
10475
10629
10629
10629
10629
10629
10629
10629
10629
10629
10321
10321
10321
10475
10475
10475
10475
10475
10475
10475
10629
10629
10629
10629
10629
10629
10629
10321
10321
10475
10475
10475
10475
10475
10475
10475
10629
10629
10629
10629
10629
10629
10629
10475
10475
10475
10475
10475
10475
10475
10629
10629
10629
10629
10629
10629
10629
10629
10629
10629
10321
10475
10475
10475
10475
10475
10629
10629
10629
10629
10629
10629
10629
10629
10629
10629
10629
10321
10475
10475
10475
10475
10475
10475
10475
10629
10629
10629
10629
10629
10629
10629
10629
10629
10629
