2161
3546
4469
5389
6154
6920
7225
7836
8448
8905
9212
9668
9822
10124
10431
10738
11049
11203
10286
10286
10440
10743
10891
11045
11198
11347
11347
11500
11649
11649
11802
11649
11802
11802
11797
11802
11649
11649
11040
11194
11194
11194
11189
11189
11189
11194
11040
11040
11040
11040
11040
11040
11198
11045
10589
10891
11045
11198
11347
11500
11500
11496
11649
11802
11802
11797
11950
11950
11950
11950
12104
12104
12104
12104
12104
12104
12104
12104
12104
12104
12257
12104
12257
12257
12257
12257
12257
12257
11500
11500
11649
11649
11802
11802
11955
11649
11496
11649
11649
11797
11797
11797
11950
11797
11797
11950
11950
11950
12104
12104
11950
11950
12104
12104
12104
12104
12104
12099
12104
12104
12099
12099
12099
12257
12257
12415
11654
11654
11807
11802
11955
11955
11955
11950
11950
11950
12104
12104
12104
12104
12104
12104
12129
12282
12436
12589
12589
12589
12743
12738
12891
12891
12738
12891
12891
13045
13045
13045
13045
13198
13198
13198
13198
13198
13198
13352
13352
13198
13039
13039
12880
12880
12875
12722
12716
12716
12716
12563
12558
12558
12558
12558
12558
12558
12558
12405
12400
12400
12400
12400
12400
12400
12400
12400
12405
12400
12400
12400
12400
12400
12400
12400
12400
12400
12405
11045
11040
11347
11342
11496
11644
11797
11644
11797
11797
11945
11945
12099
12099
12099
12099
12099
12093
12247
12247
12247
12247
12247
12247
12247
12247
12400
12400
12247
12247
12400
12400
12400
12400
12400
12400
12400
12405
12558
12563
12716
12722
12114
11960
11955
12109
12109
12104
12257
12257
12257
12252
12252
12252
12252
12252
12252
12405
12252
12252
12405
12405
12405
12400
12400
10919
11073
11073
11068
11068
11068
11068
10914
10914
10910
10905
10905
10901
10901
10747
10743
10743
10743
10738
10738
10738
10585
10585
10585
10738
10734
10734
10734
10734
10580
10580
10580
10734
10734
10734
10734
10580
10580
10580
10580
10580
10734
10734
10734
10580
10580
10585
10738
10743
10747
10747
10743
9830
8912
8912
9216
9369
9519
9672
9822
9975
9975
9975
10124
10124
10278
10278
10431
10431
10427
10427
10427
10427
10427
10580
10580
10580
10580
10580
10580
10580
10580
10580
10580
10580
10580
10580
10580
10580
10580
10738
10743
10743
10747
10747
10286
9676
9826
9979
10133
10129
10282
10282
10436
10431
10278
10431
10431
10431
10431
10585
10585
10585
10585
10431
10585
10580
10580
10580
10580
10580
10580
10580
10585
10580
10580
10580
10580
10580
10580
10580
10580
10580
10580
10585
10585
10743
10747
10747
10747
10743
10589
9676
8758
8912
9216
9369
9519
9672
9822
9975
10129
10129
9975
10124
10124
10278
10278
10431
10431
10431
10431
10585
10431
10431
10431
10580
10580
10580
10580
10580
10580
10580
