2161
2623
3546
4467
5235
5848
6461
6920
6766
7225
7683
7990
8294
8601
8905
8905
9212
9365
9519
9830
9830
9984
9984
9066
8608
8912
9062
9369
9519
9672
9822
9822
9822
9975
10129
10129
10278
10278
10278
10278
10431
10431
10431
10431
10585
10585
10585
10585
10585
10580
10580
10580
10580
10580
10580
9975
9975
10129
10124
10278
10278
10431
10431
10124
10278
10278
10278
10431
10427
10427
10580
10427
10427
10427
10427
10580
10580
10580
10580
10580
10580
10580
10580
10580
10580
10580
10580
10580
10580
10580
10585
10743
10743
10747
10743
10743
10743
9979
9216
9369
9519
9672
9822
9975
10129
10124
10278
10124
10278
10278
10278
10431
10431
10427
10427
10580
10427
10427
10427
10580
10580
10580
10580
10580
10580
10427
10580
10580
10580
10580
10585
10743
10743
10747
10440
9523
9676
9826
9979
9975
10129
10129
10282
10278
10278
10129
10278
10278
10278
10431
10431
10431
10431
10585
10431
10431
10431
10585
10585
10580
10580
10580
10580
10580
10580
10580
10580
10580
10580
10585
10738
10743
10743
10747
10137
9219
12748
12748
12902
12897
12897
12897
13050
13050
13050
13050
13050
13050
13204
13204
13204
13204
13204
13204
13204
13204
13050
13050
13050
12897
12589
12436
12129
11970
11970
11812
11812
11659
11505
11505
11352
11198
11198
11194
11194
11040
11040
11040
10887
10887
10887
10887
10887
11040
11040
11040
10887
11040
11189
11342
11496
11496
11491
11644
11797
11797
11797
11955
12109
11654
11654
11654
11802
11802
11802
11955
11802
11802
11955
11950
11950
11950
11950
11950
12104
12104
12104
12104
12104
12104
12104
12104
12104
12104
12104
12104
12104
12104
12104
12104
12104
12104
12104
12104
12104
12104
12104
12104
12262
12415
12420
12272
11356
11505
11659
11654
11654
11807
11802
11802
11802
11802
11802
11955
11955
11955
11950
11950
11950
11950
11950
11950
12104
12104
12104
12104
12104
12104
12104
12104
12099
12099
12099
13045
13198
13198
13198
13198
13198
13198
13198
13198
13352
13352
13352
13352
13352
13352
13352
13352
13352
13352
13352
13352
13193
13193
13034
13028
12875
12875
12716
12716
12716
12711
12711
12558
12558
12558
12558
12558
12553
12400
12400
12400
12400
12400
12400
12400
12400
12400
12400
12400
12400
12400
12400
12400
12400
12400
12400
12400
12400
12400
12400
12405
12558
12563
12716
11955
12109
12104
12104
12257
12257
12252
12099
12099
12252
12252
12252
12252
12252
12252
12252
12252
12252
12405
12400
12400
12400
12400
12400
12400
12400
12400
12400
12400
12400
12400
12400
12400
12400
12400
12247
12400
12400
12400
12400
12405
12558
12563
11802
11955
11955
11950
12104
12104
12104
12252
12099
12252
12252
12252
12252
12247
12247
12247
12247
12247
12400
12400
12400
12400
12400
