2005
2620
3697
4621
5389
6159
6772
6621
6313
6923
7535
7993
8297
8755
9058
9365
9361
9668
9818
9971
10274
10427
10580
10129
10278
10431
10580
10734
10734
10882
10882
10729
10882
10882
11036
11036
11189
11184
10431
10585
10734
10734
10887
10882
11036
11036
11036
11036
11036
11184
11184
11184
11184
11337
10738
10887
10887
11040
11036
11036
11189
11189
11189
11189
11184
11184
11337
11337
11337
11491
10891
11040
11040
11040
11189
11189
11189
11189
11342
11189
11337
11337
11337
11337
11337
11337
11649
11040
11194
11194
11189
11189
11189
11342
11342
11337
11184
11337
11337
11337
11337
11337
11337
11491
11496
11194
11194
11194
11342
11342
11342
11342
11342
11337
11337
11337
11337
11337
11337
11491
11491
11491
11649
11194
11194
11194
11342
11342
11342
11342
11342
11337
11337
11337
11337
11337
11491
11491
11491
11491
11644
11649
11194
11194
11347
11342
11342
11342
11342
11342
11337
11337
11184
11337
11337
11337
11337
11337
11337
11644
11802
11194
11194
11347
11342
11342
11342
11342
11342
11491
11491
