2161
2931
3854
4929
5695
6461
7071
7378
7990
8601
9058
9515
9818
10120
10427
10729
10882
11189
11184
11491
11644
11797
11792
11945
11945
12099
12099
12252
12252
12252
12252
12405
12405
12405
12400
12553
12400
12400
12400
12400
12553
12553
11649
11496
11649
11797
11950
12104
11945
11950
11945
12099
12099
12252
12252
12252
12252
12252
12400
12400
12400
12400
12400
12400
12400
12553
12553
12553
12553
12553
12553
12553
12553
12553
12553
12553
12553
12553
12553
12553
12553
12553
12553
12553
12553
12553
12553
12711
12711
11807
11802
11955
11955
12104
12104
12257
12104
12104
12252
12252
12252
12405
12405
12400
12252
12405
12400
12400
12553
12553
12553
12553
12553
12553
12553
12553
12553
12553
12553
12553
12553
12553
12553
12553
12553
12553
12553
12553
12553
12553
12553
12553
12706
12706
8938
9396
9854
10158
10466
10769
10162
9242
9088
9550
10008
10312
10620
10769
10008
9088
8938
9242
9700
10162
10466
10769
10162
9242
8630
9088
9550
10008
10312
10620
10466
9550
8784
9092
9550
10008
10312
10620
10928
9854
9092
9092
9550
10008
10316
10620
10923
10312
9396
8784
9246
9550
10008
10316
10620
10774
10008
9246
8784
9242
9705
10162
10470
10774
10928
10008
9092
8633
9092
9550
10008
10316
10620
10928
10162
9246
8479
8633
8938
9396
9854
10162
10466
10466
9705
8784
8171
8633
9092
9550
10008
10316
10620
10466
9550
8784
9246
9705
10008
10466
10774
10923
10923
10008
9092
8630
9092
9550
10008
10316
10620
10928
10620
9705
8938
8630
9246
9705
10008
10470
10774
11077
10620
9705
8784
8630
8938
9396
9854
10162
10466
10769
10466
9700
8938
8630
9242
9700
10008
10466
10774
11077
10774
9854
8938
8479
8938
9550
9854
10316
10620
10928
11077
10162
9396
8479
8938
9396
9859
10162
10466
10774
11077
10620
9705
8938
8479
8938
9550
9854
10316
10620
10923
11077
10312
9396
8633
8784
9242
9705
10162
10466
10620
10923
11077
10162
9242
8479
