2003
2464
3386
4154
4921
5534
6456
7071
7686
7532
7532
7836
8140
8448
8751
8901
9208
9357
9511
8755
8905
9058
9212
9361
9515
9515
9664
9664
9818
9971
9967
10278
10585
10891
11049
11356
10896
9979
9216
9212
9365
9515
9668
9818
9971
9971
10278
10431
9672
9519
9668
9668
9818
9971
9971
10120
10120
10274
10274
9361
9515
9515
9668
9818
9818
9967
10120
10120
10120
10116
9967
10274
10585
10891
11198
11356
11510
10598
9527
8762
8301
8605
8912
9062
9212
9515
9515
9664
9818
10278
9826
9822
9975
10124
10124
10124
10274
10274
10427
10427
10423
10120
10427
10738
11045
11045
11040
10887
10887
10887
10734
9967
9814
9814
9967
10120
10274
10580
10891
11045
11203
10282
9519
9668
9822
9975
9971
10124
10124
10274
10274
10274
10427
10431
10129
10278
10278
10278
10427
10427
10427
10423
10423
10576
10576
10576
10576
10887
11040
11352
11505
11505
11352
11194
11194
10431
9664
9357
9511
9664
9818
9967
9967
10427
10738
10891
11049
10286
9826
9822
9975
10124
10124
10124
10274
10274
10274
10427
10427
10580
10129
10129
10124
10124
10124
10124
10124
10278
10274
10274
10274
10274
10423
10427
10274
10580
10738
11045
11352
11352
11198
11198
11040
11040
10278
9515
9357
9511
9664
9814
9967
9967
10427
10738
10891
11198
10589
9826
7100
7409
7715
8023
8328
8637
8945
9096
9250
9404
9558
9709
9709
8945
8178
7564
7103
7255
7409
7718
8023
8332
8637
8791
9096
9250
9404
9558
9709
9250
8637
7869
7255
6640
6795
6946
7409
7869
8178
8483
8637
8942
9096
9250
9404
9554
9558
8942
8178
7564
6949
6640
6949
7409
7715
8178
8483
8637
8945
9096
9250
9404
9558
9713
9404
8637
7869
7255
6795
6795
7103
7564
7869
8178
8483
8791
8945
9096
9250
9404
9558
9709
9404
8637
7869
7255
6795
6949
7255
7564
7869
8332
8483
8791
8945
9250
9404
9558
9558
9709
9404
8637
7869
7255
6640
6334
6795
7103
7564
7869
8178
8483
8791
8945
9250
9404
9558
9558
9709
9404
8637
7869
7255
6640
6486
6795
7255
7715
8023
8328
8637
8791
9096
9250
9404
9554
9709
9709
9554
8791
8023
7255
6640
6795
7255
7715
8023
8328
8637
8788
8942
9250
9404
9554
9554
9709
9863
9554
8791
8023
7255
6640
6640
6949
7255
7718
8023
8332
8637
8791
9096
9250
9404
9558
9713
9709
9863
9250
8332
7718
6949
6488
6334
6640
6949
7409
7872
8178
8486
8637
8945
9096
9250
9404
9558
9713
9863
9558
8791
8023
7409
7103
7409
7718
8023
8332
8637
8791
9100
9250
9404
9558
9713
9709
9863
10017
9863
9096
8332
7564
6949
6640
7100
7564
7869
8174
8483
8791
8942
9250
9404
9554
9554
9709
9863
9863
10017
9096
8328
7564
6949
6334
6179
6640
7103
7564
7869
8178
8483
8791
8945
9096
9250
9404
9558
9709
9863
9863
9404
8637
7869
7100
6486
6331
6483
6943
7403
7705
8161
8465
8612
8916
9066
9216
9365
9519
9672
9830
9984
9834
9069
8304
7535
7840
8144
8451
8601
8905
9058
9208
9515
9511
9668
9826
9979
10133
10133
10129
10282
9515
8751
8751
8901
9208
9357
9511
9664
9818
9822
9979
9984
10141
10141
10299
10304
10304
10304
10154
9239
8476
465
1240
2014
2941
3867
4638
5409
6025
6486
7100
7409
7869
8178
8483
8637
8942
9096
9250
8788
8942
9096
9250
9404
9554
9709
9863
9863
10017
10017
10171
10171
10325
10321
10321
10321
10475
10171
10171
10321
10321
10321
10321
10475
10475
10475
10475
10475
10475
10475
10475
10475
10475
10629
