1860
2787
3868
4947
5870
6792
7406
7712
8325
8784
9242
9700
10162
10312
10620
10923
11077
11231
11534
11380
11534
11688
11841
11837
11990
11990
11990
12144
12144
12298
12298
12298
12144
12298
12298
12298
12451
12451
12446
12298
12446
12446
12446
12446
12446
12293
12446
12446
12446
12446
12600
12600
12446
12446
12446
12446
12446
12600
12600
12298
12451
12451
12451
12451
12446
12446
12446
12451
12451
12451
12605
12605
12600
12600
12451
12451
12451
12446
12446
12600
12605
12451
12451
12451
12605
12600
12600
12600
12600
12451
12451
12451
12451
12605
12605
12600
12600
12451
12451
12451
12446
12446
12605
12605
12451
11990
12144
12144
12298
12298
12298
12451
12451
12298
12298
12451
12451
12451
12451
12605
12600
12451
12451
12451
12451
12451
12605
12605
12600
12451
12451
12451
12451
12446
12446
12600
12605
12451
12451
12451
12605
12600
12600
12600
12600
12600
10629
10629
10629
10629
10629
10629
10629
10629
10629
10629
10629
10629
10629
10475
10475
10475
10475
10629
10629
10629
10629
10629
10629
10629
10629
10475
10475
10475
10475
10475
10475
10629
10629
10629
10629
10629
10629
10629
10475
10475
10475
10475
10475
10475
10475
10475
10475
10475
10629
10629
10629
10475
10475
10475
10475
10475
10475
10475
10629
10629
10629
10629
10629
10629
10629
10475
10475
10475
10475
10475
10475
10475
10629
10629
10629
10629
10629
10629
10475
10475
10475
10475
10475
10475
10475
10629
10629
10629
10629
10629
10629
10629
10321
10475
10475
10475
10475
10475
10475
10475
10475
10475
10629
10629
10629
10629
10475
10475
10475
10475
10475
10475
10475
10475
10475
10475
10629
10629
10629
10629
10629
10475
10475
10475
10475
10475
10475
10475
10475
10475
10629
10629
10629
10629
10629
10629
10475
10475
10475
10475
10475
10475
10629
10629
10629
10629
10629
10629
10629
10629
10629
10321
10321
10321
10475
10475
10475
10475
10475
10475
10475
10475
10629
10629
10629
10629
10171
10321
10321
10321
10321
10475
10475
10475
10475
10475
10475
10475
10629
10629
10629
10629
10171
10321
10321
10321
10321
10475
10475
10475
10475
10475
10475
10475
10475
10629
10629
10629
10475
10475
10475
10475
10475
10475
10629
10629
10629
10629
10629
10629
10629
10629
10629
10629
10321
10321
10321
10321
10475
10475
10475
10475
10475
10475
10629
10629
10629
10629
10629
10629
10321
10321
10475
10475
10475
10475
10475
10475
10475
10475
10629
10629
10629
10629
10629
10629
10629
10321
10475
10475
10475
10475
10475
10475
10475
10629
10629
10629
10629
10629
10629
10629
10629
10629
10321
10475
10475
10475
10475
10475
10475
10475
10629
10629
10629
10629
10629
10629
10629
10629
10629
10321
10475
10475
10475
10475
10475
10475
10629
10629
10629
10629
10629
10629
10629
10629
10629
10629
10475
13965
13965
13965
14119
14119
13965
13965
13965
14119
14119
13965
14119
14119
14119
14119
14119
14119
14119
14119
14119
14119
14119
14119
14119
14119
13664
13357
13357
13204
13050
12897
12748
12293
12288
12441
12441
12288
12134
11985
11985
12134
12288
12595
12743
12743
12897
13050
13204
13357
13505
13505
13505
13659
13659
13812
13812
13812
13812
13812
13965
13965
13965
13965
13965
13965
13965
13965
13965
13965
14119
14119
14119
14119
14119
13965
13965
14119
14119
14119
14119
14119
14119
14119
14119
14119
14119
14119
14119
14119
14119
14119
14119
14119
14119
14119
14119
14119
14119
13965
13965
13965
13965
13965
13965
13965
13965
13965
13965
13965
13965
13965
13965
13965
13965
13965
14119
14119
14119
