7827
7980
8287
8598
8905
9062
9212
9365
9515
9668
9818
9818
9971
9511
8444
8751
8901
9208
9357
9511
9664
9818
9814
9967
9967
10124
10129
9672
9668
9822
9822
9971
9971
10124
10120
10120
10274
10274
10278
10436
10440
9519
9515
9668
9668
9818
9971
9971
9971
10120
10120
10278
10282
10440
10436
9822
9208
9361
9515
9664
9818
9818
9971
9967
10124
10282
10286
10282
10436
10436
9515
9054
9204
9357
9511
9664
9814
9971
9975
10133
10133
10129
10282
10278
10278
9818
9051
9204
9357
9511
9664
9822
9826
9984
10137
10133
10133
10282
10282
10278
10124
9208
8287
8134
8444
8755
8908
9066
9377
9531
9535
9688
9842
9846
10000
10000
10158
9854
8934
8171
7403
6789
922
1844
2919
3996
4765
5534
6146
6604
7065
7523
7827
8134
8437
8744
8897
8590
7827
771
1541
2618
3540
4461
5075
5839
6300
6912
7375
7836
8144
8448
8598
8905
8901
8444
8440
8747
8897
9051
9357
9511
9668
9672
9826
9979
9975
10129
10124
10278
10274
9511
9054
9204
9357
9511
9668
9822
9979
9979
10129
10129
10278
10278
10278
10274
10427
10274
9511
9204
9357
9515
9826
9822
9971
9971
10124
10120
10120
10274
10269
10269
10423
10423
10423
9664
9511
9511
9660
9814
9967
9967
10116
10116
10269
10269
10269
10423
10427
10431
10436
10431
9668
8905
9054
9361
9511
9664
9660
9814
9967
9963
10116
10124
10282
10286
10291
10291
10449
10299
9231
8469
926
1850
2929
3851
4619
5387
6000
6459
7071
7375
7836
8140
8448
8751
8905
9212
9369
9066
8758
9062
9216
9365
9519
9672
9822
9822
9975
9975
10129
10129
10278
10278
10278
10436
10440
9984
9984
10133
10133
10133
10282
10282
10282
10282
10436
10436
10431
10431
10431
10585
10585
10589
10137
9830
9830
9979
9979
10133
10129
10282
10282
10282
10436
10431
10431
10431
10431
10431
10585
10589
10286
10133
10133
10133
10282
10282
10282
10282
10436
10436
10431
10431
10431
10585
10585
10585
10585
10585
10286
