1850
2619
3697
4617
5538
6151
6766
7225
7228
7228
7840
8294
8751
9054
9515
9818
9818
10120
10274
10576
10729
10878
11031
11031
11184
11180
11333
11486
11797
11950
11500
11347
11342
11496
11491
11644
11644
11644
11491
11644
11639
11639
11639
11792
11792
11792
11792
11792
11792
11945
12104
12257
12415
11807
11802
11802
11802
11797
11950
11950
11950
11950
11945
11945
11945
11945
11945
11945
11945
11945
11945
11945
12099
12257
12410
12415
12262
11500
11649
11649
11649
11644
11797
11797
11797
11797
11797
11792
11792
11792
11792
11792
11945
11945
11945
11945
12104
12257
12410
12568
12568
12109
11500
11500
11649
11649
11649
11644
11797
11797
11797
11792
11792
11792
11792
11792
11945
11945
11945
11945
11950
11342
11496
11491
11491
11644
11639
11639
11792
11792
11792
11792
11792
11787
11787
11787
11787
11940
11940
11940
11940
11940
12252
12257
12410
12262
12114
11960
11356
11663
11970
12124
12431
12584
12738
12436
12589
12743
12743
12897
13050
13050
12288
13516
13516
13516
13516
13516
13516
13516
13516
13516
13516
13516
13516
13516
13516
13516
13516
13516
13516
13516
13516
13516
13516
13516
13516
13516
13516
13516
13516
13516
13516
13516
13516
13516
13516
13516
13516
13516
13516
13516
13516
13511
13516
13516
13516
13516
13511
13664
13511
13511
13511
13511
13511
13511
13511
13511
13511
13511
13664
13511
13511
13511
13511
13511
13516
13363
13363
13516
13516
13516
13516
13363
13516
13516
13516
13516
13516
13516
13516
13516
13516
13516
13516
13516
13516
13516
13516
13516
13516
13516
13516
13516
13516
13516
13516
13516
13516
13516
13516
13516
13516
13516
13516
13516
13516
13516
13516
13516
13516
13516
13516
13516
13516
13516
13516
13670
10629
10629
10629
10629
10629
10629
10629
10629
10629
10629
10629
10629
10629
10629
10629
10629
10629
10629
10629
10629
10629
10629
10629
10629
10629
10629
10629
10629
10629
10629
10629
10629
10629
10629
10629
10629
10629
10629
10629
10629
10629
10629
10629
10629
10629
10629
10629
10629
10629
10629
10629
10629
10629
10629
10629
10629
10629
10629
10629
10629
10629
10629
10629
10629
10321
10321
10321
10321
10321
10321
10321
10321
10321
10321
10321
10167
10321
10321
10321
10321
9709
9554
9709
9863
9863
10017
10013
10167
10167
10321
10321
10321
10475
10475
10475
10321
10321
10321
10321
10475
10475
10475
10475
10475
10475
10475
10629
10629
10629
10475
10475
10475
10475
10475
10475
10475
10629
10629
10629
10629
10629
10629
10629
10321
10475
10475
10475
10475
10475
10475
10475
10475
10629
10629
10629
10629
10629
10629
10321
10475
10475
10475
10475
10475
10475
10475
10629
10629
10629
10629
10629
10629
10629
10321
10321
10321
10475
10475
10475
10475
10475
10475
10475
10629
10629
10629
10629
10629
10475
10475
10475
10475
10475
10475
10475
10475
10629
10629
10629
10629
10629
10629
10629
10629
10013
10167
10167
10321
10321
10321
10475
10475
10475
10475
10475
10475
10475
10475
10629
10629
10321
10321
10475
10475
10475
10475
10475
10475
10475
10475
10629
10629
10629
10629
10629
10629
10321
10475
10475
10475
10475
10475
10475
10629
10629
10629
10629
10629
10629
10629
10629
10629
10629
10321
10475
10475
10475
10475
10475
10475
10475
10475
10475
10475
10629
10629
10629
10629
10629
10321
10321
10321
10321
10475
10475
10475
10475
10475
10475
10629
10629
10629
10629
10629
10629
10629
10321
10321
10475
10475
10475
10475
10475
10475
10629
10629
10629
10629
10629
10629
10629
10629
10629
10475
10321
10475
10475
10475
10475
10475
10475
10629
10629
10629
10629
10629
10629
10629
10629
10629
10629
10919
10919
10919
10919
10919
10919
10919
10919
10919
10919
10919
10919
10765
10919
10919
10919
10919
10765
10765
10765
10919
10919
10919
10919
10919
10919
10919
10919
10919
10919
10765
10765
10765
10919
10919
10919
10765
10765
10765
10765
10765
10765
10765
10765
10765
10919
10919
10919
10919
10765
10765
10765
10765
10765
10919
10919
10765
10765
10765
10765
10765
10919
10765
10765
10765
10765
10765
10919
10919
10765
10765
10765
10919
10919
10919
10919
10765
10765
10765
10765
10919
10919
10919
10765
10765
10765
10765
10765
10765
10919
10919
10765
10765
10919
10919
10919
10919
10919
10765
10765
10765
10919
10919
10919
10919
10919
10765
10765
10765
10765
10919
10919
10919
10765
10765
10919
10919
10919
10919
10919
10919
10765
10765
10765
10765
10919
10919
10919
10919
10765
10765
10765
10765
10765
10919
10919
10919
