8332
8486
8791
8945
9100
9254
9404
9558
9558
9713
9867
9863
10017
9713
9100
8486
7872
7258
6797
6795
7103
7564
7872
8178
8486
8637
8945
9100
9254
9404
9404
9558
9404
9100
8486
7872
8023
8332
8486
8791
8945
9100
9250
9404
9558
9713
9709
9863
9709
9096
8483
8023
7409
6949
6488
6488
6795
7100
7564
7869
8178
8483
8637
8945
9096
9250
9250
9404
9558
9250
8637
8178
7564
7103
7409
7718
8023
8332
8486
8791
8945
9100
9250
9404
9558
9558
9713
9713
9404
8945
8332
8486
8637
8945
9100
9250
9404
9558
9558
9713
9863
9863
9863
10017
9863
9404
8945
8332
7718
7869
8178
8486
8637
8945
9100
9254
9404
9558
9558
9713
9713
9863
9713
9250
8791
8486
8178
7718
8023
8178
8486
8637
8945
9100
9250
9404
9558
9558
9713
9713
9863
9863
9558
9100
8332
7718
7103
6643
6179
6488
6949
7409
7718
8023
8332
8483
8791
8945
9100
9250
9404
9558
9558
9558
9250
8791
8178
7564
6949
6486
6334
6949
7255
7718
8023
8332
8483
8791
8945
9096
9250
9404
9558
9558
9709
9558
9096
8483
8023
7564
7103
7409
7718
8023
8332
8483
8791
8945
9100
9250
9404
9558
9558
9713
9713
9867
9713
9250
8637
8178
7872
8178
8332
8641
8791
8945
9100
9250
9404
9558
9713
9713
9867
9863
10017
10017
9713
9254
8486
7872
7258
6795
6334
6334
6795
7258
7564
7872
8178
8486
8637
8945
9100
9254
9404
9404
9558
9713
9713
9404
8945
8486
8027
7412
6795
6334
6027
6488
6949
7412
7718
8023
8332
8641
8791
8945
9100
9250
9404
9558
9713
9713
9713
9404
8945
8332
7718
7409
7718
8023
8332
8483
8791
8945
9096
9250
9404
9558
9558
9709
9709
9863
9863
9863
9250
8945
8483
8178
7715
7869
8178
8328
8637
8791
8942
9096
9250
9404
9558
9709
9709
9863
9863
9863
10017
10017
9558
8945
8486
7872
7258
6795
6334
6643
7103
7409
7872
8178
8332
8637
8791
8945
9254
9404
9404
9558
9713
9713
9863
9713
9404
9100
8637
8332
8486
8637
8945
9100
9254
9404
9558
9558
9713
9713
9863
9863
10017
10017
10017
10171
9863
9558
9254
8637
8023
7718
7872
8178
8486
8637
8945
9100
9254
9404
9558
9558
9713
9867
9863
9863
10017
10017
10017
9863
9404
8637
8023
7409
7103
7255
7564
7869
8178
8483
8637
8945
9096
9250
9404
9404
9558
9709
9709
9863
9863
10017
9863
9558
9404
8791
9242
9547
9854
10004
10312
10004
9242
9242
9547
9854
10158
10312
9700
9242
9393
9700
10008
10158
10158
9547
9088
9393
9700
10004
10158
10004
9396
9242
9547
9854
10158
10312
10004
9396
9396
9700
9850
10158
10312
10004
9393
9393
9700
10004
10158
10308
10158
9547
9393
9700
10004
10158
10462
10462
9696
9088
9393
9547
9850
10158
10312
10158
9393
9396
9700
9850
10158
10312
10312
9854
9088
9396
9700
10008
10158
10312
10312
9700
9242
9547
9700
10004
10312
10466
10158
9547
9547
9854
10158
10312
10462
10616
10004
9396
9088
9393
9700
10004
10158
10466
10158
9547
9242
9547
9854
10004
10312
10466
10312
9547
9088
9396
9700
10004
10158
10312
10466
9854
9242
9396
9700
10004
10158
10466
10616
10312
9700
9242
9547
9854
10004
10312
10462
10616
10004
9393
9239
9547
9850
10158
10312
10462
10616
9850
9088
9393
9547
9850
10158
10308
10462
10312
9854
9088
