8931
8931
9085
9239
9393
9547
9547
9700
9705
9859
9859
10013
10013
9859
9400
8788
8174
7560
7869
8174
8483
8637
8791
9096
9250
9404
9404
9558
9713
9709
9709
9558
8945
8486
8637
8791
9100
9250
9404
9404
9558
9713
9709
9863
9863
10017
9863
9404
8791
8178
7564
7409
7718
8023
8332
8486
8791
8945
9100
9250
9404
9558
9558
9713
9713
9558
8791
8178
7564
6949
6488
6643
7103
7409
7872
8023
8332
8637
8791
8945
9096
9250
9404
9558
9404
8945
8483
8178
7718
7100
6795
7100
7564
7869
8178
8328
8637
8791
8942
9096
9250
9404
9558
9709
9554
9096
8483
8023
7409
6949
6486
6795
7255
7718
8023
8332
8483
8791
8945
9096
9250
9404
9558
9713
9709
9558
9096
8637
8791
8945
9096
9250
9404
9558
9558
9713
9863
9863
10017
10017
10017
10017
9558
9100
8486
7872
7258
7409
7718
8023
8332
8483
8791
8945
9100
9250
9404
9558
9558
9713
9713
9863
9713
9254
8486
7872
7872
8178
8486
8637
8791
9100
9254
9250
9404
9558
9558
9713
9713
9867
9863
9713
9404
8945
8332
8178
8332
8483
8791
8945
9100
9250
9404
9558
9558
9713
9713
9863
9863
9863
10017
9713
9100
8486
7872
8023
8178
8486
8637
8945
9100
9250
9404
9404
9558
9713
9709
9863
9863
10017
9863
9558
9096
8483
7715
7255
7255
7718
8023
8332
8483
8791
8945
9096
9250
9404
9558
9558
9713
9709
9863
9713
9404
9100
8637
7869
7409
6795
6488
6949
7409
7718
8023
8332
8483
8791
8945
9100
9250
9404
9558
9558
9713
9867
9558
9100
8637
8023
7564
7103
6643
6488
6949
7409
7718
8023
8332
8486
8791
8945
9100
9250
9404
9558
9558
9713
9713
9713
9404
9100
8637
8023
8023
8332
8483
8791
8945
9100
9250
9404
9404
9558
9713
9713
9867
9863
10017
10017
9863
9250
8945
8486
8178
7718
7409
7718
8023
8178
8486
8637
8945
9100
9250
9404
9404
9558
9713
9709
9863
9863
10017
9558
9096
8637
8178
7715
7255
7103
7409
7715
8023
8328
8637
8791
8942
9096
9250
9404
9558
9558
9713
9709
9863
9863
9709
9250
8791
8178
7718
7258
6795
6334
6179
6488
6949
7409
7718
7869
8178
8486
8637
8791
8945
9100
9096
9250
9404
9404
9558
9558
9713
9709
9709
9404
8945
8328
7715
7100
6949
7255
7718
8023
8332
8483
8791
8942
9096
9250
9404
9554
9709
9709
9863
9863
10017
10017
9713
9250
8791
8178
