8287
8440
8747
8897
9204
9357
9511
9664
9660
9814
9971
10129
10133
9365
9058
9208
9361
9511
9664
9818
9818
9971
9971
10129
10133
10291
10291
9373
8605
7836
8140
8444
8751
8901
9054
9365
9519
9676
9830
9826
9979
9975
9822
9054
8901
9208
9357
9511
9668
9826
9984
9979
10133
10129
10129
10282
10278
9664
9208
9357
9511
9664
9822
9979
9979
10129
10129
10129
10278
10278
10278
10278
9511
9051
9208
9361
9519
9672
9826
9822
9975
9975
10124
10124
10278
10278
10274
9664
8905
9054
9208
9357
9511
9664
9818
9814
9967
9967
10120
10120
10278
10282
9979
9527
9680
9684
9838
9842
9996
10000
10154
10154
10312
10312
10312
10312
10470
10162
9400
9246
9400
9554
9709
9863
9863
10013
10013
10167
10167
10321
10321
10321
10321
10321
10321
10321
10475
10475
10475
10475
10475
10475
10475
10629
10629
10629
10629
10629
10475
10475
10475
10629
10629
10629
10629
10629
10629
10629
10629
10629
10629
10629
10629
10629
10629
10629
10629
10629
10629
10629
10629
10629
10629
10629
10629
10629
10629
10629
10475
10475
10475
10629
10629
10629
10629
10629
10629
10629
10629
10629
10629
10629
10629
10475
10475
10629
10629
10629
10629
10629
10629
10629
10629
10629
10629
10629
10629
10629
10629
10475
10629
10629
10629
10629
10629
10629
10629
10629
10629
10629
10629
10629
10629
10629
10629
10475
10475
10629
10629
10629
10629
10629
10629
10629
10629
10629
10629
10629
10629
10629
10629
10475
10475
10475
10475
10475
10629
10629
10629
10629
10629
10629
10629
10629
10629
10629
10629
10629
10475
10475
10629
10629
10629
10629
10629
10629
10629
10629
10629
10629
10629
10629
10629
10629
10475
10475
10475
10475
10475
10629
10629
10629
10629
10629
10629
10629
10629
10629
10629
10629
10629
10475
10629
10629
10629
10629
10629
10629
10629
10629
10629
10629
10629
10629
10629
10629
10629
10629
10629
10919
10919
10919
10919
10919
10919
10919
10919
10919
10919
10919
10919
10919
10919
10919
10919
10919
10919
10919
10919
10919
10919
10919
10919
10919
10919
10919
10919
10919
10919
10765
10919
10919
10919
10919
10919
10919
10919
10919
10919
10919
10919
10919
10919
10919
10919
10919
10919
10919
10919
10919
10919
10919
10919
10919
10919
10616
10616
10616
10769
10765
10765
10765
10616
10616
10616
10616
10616
10616
10616
10308
10154
10308
10462
10611
10611
10765
10765
10919
10919
11073
11073
11068
11222
11068
11068
11222
11222
11222
11222
11222
11073
11073
11073
11073
11073
11073
11073
11073
11073
11073
11226
11226
11226
11380
11226
11222
11375
11375
11375
11375
11375
11380
11380
11380
11375
11375
11375
11375
11375
11375
11375
11375
11375
11375
11375
11375
11375
11375
11375
11375
11375
11375
11375
13664
13664
13664
13664
13659
13664
13664
13659
13659
13659
13659
13659
13659
13659
13659
13659
13659
13659
13659
13659
13659
13659
13659
13659
13659
13659
13659
13659
13659
13659
13659
13659
13659
13659
13659
13659
13659
13659
13659
13659
13659
13659
13659
13659
13659
13659
13659
13659
13659
13659
13659
13659
13659
13659
13659
13659
13659
13659
13664
13664
13659
13659
13659
13659
13659
13659
13659
13664
13664
13659
13664
13664
13659
13659
13659
13659
13659
13664
13664
13664
13659
13812
13812
13659
13659
13659
13659
13659
13659
13664
13664
13664
13664
13659
13659
13659
13659
13659
13659
13659
13664
13664
13664
13664
13664
13664
13664
13659
13659
13659
13659
13664
13664
13664
13664
12600
12600
12600
12600
12754
12754
12605
12600
12600
12600
12600
12600
12451
12451
12605
12605
12605
12605
12451
12298
12298
12298
12451
12451
12451
12298
12451
12451
12451
12451
12605
12605
12451
12451
12451
12451
12451
12605
12451
12451
12605
12605
12605
12600
12600
12451
12451
12451
12605
12605
12605
12605
12451
12605
12605
12600
12600
12600
12600
12451
12451
12605
12605
12605
12600
12600
12451
12451
12446
12600
12600
12600
12600
12451
12446
12446
12600
12600
12600
12600
12600
12446
12446
12446
12600
12600
12600
12600
12446
12446
12446
12446
12446
12600
12605
12600
12451
12451
12605
12600
12600
12600
12600
12600
12451
12451
12451
12605
12605
12600
12600
12600
12451
12451
12451
12451
12605
12605
12605
12605
12451
12605
12605
12600
12600
12600
12600
12605
12298
12451
12451
12451
12451
12605
12605
12605
12600
12451
12451
12451
12605
12605
12605
12600
12600
