8178
8486
8641
8945
9100
9254
9404
9404
9558
9713
9713
9867
9867
9867
9558
9100
8945
9100
9250
9404
9558
9558
9713
9713
9867
9863
10017
10017
10017
9558
8945
8486
7872
7409
7718
8023
8332
8486
8791
8945
9100
9250
9404
9558
9558
9713
9558
9100
8637
8332
7872
7258
7409
7718
8023
8332
8486
8791
8945
9100
9250
9404
9558
9713
9709
9558
9096
8328
7715
7255
6795
7100
7409
7869
8178
8328
8637
8791
8942
9096
9404
9404
9558
9713
9404
9096
8791
8178
8178
8486
8637
8791
9100
9250
9404
9404
9558
9713
9713
9863
9863
9863
9713
9250
8791
8023
7872
8178
8486
8637
8791
9100
9254
9404
9404
9558
9713
9867
9863
9863
9713
9404
8791
8023
7409
7564
7872
8178
8486
8637
8791
9100
9254
9250
9404
9558
9713
9713
9867
9713
9404
8945
8332
7564
7103
6643
6949
7409
7718
8023
8332
8486
8791
8945
9100
9250
9404
9558
9558
9713
9713
9558
9250
9100
9254
9250
9404
9558
9713
9713
9867
9863
10017
10017
10017
10017
10171
10171
9709
9404
8791
8178
7718
7409
7718
8023
8332
8483
8791
8945
9096
9250
9404
9558
9558
9709
9709
9863
9863
9558
9250
8637
8023
7869
8178
8486
8637
8945
9100
9250
9404
9404
9558
9713
9713
9867
9863
10017
9863
9558
9404
8945
9100
9250
9404
9558
9558
9713
9713
9867
9863
9863
10017
10017
10017
10017
10171
9713
9254
8637
8178
7564
7258
6643
6334
6643
7103
7409
7718
8023
8332
8641
8791
8945
9100
9250
9404
9558
9713
9713
9713
9250
8791
8332
7872
7258
6795
6334
6488
6949
7258
7718
8023
8332
8486
8791
8945
9096
9250
9404
9558
9713
9863
9863
9713
9250
8637
7869
7409
7718
8023
8332
8486
8791
8945
9100
9250
9404
9558
9558
9709
9709
9863
9863
10017
10017
9554
8938
8167
7400
6780
6929
7388
7846
8157
8465
8769
8923
9073
9223
9373
9523
9676
9826
9826
9979
10137
10137
9369
8601
7987
8294
8598
8751
9058
9216
9369
9523
9676
9826
9979
9975
9975
10129
10124
10124
10282
10133
9212
8751
8905
9054
9361
9515
9511
9664
9822
9979
9979
10133
10129
10282
10282
10278
10278
10278
10278
9212
9365
9515
9668
9818
9818
9971
9971
10120
10120
10278
10282
10282
10436
10431
10431
10431
10427
9967
8630
9088
9393
9700
10004
9242
8476
8934
9242
9547
9854
9854
8934
8476
8934
9242
9547
9854
9700
8780
8630
8934
9396
9393
9700
9700
8934
8476
8780
9242
9547
9854
9854
8934
8630
8934
9239
9547
9700
9850
9242
8476
8784
9088
9393
9700
9854
9700
8780
8322
8630
9088
9242
9393
9547
9547
8784
8322
8630
9088
9393
9700
9700
9393
8630
8322
8780
9242
9547
9700
9850
9547
8630
8476
8934
9239
9547
9850
10004
9393
8630
8780
9088
9393
9696
10004
10154
9239
8476
8780
9085
9547
9696
10004
10158
9393
8630
8934
9239
9393
9547
9700
9854
9850
9088
8322
8630
8934
9239
9547
9850
10004
9547
8626
8476
8934
9239
9547
9850
10004
10004
9239
8322
8626
9088
9393
9696
10004
10158
9696
8934
8476
8934
9242
9547
9850
10158
10158
9547
8780
8630
8934
9393
9547
9696
10004
10004
9850
9239
8780
8934
9242
9547
9700
9700
9850
10004
10158
9393
9246
9705
10008
10312
10620
10928
10008
9092
9396
9859
10162
10466
10774
10774
9854
9092
9396
9854
10162
10466
10774
10928
9854
9092
9396
9859
10162
10312
10466
10462
10457
9992
9223
9373
9523
9676
9826
9826
10286
10593
10747
9984
9676
9826
9979
9975
10129
10129
10278
10278
10278
10278
9672
9826
9822
9975
10124
10124
10124
10278
10274
10274
10274
10120
10427
10738
11045
11198
11356
11356
11198
10436
9515
9361
9511
9664
9818
9818
9967
10278
10585
10891
10129
9822
9822
9975
9971
10124
10124
10278
10278
10274
10274
10580
9975
9975
9975
10129
10124
10278
10278
10278
10274
10427
10427
10427
10427
10580
10891
11198
11352
11510
11510
11352
10589
9668
9361
9515
9664
9818
9818
9971
10124
10431
10738
10896
10286
10129
10282
10282
10278
10431
10431
10431
10431
10427
10427
10580
9975
9975
9971
10124
10124
10278
10274
10274
10427
10427
10427
10427
10427
10580
10887
11045
11352
11505
11352
11352
11198
10891
10124
9357
9357
9511
9664
9818
9818
10278
10585
10896
11049
10743
9975
9515
9668
9822
9818
9971
9971
10124
10120
10274
10274
10580
10738
9979
9668
9822
9975
9971
10124
10124
10278
10274
10274
10274
10427
10427
10427
465
1548
2940
4174
5252
6329
7097
7862
8171
13659
13659
13659
13659
13812
13659
13659
13659
13659
13659
13659
13659
13659
13659
13659
13659
13659
13659
13659
13659
13659
13659
13659
13659
13659
13659
13659
13659
13659
13659
13659
13659
13659
13659
13812
13812
13659
13659
13659
13659
13659
13659
13659
13659
13659
13659
13659
13659
13659
13659
13659
13659
13659
13659
13659
13659
13659
13659
13659
13659
13659
13659
13659
13659
13659
13664
13659
13659
13659
13659
13659
13659
13659
13659
13659
13659
13659
13659
13659
13659
13659
13659
13659
13659
13659
13659
13659
13659
13659
13659
13659
13659
13659
13659
13812
13659
13659
13659
13659
13659
13812
13812
13659
13659
13659
13659
13659
13659
13659
13659
13659
13659
13659
13659
13659
