2014
2632
3714
4793
5870
6637
7252
7097
7712
8325
8938
9396
9854
9396
9854
10312
10620
10923
11231
11231
11380
11688
11841
11995
12144
11990
12144
12144
12144
12298
12298
12298
12144
12298
12298
12298
12451
12451
12451
12298
12451
12451
12451
12451
12451
12451
12451
12451
12451
12451
12605
12600
12451
12451
12451
12451
12451
12605
12605
12451
12451
12451
12451
12451
12451
12451
12451
12451
12451
12451
12451
12605
12600
12600
12451
12451
12451
12451
12451
12605
12605
12451
12451
12451
12451
12446
12446
12446
12605
12451
12451
12451
12451
12605
12605
12600
12600
12451
12451
12451
12451
12600
12600
12600
12451
12446
12446
12446
12446
12446
12446
12600
12451
12446
12446
12446
12446
12600
12600
12600
12446
12446
12446
12446
12446
12600
12600
12600
12600
12451
12446
12446
12446
12605
12605
12605
12600
12451
12451
12451
12451
12446
12446
12600
12605
12451
13516
13516
13516
13516
13516
13363
13516
13516
13516
13516
13516
13516
13516
13516
13516
13363
13516
13516
13516
13516
13516
13516
13516
13516
13516
13516
13516
13516
13516
13516
13516
13516
13516
13516
13511
13511
13511
13511
13511
13516
13511
13516
13511
13511
13511
13511
13511
13363
13363
13516
13516
13516
13516
13516
13516
13516
13516
13516
13516
13516
13516
13516
13516
13516
13516
13516
13516
13516
13516
13516
13516
13516
13516
13516
13516
13516
13516
13516
13516
13516
13516
13516
13516
13516
13516
13516
13516
13516
13516
13516
13516
13516
13516
13516
13516
13516
13516
13516
13516
13516
13516
13516
13516
13516
13516
13516
13516
13516
13516
13516
13516
13516
13516
13516
13516
13516
13659
13659
13659
13659
13659
13659
13659
13659
13659
13659
13659
13659
13659
13659
13659
13659
13659
13659
13659
13659
13664
13659
13659
13659
13659
13659
13659
13659
13659
13812
13659
13659
13812
13812
13812
13812
13659
13659
13659
13659
13659
13664
13664
13664
13664
13659
13659
13664
13659
13659
13659
13659
13511
13664
13664
13664
13664
13664
13664
13664
13664
13664
13664
13664
13664
13664
13664
13664
13664
13659
13664
13664
13664
13659
13659
13664
13664
13664
13664
13664
13664
13659
13659
13664
13659
13659
13664
13664
13659
13664
13664
13664
13659
13659
13659
13505
13659
13664
13664
13664
13664
13659
13664
13659
13659
13659
13659
13659
13659
13659
13659
13659
13659
13659
13659
10629
10629
10629
10629
10629
10629
10629
10629
10629
10629
10629
10629
10475
10475
10475
10475
10475
10629
10629
10629
10629
10629
10629
10629
10629
10475
10475
10475
10475
10475
10475
10629
10629
10629
10629
10629
10629
10629
10475
10475
10475
10475
10475
10475
10475
10629
10629
10629
10629
10629
10629
10475
10475
10475
10475
10475
10475
10475
10629
10629
10629
10629
10629
10629
10475
10475
10475
10475
10475
10475
10475
10475
10475
10475
10629
10629
10629
10629
10321
10321
10321
10475
10475
10475
10475
10475
10475
10475
10475
10475
10475
10475
10475
10167
10167
10167
10167
10167
10167
10167
10167
10167
10321
10167
10321
10321
10321
10475
10475
9863
9863
10017
10013
10167
10167
10167
10321
10321
10321
10475
10475
10475
10475
10475
10321
10321
10321
10475
10475
10475
10475
10475
10475
10475
10475
10475
10629
10629
10475
10321
10475
10475
10475
10475
10475
10475
10475
10475
10475
10629
10629
10629
10629
10475
10321
10475
10475
10475
10475
10475
10475
10475
10475
10475
10629
10629
10629
10629
10629
10475
10475
10475
10475
10475
10475
10629
10629
10629
10629
10629
10629
10629
10629
10629
10475
10475
10475
10475
10475
10475
10475
10629
10629
10629
10629
10629
10629
10629
10629
10629
10321
10321
10475
10475
10475
10475
10475
10475
10475
10629
10629
10629
10629
10629
10629
10629
10321
10321
10475
10475
10475
10475
10475
10475
10629
10629
10629
10629
10629
10629
10629
10629
10629
10321
10475
10475
10475
10475
10475
10475
10475
10629
10629
10629
10629
10629
10629
10629
10629
10321
10321
10321
10475
10475
10475
10475
10475
10475
10475
10629
10629
10629
10629
10629
10629
10629
10321
10475
10475
10475
10475
10475
10475
10475
10475
10629
10629
10629
10629
10629
10629
10629
10629
10321
10321
10475
10475
10475
10475
10475
10475
10475
10475
10629
10629
10629
10629
10629
10629
10629
10629
