7872
7872
8178
8486
8641
8945
9100
9254
9404
9404
9558
9713
9713
9558
9254
8945
8332
7872
8178
8486
8637
8945
9100
9254
9404
9404
9558
9713
9709
9863
9709
9558
8945
8637
8945
9096
9250
9404
9404
9558
9709
9709
9863
9863
10017
10017
9709
9404
8945
8483
8637
8945
9096
9250
9404
9404
9558
9709
9709
9863
9863
10017
10017
9709
9404
9096
9250
9250
9404
9558
9554
9709
9863
9863
9863
10017
10017
10017
10017
9863
9558
8945
8178
7564
7869
8178
8483
8791
8945
9096
9250
9404
9558
9554
9709
9863
9863
9863
9558
9096
8791
8942
9096
9250
9404
9558
9709
9709
9863
9863
10017
10017
10017
10017
9863
9404
8945
8332
7718
8023
8178
8483
8791
8945
9096
9250
9404
9404
9558
9709
9709
9863
9863
9558
9096
8637
8023
7564
7409
7718
8023
8332
8483
8791
8945
9096
9250
9404
9558
9554
9709
9863
9863
9709
9404
8942
8791
8942
9096
9250
9404
9558
9554
9709
9709
9863
9863
10017
10017
10017
10017
9709
9404
9096
8483
8637
8791
8945
9096
9250
9404
9558
9713
9713
9863
9863
9863
10017
10017
10017
10017
9558
9250
9100
9250
9404
9558
9558
9713
9713
9867
9863
10017
10017
10017
10017
10171
10171
9863
9558
8945
8486
7872
7409
6795
6949
7255
7718
8023
8332
8483
8791
8945
9096
9250
9404
9558
9558
9709
9863
9863
9404
9096
8791
8023
7409
7718
8023
8178
8483
8791
8945
9100
9250
9404
9558
9558
9713
9713
9863
9863
9863
9250
8791
8483
8023
7409
6949
6488
6179
6488
6795
7255
7564
7869
8178
8483
8637
8945
9096
9250
9404
9404
9558
9709
9709
9558
9250
8791
8178
7564
6949
6795
7100
7409
7869
8178
8332
8637
8791
8945
9096
9250
9404
9558
9558
9713
9867
9867
9558
8945
8637
8023
7564
6949
6488
6027
6488
6949
7406
7708
8010
8315
8615
8919
9069
9219
9377
9684
9684
9834
9984
9984
9979
9212
9208
9361
9515
9672
9830
9984
10133
10133
10129
10282
10278
10278
10278
10278
10431
10436
10440
9672
8751
8137
8290
8440
8747
9054
9212
9369
9519
9672
9822
9975
9971
10124
10124
10120
10274
10278
10282
9826
8905
8444
8594
8901
9051
9204
9357
9664
9668
9826
9975
9975
10124
10124
10278
10274
10274
10274
10274
9664
8901
9550
10008
10316
10620
10923
10923
10008
9242
9700
10162
10466
10774
10923
10616
9696
9235
9385
9535
9684
9680
9830
9984
9979
10133
10282
9676
9672
9826
9975
9975
10124
10124
10278
10278
10274
10120
10274
10585
10891
11198
11352
11352
10738
9975
9515
9664
9818
9818
9967
10120
10120
10427
10738
10436
10282
10278
10278
10431
10431
10427
10427
10427
10580
10580
10274
10427
10734
11040
11198
11352
11352
11198
10738
9971
9664
9664
9818
9971
9967
10120
10274
10585
10891
10589
10282
10282
10278
10278
10431
10431
10427
10427
10427
10427
10580
10427
10738
11045
11198
11356
11352
11198
11198
10891
10124
9204
9204
9357
9511
9664
9818
10278
10585
10743
10743
9975
9208
9515
9515
9664
9818
9971
9971
10120
10120
10274
10585
10282
10129
10129
10278
10278
10278
10274
10427
10427
10427
10427
10427
10427
10274
10580
10887
11198
11352
11505
11663
11510
10589
9668
8747
7980
8134
8440
8590
8897
9357
9822
10282
10589
10743
9979
9519
9668
9668
9822
9971
9971
10124
10120
10274
10274
10274
10734
10129
10282
10278
10278
10278
10431
10427
10427
10427
10427
10580
10576
10576
10423
10734
11040
11198
11505
11659
11817
11970
11212
10299
1077
2000
2922
3843
4609
5378
5990
6602
7062
7520
7980
8598
8598
8784
9088
9393
9700
10004
9393
8780
9242
9547
9850
10004
9850
8934
9088
9393
9696
10004
10158
9393
8934
9239
9547
9850
10004
10004
9088
9088
9393
9700
9850
10158
9854
8934
9088
9393
9700
10004
10158
9700
8780
9088
9393
9700
10004
10158
9700
8934
8934
9393
9547
9700
10004
10004
9242
8476
8934
9239
9547
9850
9850
9696
8934
8322
8780
9085
9547
9850
10004
9547
8780
8630
8934
9393
9547
9700
9850
9547
8784
8630
8934
9393
9700
9850
10158
9547
8784
8780
9242
9547
9854
10158
10312
9547
8784
8934
9393
9700
9700
9854
10004
9854
8934
8630
8934
9393
9700
9850
10158
10004
9085
8626
8623
8773
8769
8919
8916
8916
9066
9066
9062
9062
9212
9058
8451
8601
8601
8755
8751
8905
8905
8901
9054
9054
9054
9054
9051
9208
9515
9668
9975
10133
10286
10440
9676
8908
8140
7526
7680
7830
7983
8137
8287
8440
8905
9212
9519
9369
8755
8755
8905
8905
8905
9054
9054
9054
9054
9208
9204
9204
9204
