1850
2466
3236
4003
4617
5384
6154
6615
6618
6926
7538
8000
8458
8919
9073
9535
9688
9992
10299
10299
10453
10607
10760
10914
10914
11068
11222
11222
11375
11375
11375
11529
11529
11529
11683
11529
11529
11683
11683
11683
11683
11683
11683
11683
11837
11837
11837
11683
11683
11683
11837
11837
11683
11529
11529
11683
11683
11683
11529
11226
11380
11375
11529
11529
11529
11529
11683
11683
11683
11683
11683
11683
11683
11683
11837
11837
11837
11683
11837
11837
11832
11832
11832
11683
11683
11837
11837
11832
11832
11832
11837
11837
11837
11837
11837
11837
11837
11837
11837
11837
11837
11837
11837
11837
11837
11837
11837
11837
11837
11837
11837
11837
11837
11837
11837
11837
11837
11837
11837
11837
11837
11837
11837
13511
13511
13511
13511
13511
13516
13511
13511
13511
13511
13511
13511
13511
13511
13511
13511
13511
13511
13511
13511
13511
13511
13511
13511
13511
13511
13516
13511
13511
13511
13511
13511
13511
13511
13511
13511
13511
13511
13511
13511
13511
13516
13516
13516
13511
13511
13511
13516
13516
13516
13516
13516
13516
13516
13516
13516
13516
13516
13516
13516
13516
13516
13516
13516
13516
13516
13516
13516
13516
13516
13516
13516
13516
13516
13516
13516
13516
13516
13516
13516
13516
13516
13516
13516
13516
13516
13516
13516
13516
13516
13516
13516
13516
13516
13516
13516
13516
13516
13516
13516
13516
13516
13516
13516
13516
13516
13516
13516
13516
13516
13516
13516
13516
13516
13516
13516
10167
10321
10321
10321
10321
10475
10475
10475
10475
10475
10475
10475
10475
10321
10475
10475
10475
10475
10475
10475
10475
10475
10629
10629
10629
10475
10475
10475
10475
10475
10475
10475
10475
10629
10629
10629
10629
10629
10475
10475
10475
10475
10475
10475
10475
10475
10629
10629
10629
10629
10629
10475
10475
10475
10475
10475
10475
10475
10629
10629
10629
10629
10629
10629
10629
10475
10475
10475
10475
10475
10475
10475
10629
10629
10629
10629
10629
10629
10475
10475
10475
10475
10475
10475
10475
10629
10629
10629
10629
10629
10629
10629
10321
10475
10475
10475
10475
10475
10475
10475
10629
10629
10629
10629
10629
10629
10475
10475
10475
10475
10475
10475
10475
10475
10629
10629
10629
10629
10629
10629
10629
10475
10475
10475
10475
10475
10475
10629
10629
10629
10629
10629
10629
10629
10629
10629
10475
10475
10475
10475
10475
10475
10475
10475
10629
10629
10629
10629
10629
10629
10629
10321
10475
10475
10475
10475
10475
10475
10475
10629
10629
10629
10629
10629
10629
10629
10321
10475
10475
10475
10475
10475
10475
10629
10629
10629
10629
10629
10629
10629
10629
10629
10475
10475
10475
10475
10475
10475
10475
10475
10629
10629
10629
10629
10629
10629
10629
10475
10475
10475
10475
10475
10475
10475
10629
10629
10629
10629
10629
10629
10629
10629
10629
10475
10475
10475
10475
10475
10475
10475
10475
10475
10475
10475
10629
10629
10629
10629
10629
10629
10321
10475
10475
10475
10475
10475
10475
10475
10629
10629
10629
10629
10629
10629
10629
10629
10475
10321
10475
10475
10475
10475
10475
10629
10629
10629
10629
10629
10629
10629
10629
10629
10629
10475
10475
10475
10475
10475
10475
10475
10475
10629
10629
10629
10629
10629
10629
10629
10629
10629
10475
10321
10321
10475
10475
10475
10475
10475
10475
10475
10629
10629
10629
10629
10629
10629
10629
10629
