9393
9393
9547
9705
9705
9859
9859
9859
10013
10013
10013
10167
10167
9859
9400
8942
8483
8328
8483
8791
8942
9096
9250
9404
9554
9554
9709
9709
9863
9863
9554
9250
8637
8178
8483
8637
8945
9096
9250
9404
9404
9558
9709
9709
9863
9863
9863
9713
9250
8637
8637
8945
9100
9250
9404
9404
9558
9713
9713
9863
9863
10017
10017
9863
9404
8945
8332
8178
8486
8637
8945
9100
9250
9404
9404
9558
9558
9713
9867
9863
9863
9713
9250
8637
8023
7872
8178
8332
8637
8791
8945
9254
9404
9404
9558
9713
9713
9867
9863
9713
9404
8791
8023
7564
7718
8023
8332
8486
8791
8945
9100
9250
9404
9558
9558
9713
9713
9863
9404
8945
8486
8023
7564
7409
7872
8178
8332
8637
8791
8945
9096
9250
9404
9558
9554
9709
9863
9709
9250
8637
8178
7718
7255
7100
7564
7869
8178
8483
8637
8791
9096
9250
9404
9404
9558
9709
9709
9709
9558
9250
8483
7869
7255
6795
6949
7258
7564
7869
8178
8486
8637
8945
9100
9250
9404
9558
9558
9713
9709
9404
8791
8332
7872
7258
6949
7258
7564
8023
8178
8486
8637
8945
9100
9250
9404
9558
9558
9713
9713
9863
9713
9558
8945
8486
8637
8945
9100
9250
9404
9404
9558
9713
9713
9863
9863
9863
10017
10017
10017
9713
9404
8945
8332
8023
8332
8486
8791
8945
9100
9250
9404
9558
9558
9713
9867
9863
9863
10017
10017
9558
9100
8483
8023
7564
6949
6795
7100
7557
7862
8164
8469
8773
8923
9227
9377
9527
9680
9676
9830
9979
9984
9680
9676
9830
9979
9979
10133
10129
10282
10282
10282
10278
10431
10431
10431
10431
10589
10593
9830
9826
9979
9979
10129
10129
10282
10282
10282
10436
10431
10431
10431
10431
10431
10589
10593
9830
9523
9676
9826
9826
9979
9975
10129
10129
10282
10282
10282
10431
10431
10431
10436
10593
10444
9523
9219
9369
9523
9672
9672
9826
9979
9975
10129
10129
10282
10282
10278
10278
10436
10440
10593
9830
9219
9369
9523
9672
9826
9826
9975
9975
10129
10129
10282
10282
10278
10278
10436
10440
10440
10286
9523
9369
9523
9672
9826
9826
9975
9975
10129
10129
10278
10278
10278
10431
10431
10436
10593
10593
10137
9219
8630
8934
9393
9700
9850
9239
8476
8784
9088
9393
9700
9850
9088
8476
8934
9242
9547
9854
9700
8934
8630
9088
9393
9700
10004
9700
8780
8630
9088
9393
9700
10004
9700
8780
8784
9088
9393
9700
9700
9850
9088
8322
8784
9088
9393
9700
10004
9393
8630
8780
9088
9547
9700
10004
9700
8934
8626
9088
9393
9696
9850
10004
9393
8626
8626
8934
9393
9696
9850
9850
9393
8476
8476
8934
9239
9547
9850
10004
9393
8476
8780
9242
9547
9700
9850
9850
9393
8630
8476
8934
9242
9547
9850
10158
9700
8780
8630
9088
9393
9700
10004
10158
9854
8934
8630
8934
9242
9547
9700
9700
9854
9393
8630
8171
8476
8934
9239
9393
9547
9700
9547
8630
8017
8476
8934
9088
9239
9393
9547
9696
9696
9700
9696
9850
10004
10004
10158
10158
10154
10154
9696
9850
10004
10158
10308
10462
10462
10616
9850
8934
8780
9085
9393
9696
9850
10154
10308
9696
8780
