2007
2777
3854
4775
5695
6615
6766
7532
7990
8601
9058
9519
9668
9975
10278
10585
10734
11040
11040
11342
11342
11496
11649
11802
11802
11955
11950
12104
12109
12262
11659
11505
11505
11654
11807
11807
11955
11955
11955
12109
12104
12104
12257
12104
12257
12257
12257
12410
12410
12410
12410
12410
12410
12410
12410
12410
12410
12410
12410
12410
12410
12410
12410
12410
12410
12563
12568
12722
12727
12119
11812
11965
11960
12114
12114
12109
12262
12262
12262
12262
12262
12415
12410
12410
12410
12410
12410
12410
12410
12410
12410
12410
12410
12410
12410
12410
12410
12405
12405
12405
12405
12405
12558
12558
12563
11807
11960
11955
12109
12109
12109
12257
12257
12257
12257
12257
12410
12410
12410
12410
12257
12410
12410
12410
12405
12405
12405
12405
12405
12405
12405
12405
12405
12405
12563
12558
8780
8934
9239
9389
9539
9688
9531
9680
9834
9830
9979
9979
10133
9979
10129
10129
10129
10278
10278
10124
10124
10278
10278
10431
10431
10427
10278
10427
10427
10427
10427
10427
10427
10427
10427
10427
10427
10580
10580
10431
9975
10129
10129
10278
10278
10278
10431
10278
10278
10431
10427
10427
10427
10427
10427
10427
10427
10427
10580
10580
10580
10427
10580
10580
10580
10580
10580
10580
10580
10580
10580
10734
10734
10734
10734
10734
10734
10734
10891
10891
11049
11203
10747
9830
9676
9826
9979
10129
10129
10282
10436
10129
10282
10431
10431
10585
10585
10580
10580
10580
10580
10580
10734
10734
10734
10887
10734
10734
10887
10887
10887
10887
10887
10887
10887
10887
10887
10887
10887
10882
11040
10738
10282
10436
10436
10585
10585
10585
10738
10738
10734
10734
10734
10734
10887
10887
10887
10887
10887
10887
10887
10882
10882
10882
10882
10882
