2006
2777
3854
4929
5695
6461
6766
7378
7990
8448
8905
9365
9216
9523
9826
10129
10436
10585
10585
10887
11040
11194
11189
11342
11342
11496
11649
11649
11644
11797
11797
11797
11797
11950
11950
11950
11950
11950
11950
11950
12104
12104
11950
11950
12104
12104
12109
12262
12267
11659
11654
11807
11807
11802
11955
11955
11802
11955
11955
11955
11955
12109
11950
12104
12104
12104
12104
12104
12104
12104
12104
12104
12104
12104
12104
12104
12104
12104
12104
12104
12104
12104
12104
12104
12262
12262
12420
12420
12415
12267
11198
11198
11347
11347
11500
11649
11649
11802
11802
11802
11802
11802
11955
11955
11950
11950
11950
11950
12104
12104
12104
12104
12104
12104
12104
12104
12104
12104
12104
12104
12104
12104
12104
12262
12262
12420
12420
12272
11203
11203
11352
11505
11500
11654
11654
11807
13960
13806
13806
13647
13641
13488
13335
13329
13329
13176
13171
13171
13017
13017
13017
13012
13012
12859
12859
12859
12859
12859
12859
12859
12859
12859
12859
12859
12859
12859
12859
12859
12859
12859
12859
12706
12706
12706
12706
12859
13017
12415
12410
12563
12558
12558
12558
12711
12558
12553
12706
12706
12706
12706
12706
12706
12706
12706
12706
12706
12706
12706
12706
12706
12706
12706
12706
12706
12706
12706
12706
12706
12700
12859
12706
12706
12706
12859
12859
12711
12711
12109
11802
11955
12104
12104
12257
12410
12405
12252
12405
12405
12405
12553
12553
12553
12553
12553
12553
12706
12706
12706
12706
12706
12706
12706
12706
12706
12706
12706
12859
12706
12706
12706
12706
12706
12706
12706
12706
12706
12864
12864
13023
13023
13176
12568
11960
12109
12109
12257
12257
12410
12410
12558
13204
13204
13204
13357
13357
13204
13357
13357
13357
13357
13357
13357
13204
13198
13045
12891
12886
12732
12727
12727
12568
12568
12415
12415
12415
12415
12410
12410
12257
12257
12257
12257
12257
12257
12257
12257
12257
12257
12257
12257
12257
12257
12257
12252
12252
12252
12252
12257
12257
12257
12257
12257
12257
12109
11807
11807
11802
11955
11955
11955
12109
11955
11950
12104
12104
12104
12104
12104
12104
12104
12104
12104
12257
12257
12257
12257
12257
12257
12252
12252
12252
12252
12104
12257
12257
12257
12257
12257
12257
12257
12257
12257
12257
12257
12257
12415
11960
11807
11807
11960
11955
11955
11955
12109
11955
12109
12109
12109
12104
12104
12257
12257
12104
12104
12104
12104
12257
12257
12257
12104
12257
12257
12257
12257
12257
12257
12257
12104
12104
12257
12257
12257
12257
12257
12257
12748
12748
12595
12589
12584
12431
12277
12272
12272
12267
12267
12267
12415
12262
12262
12262
12262
12262
12262
12410
12262
12257
12257
12257
12257
12257
12257
12257
12257
12257
12257
12410
12410
12410
12257
12257
12410
12410
12410
12410
12410
12257
12410
12410
12415
12420
12574
12426
11356
10593
10747
10896
11203
11352
11505
11654
11352
11198
11347
11500
11654
11802
11802
11955
11955
12109
12109
12262
12257
12257
12410
12257
12257
12410
12410
12410
12410
12563
12563
12410
12410
12410
12563
12558
12558
12558
12558
12410
12410
12563
12563
12568
12722
12727
12272
11049
11352
11505
11659
11807
11807
11955
12109
11955
12109
12109
12257
12257
12257
12410
12410
12257
12257
12257
12410
12410
12410
12410
12410
12410
12410
12410
12410
12410
12563
12563
12563
12563
12410
12410
12410
12410
12410
12563
12563
12563
12563
12410
12568
12568
12574
12727
12727
12727
12727
11812
11505
11659
11812
11807
11960
12109
12109
12109
12262
