2005
2466
3235
4003
4617
5231
5690
6302
6764
6766
7071
7375
7683
7987
8290
8444
8594
8594
8747
8901
9051
9204
9204
9357
9511
9357
9507
9507
9818
9971
10129
9979
9212
9212
9365
9361
9515
9515
9664
9664
9511
9511
9664
9664
9664
9818
9814
9814
9814
9814
9967
10124
10282
10436
10589
9826
9216
9365
9365
9519
9515
9668
9668
9664
9664
9664
9664
9664
9818
9818
9814
9814
9814
9814
9971
10278
10282
10286
10286
10286
9984
9369
8758
8908
9062
9058
9212
9361
9361
9515
9515
9208
9361
9511
9511
9511
9664
9664
9660
9971
9515
9515
9664
9664
9664
9818
9818
9814
9814
9660
9660
9814
9814
9814
9814
9814
9814
9967
9814
9814
10120
10278
10431
10436
10440
10440
10137
9377
9531
9838
10146
10299
10453
10760
10760
10914
11068
11068
11222
11375
11375
11375
11375
11529
11529
11683
11683
11683
11683
11683
11683
11683
11837
11837
11683
11837
11837
11837
11837
11837
11837
13659
13659
13659
13659
13659
13659
13659
13659
13659
13659
13659
13659
13659
13659
13659
13659
13659
13659
13659
13659
13659
13659
13659
13659
13659
13659
13659
13659
13659
13659
13659
13659
13659
13659
13659
13659
13659
13659
13659
13659
13659
13659
13659
13659
13659
13664
13659
13664
13664
13659
13659
13659
13659
13511
13511
13664
13664
13664
13664
13664
13664
13664
13659
13659
13664
13659
13664
13664
13664
13659
13664
13664
13659
13659
13659
13659
13659
13664
13664
13664
13664
13659
13659
13659
13659
13659
13659
13659
13659
13664
13664
13664
13659
13659
13659
13659
13659
13659
13659
13659
13659
13664
13664
13664
13664
13659
13659
13659
13659
13659
13659
13664
13664
13664
13659
13209
13056
13056
13056
13056
12754
12754
12754
12907
12907
12907
12600
12446
12600
12600
12754
12293
12446
12600
12754
12902
12902
12902
13056
13056
13209
13209
13209
13209
13363
13363
13363
13363
13363
13363
13357
13363
13363
13363
13363
13363
13516
13516
13516
13516
13516
13516
13516
13516
13516
13516
13516
13516
13516
13516
13516
13516
13516
13516
13516
13516
13516
13516
13516
13516
13516
13516
13516
13516
13516
13516
13516
13516
13516
13516
13516
13516
13516
13516
13516
13516
13516
13516
13516
13516
13516
13516
13511
13511
13511
13511
13511
13511
13511
13511
13511
13511
13511
13511
13511
13511
13511
13511
13511
13511
13511
13511
13511
13511
13664
13511
13511
13511
13511
13511
13511
13664
10629
10629
10629
10629
10629
10629
10629
10629
10629
10629
10629
10629
10629
10475
10475
10475
10475
10475
10475
10475
10629
10629
10629
10629
10629
10475
10475
10475
10475
10475
10475
10475
10475
10629
10629
10629
10629
10629
10475
10475
10475
10475
10475
10475
10475
10629
10629
10629
10629
10629
10629
10475
10475
10475
10475
10475
10475
10475
10629
10629
10629
10629
10629
10629
10629
10475
10475
10475
10475
10475
10475
10629
10629
10629
10629
10629
10629
10629
10475
10475
10475
10475
10475
10475
10475
10475
10629
10629
10629
10629
10629
10629
10475
10475
10475
10475
10475
10475
10475
10475
10475
10475
10629
10629
10629
10629
10629
10475
10475
10475
10475
10475
10475
10629
10629
10629
10629
10629
10629
10629
10629
10475
10475
10475
10475
10475
10475
10475
10629
10629
10629
10629
10629
10629
10629
10629
10475
10475
10475
10475
10475
10475
10475
10475
10629
10629
10629
10629
10629
10629
10629
10321
10475
10475
10475
10475
10475
10475
10475
10629
10629
10629
10629
10629
10629
10629
10475
10475
10475
10475
10475
10475
10475
10629
10629
10629
10629
10629
10629
10629
10629
10629
10475
10475
10475
10475
10475
10475
10475
10475
10475
10475
10629
10629
10629
10629
10629
10475
10475
10475
10475
10475
10475
10475
10629
10629
10629
10629
10629
10629
10629
10629
10629
10475
10321
10475
10475
10475
10475
10475
10475
10475
10629
10629
10629
10629
10629
10629
10629
10629
10475
10475
10475
10475
10475
10475
10629
10629
10629
10629
10629
10629
10629
10629
10629
10629
10475
10475
10475
10475
10475
10475
10475
10475
10475
10629
10629
10629
10629
10629
10629
10629
10629
10475
10475
10475
10475
10475
10475
10475
10629
10629
10629
10629
10629
10629
10629
10629
10629
10629
10475
10475
10475
10475
10475
10475
10475
10475
10475
10629
10629
10629
10629
10629
10629
10629
10629
10629
