1853
2623
3546
4621
5543
6308
6461
7074
7686
8297
8755
9212
9515
9822
10124
10431
10734
10887
10282
10436
10585
10891
11040
11194
11347
11342
11496
11649
11649
11802
11955
11950
11950
12104
12104
12104
12104
12104
12104
12257
12257
12257
12257
12257
12257
12257
12257
12410
12410
12257
12257
12257
12410
12410
12410
12410
12410
12410
12410
12563
12568
12568
12267
11812
11960
12114
12114
12114
12262
12262
12262
12262
12262
12262
12257
12410
12410
12410
12410
12410
12410
12410
12410
12410
12410
12410
12410
12410
12410
12410
12410
12410
12410
12410
12410
12410
12410
12410
12410
12410
12410
12410
12410
12563
12568
12114
12114
12114
12109
12262
12262
12262
12257
12104
12257
12257
12257
12257
12257
12410
12410
12257
12257
12257
12257
12410
12410
12410
12257
12257
12410
12410
12410
12410
12405
12405
