2315
2930
4006
5083
5848
6615
6766
7532
7990
8448
8905
9365
9668
9975
10278
10431
10734
10887
10887
11036
11189
11342
11654
11659
11198
11352
11505
11500
11654
11654
11654
11649
11802
11802
11802
11955
11802
11955
11955
11955
11950
11950
11950
11950
11950
12104
12104
12104
12104
12104
12104
12104
12104
12104
12104
11950
12104
12104
12262
12262
12420
12420
11505
11505
11659
11654
11807
11807
11807
11802
11955
11955
11955
11955
12109
12104
11955
11950
12104
12104
12104
12104
12104
12104
12104
12104
12104
12104
12104
12104
12104
12104
12104
12104
12104
12104
12257
11654
11654
11654
11802
11802
11802
11955
11955
11950
11950
11950
11950
11950
12104
12104
12104
12104
12104
12104
12104
12104
12104
12104
12104
12104
12104
12104
12104
12104
12104
12104
12104
12104
12104
12104
12104
12262
12415
11812
13352
13352
13352
13505
13505
13505
13505
13659
13659
13653
13659
13659
13653
13653
13653
13659
13659
13659
13812
13806
13659
13806
13806
13806
13806
13653
13653
13812
13812
13812
13653
13647
13494
13335
13335
13329
13176
13176
13023
13017
13017
13017
13017
12864
12859
12859
12859
12859
12859
12706
12859
12859
12859
12859
12859
12859
12706
12706
12706
12706
12706
12706
12706
12706
12706
12706
12706
12864
13017
12415
12410
12410
12410
12563
12558
12558
12405
12405
12558
12558
12553
12553
12553
12553
12553
12553
12706
12706
12706
12706
12706
12706
12706
12706
12706
12706
12706
12706
12706
12706
12706
12706
12706
12706
12706
12706
12706
12711
12864
13023
13023
13176
12568
11960
12109
12109
12109
12257
12257
12410
12410
12405
12558
12558
12558
12558
12558
12553
10457
10457
10611
10611
10765
10765
10765
10765
10765
10765
10919
10919
10914
10760
10760
10756
10752
10752
10747
10747
10593
10589
10589
10589
10589
10585
10585
10585
10585
10585
10585
10585
10580
10580
10580
10580
10580
10580
10580
10580
10580
10580
10580
10580
10580
10580
10580
10580
10580
10580
10580
10580
10585
10585
10743
10743
10747
10743
10743
10133
9216
9369
9672
9826
9975
9975
10129
10124
10129
9975
10124
10124
10278
10278
10431
10431
10427
10431
10427
10427
10427
10427
10580
10580
10580
10427
10580
10580
10580
10580
10580
10580
10580
10580
10580
10580
10585
10589
10743
10747
10747
10743
10743
9826
8912
8758
9062
9216
9519
9672
9672
9822
9975
9975
9975
10129
10124
10278
10278
10431
10431
10431
10431
10431
10431
10431
10431
10585
10585
10585
10580
10580
10431
10580
10580
10580
10580
10580
10580
10580
10585
10585
10133
10129
10282
10282
10431
10431
10431
10431
10431
10585
10431
10431
10431
10580
10580
10580
10580
10580
10580
10580
10580
10580
10580
10580
10580
10580
10580
10734
10734
11529
11529
11683
11985
12139
11985
11837
11837
12139
12293
12446
11837
11985
12139
12293
12441
12441
12595
12595
12748
12902
12902
12902
13056
13050
13050
13050
13050
13050
13056
13204
13204
13056
13204
13050
12891
12886
12732
12732
12574
12574
12574
12568
12568
12568
12415
12415
12410
12410
12410
12410
12410
12257
12257
12257
12257
12257
12257
12257
12257
12257
12257
12257
12257
12257
12257
12257
12257
12252
12252
12252
12252
12099
12252
12257
12257
12410
12415
12568
11812
11659
11807
11807
11807
11955
11955
11955
11802
11955
11955
11950
12104
12104
12104
12104
12104
12104
12104
12104
12104
12257
12257
12104
12104
12257
12257
12257
12257
12257
12104
12104
12104
12257
12257
12257
12257
12257
12104
12104
12104
12104
12257
12262
12415
12574
11505
11505
11659
11654
11807
11807
11802
11955
11955
