8027
8178
8486
8637
8945
9100
9250
9404
9558
9558
9709
9709
9863
9404
8945
8483
8023
7409
7564
7869
8178
8486
8637
8945
9100
9250
9250
9404
9558
9713
9558
9250
8791
8332
7718
7103
7409
7718
8023
8332
8486
8791
8945
9100
9250
9404
9558
9558
9558
9250
8791
8178
7564
7103
6643
6795
7258
7564
7872
8178
8486
8637
8791
9100
9254
9404
9404
9558
9404
9100
8637
8178
7718
8023
8332
8483
8791
8945
9096
9250
9404
9558
9554
9709
9709
9863
9558
8942
8483
7869
7255
6795
6488
6949
7409
7718
8023
8332
8483
8791
8945
9100
9250
9404
9558
9558
9558
9250
8791
8023
7564
6949
6949
7255
7718
8023
8178
8486
8637
8945
9100
9250
9404
9558
9558
9713
9558
9250
8791
8178
7564
6949
7258
7718
8023
8332
8486
8791
8945
9100
9250
9404
9558
9558
9713
9713
9713
9254
8637
8023
7564
7564
7869
8178
8486
8791
8945
9100
9250
9404
9558
9558
9713
9713
9863
9713
9558
9250
8791
8945
9096
9250
9404
9558
9713
9709
9863
10017
10017
10017
10017
10171
10171
10171
9863
9250
9100
9250
9404
9558
9558
9709
9709
9863
9863
10017
10017
10017
10017
10017
10171
9863
9709
9096
8483
7869
7564
7869
8178
8483
8637
8945
9100
9250
9404
9558
9558
9713
9709
9863
9863
9863
9558
9100
8332
7718
7258
6643
6334
6643
6949
7409
7718
8023
8332
8486
8791
8945
9100
9250
9404
9558
9558
9713
9558
9100
8637
8332
8023
7409
7564
7872
8178
8486
8637
8791
9100
9254
9404
9558
9558
9713
9713
9863
9863
9863
9713
9558
9250
9100
9250
9404
9558
9558
9713
9713
9863
9863
10017
10017
10017
10017
10171
10171
10171
10017
9713
8945
8178
7564
7103
6643
6179
6179
6643
7103
7409
7718
8023
8332
8637
8942
9088
9239
9389
9535
9684
9834
9834
9988
9680
8758
8912
9062
9212
9365
9515
9668
9822
9979
9984
10133
10133
10133
10282
10282
10278
10278
10124
9515
9212
9212
9361
9515
9664
9818
9818
9967
9967
10124
10282
10282
10286
10282
10436
10431
10431
10124
9357
9511
9664
9822
9979
9979
9975
10129
10129
10278
10278
10278
10278
10427
10431
10436
10436
10440
9830
9062
9062
9212
9365
9515
9668
9822
9822
9975
10133
10137
10133
10286
10282
10282
10436
10431
10431
10124
9361
8938
9396
9705
10162
10466
10620
10316
9396
8938
9396
9859
10162
10466
10774
10316
9396
8938
9396
9854
10162
10466
10774
10466
9550
8784
9242
9705
10008
10312
10620
10774
9854
8938
9092
9550
10008
10312
10620
10774
10316
9396
8938
9396
9705
10162
10466
10774
10928
10008
9092
9092
9550
9854
10162
10466
10774
10774
9705
8938
8784
9092
9550
10008
10312
10620
10620
9700
8938
8938
9242
9700
10162
10466
10769
10769
9854
8938
8630
9242
9700
10008
10312
10616
10923
10158
9242
8479
8938
9396
9854
10162
10466
10774
10774
9854
8938
8784
9396
9705
10162
10466
10774
11077
10316
9396
8633
8938
9396
9705
10008
10466
10620
10928
10316
9396
8479
8633
9092
9550
10008
10312
10620
10928
10470
9550
8633
8784
9242
9705
10162
10466
10774
11077
10466
9550
8630
8479
8938
9550
9854
10316
10620
10928
10620
9700
8938
8479
8938
9396
9854
10162
10466
10774
11077
10312
9396
8633
8784
9242
9705
10162
10466
10774
10923
10928
10008
9092
8479
8784
9396
9705
10162
10466
10774
11077
10774
9854
8938
8479
8938
9396
9859
10162
10466
10774
11077
10620
9854
8938
