1850
2775
3697
4619
5387
6000
6615
7231
6926
7077
7535
7990
8448
8908
9212
9361
9515
9818
9971
10124
10274
10427
10580
10729
10729
10882
10882
11189
11347
11654
11198
10891
11045
11045
11194
11194
11194
11189
11189
11189
11189
11342
11342
11342
11342
11342
11189
11189
11342
11342
11496
11807
11807
11505
11049
11198
11198
11194
11347
11347
11347
11342
11189
11189
11342
11342
11342
11342
11342
11491
11491
11337
11337
11496
11802
11960
12114
11812
11198
11352
11352
11347
11347
11347
11342
11342
11496
11342
11496
11496
11496
11496
11491
11491
11491
11491
11491
11649
11802
11960
12114
12272
11970
1852
3084
4161
5235
6002
6923
7532
7686
8144
8755
9212
9515
9975
10278
10431
10585
10887
11040
11194
11342
11496
11649
11649
11797
11797
11950
11950
12104
12104
12104
12104
12257
12257
12410
12415
12568
12420
11659
11812
11960
11960
12109
12109
12109
12262
12109
12262
12257
12257
12257
12410
12410
12410
8780
9085
9393
9696
10004
9696
8780
8934
9239
9389
9692
9842
9838
9988
10137
10137
10286
10440
10436
10436
10589
10585
10585
10585
10585
10585
10734
10734
10734
10887
10734
10734
10734
10734
10734
10734
10734
10734
10734
10734
10734
10734
10734
10738
10282
10282
10431
10431
10431
10585
10585
10585
10580
10580
10580
10580
10580
10734
10580
10580
10734
10734
10734
10734
10734
10734
10734
10734
10734
10734
10734
10734
10580
10580
10734
10734
10734
10729
10729
10734
9975
9975
10124
10278
10278
10431
10427
10274
10278
10274
10427
10427
10427
10580
10580
10580
10580
10580
10580
10580
10734
10734
10734
10580
10734
10734
10734
10734
10734
10734
10734
10580
10580
10734
10734
10734
10734
10891
10896
10286
10282
10436
10436
10431
10585
10585
10738
10585
10585
10585
10734
10734
10734
10734
10734
10734
10734
10734
10734
10887
10887
10887
10887
10734
12595
12748
12743
12897
12897
12595
12743
12743
12897
12897
12595
12748
12897
12897
13050
12743
12584
12584
12579
12727
12727
12568
12722
12722
12716
12716
12716
12711
12711
12711
12711
12711
12711
12711
12711
12711
12706
12706
12706
12706
12706
12706
12706
12706
12706
12706
12706
12706
12706
12706
12706
12706
11955
11955
12104
12104
12257
12252
12405
12252
12405
12405
12405
12405
12558
12558
12553
12553
12553
12553
12553
12706
12553
12553
12553
12553
12706
12706
12706
12706
12706
12706
12706
12706
12706
12706
12553
12706
12706
12706
12711
12864
12870
12262
12109
12109
12257
12257
12257
12410
12410
12104
12257
12252
12405
12405
12405
12405
12405
12405
12405
12558
12558
12553
12553
12553
12553
12553
12553
12553
12553
12553
12706
12553
12553
12706
12706
12706
12706
12706
12706
