1859
2631
3712
4636
5405
6174
6329
6940
7554
8167
8472
8934
9239
9547
9850
10158
10308
10462
10611
10765
10919
11073
11073
11226
11222
11375
11375
11529
11529
11529
11683
11683
11529
11683
11683
11683
11683
11837
11683
11837
11837
11837
11837
11837
11837
11837
11837
11837
11837
11837
11837
11837
11837
11837
11837
11683
11683
11837
11837
11837
11837
11837
11837
11837
11837
11837
11837
11837
11837
11837
11837
11837
11837
11837
11837
11837
11837
11837
11837
11837
11837
11837
11837
11837
11837
11990
11837
11837
11837
11837
11837
11837
11837
11837
11837
11990
11990
11990
11990
11837
11837
11837
11837
11837
11837
11990
11837
11837
11837
11837
11837
11837
11837
11837
11837
11990
11990
11990
11990
12600
12600
12600
12600
12600
12600
12451
12600
12600
12600
12600
12600
12446
12600
12605
12605
12600
12600
12600
12600
12600
12600
12600
12600
12600
12605
12605
12605
12600
12600
12600
12451
12600
12600
12600
12600
12600
12605
12451
12451
12451
12451
12605
12600
12600
12451
12451
12451
12451
12605
12605
12605
12451
12451
12451
12600
12600
12600
12600
12451
12451
12605
12600
12600
12600
12600
12446
12446
12446
12446
12600
12600
12600
12446
12446
12446
12600
12600
12600
12600
12600
12446
12446
12446
12600
12600
12600
12600
12446
12446
12446
12446
12600
12605
12605
12600
12451
12451
12605
12600
12600
12600
12600
12600
12451
12451
12451
12605
12605
12600
12600
12600
12451
12451
12451
12605
12605
12605
12600
12600
12451
12451
12451
12600
12600
12600
12605
12605
12451
12451
12451
12605
12605
12600
12600
12600
12451
12451
12451
12605
12605
12605
12600
12600
12600
10629
10629
10629
10629
10629
10629
10629
10629
10629
10629
10629
10629
10475
10475
10475
10475
10475
10475
10629
10629
10629
10629
10629
10629
10629
10321
10321
10321
10167
10167
10167
10167
10167
10167
10167
10321
10167
10321
10321
10321
9863
9863
10017
10013
10167
10167
10321
10321
10321
10321
10475
10475
10475
10321
10321
10321
10475
10475
10475
10475
10475
10475
10475
10475
10475
10475
10629
10475
10475
10475
10475
10475
10629
10629
10629
10629
10629
10629
10629
10629
10629
10629
10629
10629
10629
10629
10629
10629
10629
10629
10629
10629
10629
10629
10475
10475
10475
10629
10629
10629
10629
10629
10629
10629
10629
10629
10629
10629
10475
10475
10629
10629
10629
10629
10629
10629
10629
10629
10629
10629
10629
10629
10629
10629
10629
10629
10629
10629
10629
10629
10629
10629
10629
10629
10629
10629
10629
10629
10629
10629
10629
10629
10629
10629
10629
10629
10629
10629
10629
10629
10629
10629
10475
10475
10475
10475
10629
10629
10629
10629
10629
10629
10629
10629
10629
10629
10629
10475
10475
10475
10475
10475
10475
10475
10475
10629
10629
10629
10629
10629
10629
10629
10629
10475
10475
10475
10475
10475
10475
10629
10629
10629
10629
10629
10629
10629
10629
10629
10629
10321
10475
10475
10475
10475
10475
10475
10629
10629
10629
10629
10629
10629
10629
10629
10629
10475
10475
10475
10475
10475
10475
10475
10629
10629
10629
10629
10629
10629
10629
10629
10629
10321
10475
10475
10475
10475
10475
10475
10475
10475
10475
10475
10629
10629
10629
10629
10629
10629
10475
10475
10475
10475
10475
10475
10475
10475
10629
10629
10629
10629
10629
10629
10629
10629
10629
10321
10475
10475
10475
10475
10475
10475
10629
10629
10629
10629
10629
10629
10629
10629
10629
10629
10321
10475
10475
10475
10475
10475
10475
10475
10475
10629
10629
10629
10629
10629
10629
10629
10629
13965
14119
14119
14119
14119
14119
14119
14119
14119
14119
14119
14119
14119
14119
14119
14119
14119
14119
14119
14119
14119
14119
14119
14119
14119
14119
14119
14113
14113
14113
14113
14113
14113
14119
14119
14119
14119
14119
14119
14119
14119
14119
14119
14119
14119
14119
14119
14119
14119
14119
14119
14119
13965
13965
14119
14119
14119
14119
14119
14119
14119
14119
14119
14119
14119
14119
14119
14119
14119
14119
14119
14119
14119
14119
14119
14119
13965
13965
14119
14119
14119
14119
14119
14119
14119
14119
14119
14119
14119
14119
14119
14119
14119
14119
14119
14119
14119
14119
14119
14119
14119
14119
14119
14119
14119
14119
14119
14119
13965
13965
13965
14119
14119
14119
14119
