2160
2775
3544
4311
4925
5538
5997
6456
6761
7222
7526
7830
8137
8287
8594
8747
8744
8897
9051
9357
9668
9975
9672
9062
9212
9212
9361
9515
9515
9511
9664
9511
9511
9664
9664
9660
9814
9814
9814
9814
9814
9967
10120
10278
10436
10436
9672
9519
9519
9668
9668
9668
9818
9818
9818
9664
9664
9818
9818
9814
9814
9814
9967
9814
9814
9971
10278
10436
10589
10747
9979
9219
9216
9365
9365
9519
9515
9668
9668
9664
9361
9511
9511
9664
9664
9664
9818
9814
9814
9212
9212
9212
9361
9361
9511
9511
9664
9664
9664
9511
9511
9660
9660
9660
9814
9814
9814
9814
9814
9967
10124
10431
10589
10743
10747
9988
926
2005
2930
3852
4619
5387
6000
6613
6766
7225
7683
7987
8294
8598
8751
9058
9208
9208
9361
9515
9664
9822
9975
10129
10286
9676
9216
9369
9519
9672
9826
9975
9975
10129
9975
10124
10124
10278
10278
10278
10431
10431
10431
10427
10427
10427
10427
10427
10427
10427
10427
10580
12144
12298
12451
12600
12600
11990
12298
12451
12446
12600
11990
12144
12298
12446
12600
12446
12144
12298
12446
12600
12600
11990
12144
12298
12446
12600
12600
12144
12298
12446
12600
12600
12298
12144
12293
12446
12600
12600
12144
12144
12293
12446
12600
12600
12139
12134
12129
12282
12277
12272
12272
12267
12267
12267
12262
12415
12415
12415
12415
12410
12410
12410
12410
12410
12410
12410
12410
12410
12410
12410
12563
12257
12257
12257
12257
12410
12410
12410
12257
12410
12410
12410
12410
12410
12563
12262
11960
11960
12114
12109
12109
12262
12262
12109
12104
12257
12257
12257
12257
12410
12410
12410
12410
12410
12405
12405
12405
12405
12405
12405
12410
12410
12563
12563
12563
12563
12410
12410
12410
12410
12563
12563
12563
12410
12563
12563
12563
12563
12722
12722
12727
11659
12748
12902
12897
13050
13050
12595
12748
12902
12902
13050
12441
12288
12441
12595
12748
12743
12441
12595
12743
12897
12897
12595
12743
12897
12897
12897
12743
12743
12897
12897
13050
13050
12743
12897
12897
13050
13050
12897
12743
12897
13050
13050
13050
12748
12902
12897
13050
13050
13050
12748
12748
12902
13050
13050
13050
12748
12748
12902
12897
13050
13050
12595
12748
12902
12902
13050
13050
12595
12748
12902
12897
13050
13050
12748
12748
12902
12902
13050
13050
13050
12748
12897
12897
13050
13050
13050
12748
12743
12897
13050
13050
13050
13050
12595
12743
12897
12897
13050
13050
12748
12748
12743
12897
12897
13050
13050
12595
12748
12748
12902
13050
13050
13050
12595
12748
12748
12897
13050
13050
13050
