9100
9100
9254
9404
9558
9558
9713
9713
9867
9863
10017
10017
10017
9867
9404
8791
8178
7564
6949
6949
7258
7718
8027
8332
8486
8791
8945
9100
9250
9404
9558
9558
9100
8791
8178
7718
7103
6795
7103
7564
7872
8178
8486
8637
8945
9100
9250
9404
9558
9713
9558
9250
8791
8023
8332
8641
8791
8945
9100
9250
9404
9558
9558
9713
9713
9863
9863
9404
8945
8483
8178
7718
8023
8332
8483
8791
8945
9096
9250
9404
9558
9558
9709
9709
9863
9863
9558
8945
8178
8332
8483
8791
8945
9096
9250
9404
9558
9554
9709
9709
9863
9863
10017
9863
9404
8791
8791
8942
9096
9250
9404
9558
9558
9713
9863
9863
9863
10017
10017
10017
9713
9404
8945
8332
8332
8637
8791
8945
9096
9250
9404
9558
9558
9713
9867
9863
9863
10017
9713
9100
8791
8023
7564
6949
6488
6643
6949
7409
7718
8023
8332
8637
8791
8945
9100
9250
9404
9558
9558
9558
9250
8791
8332
7872
7564
7872
8178
8332
8641
8791
8945
9254
9250
9404
9558
9713
9713
9713
9863
9867
9713
9100
8486
8637
8791
8945
9100
9250
9404
9558
9558
9713
9867
9863
9863
10017
10017
10017
9558
9100
8637
8178
7564
7103
6488
6643
6949
7409
7718
8023
8332
8483
8791
8945
9096
9250
9404
9558
9558
9709
9709
9404
8791
8178
7718
7103
6640
6179
6640
7103
7409
7872
8023
8332
8637
8791
8945
9100
9250
9404
9558
9558
9713
9558
9250
8791
8486
8023
7409
7718
8023
8332
8637
8791
8945
9100
9250
9404
9558
9558
9713
9709
9709
9709
9863
9863
9863
9713
9404
9100
9250
9404
9404
9558
9709
9709
9863
9863
9863
10017
10017
10017
10171
10171
10171
10171
9709
9096
8483
8023
7406
6789
6940
7243
7699
8003
8308
8612
8766
9073
9227
9381
9531
9680
9834
9830
9979
10133
9822
9062
8605
8755
8905
9058
9361
9515
9515
9664
9818
9975
9979
10137
10133
10282
10282
10282
10278
9971
9357
9511
9668
9826
9826
9979
9975
10129
10124
10124
10278
10278
10274
10427
10431
10436
10440
10440
9672
9515
9668
9668
9818
9971
9971
10129
10129
10286
10286
10282
10436
10431
10431
10431
10431
10427
9971
9212
9361
9515
9664
9664
9818
9967
9967
10120
10120
10278
10282
10286
10440
10440
10440
10436
10436
9515
8747
