1860
2478
3559
4484
5252
6022
6174
6789
7249
7862
8167
8626
8780
9088
9393
9696
9850
10004
10154
10308
10462
10462
10462
10462
10616
10611
10611
10611
10765
10611
10765
10765
10765
10765
10765
10765
10765
10765
10765
10765
10765
10765
10765
10765
10765
10919
10919
10919
10765
10919
10919
10919
10919
10919
10919
10765
10765
10919
10919
10919
10919
10919
10765
10765
10765
10765
10765
10919
10919
10919
10919
10919
10919
10919
10919
10765
10765
10765
10919
10919
10919
10919
10919
10919
10919
10919
10919
10919
10919
10919
10919
10919
10919
10919
10919
10919
10919
10765
10765
10919
10919
10919
10919
10919
10919
10919
10919
10919
10919
10919
10919
10919
10919
10919
10919
10919
10919
10919
10919
10919
10765
10919
10919
10919
10919
10919
10919
10919
10765
10765
10765
10919
10919
10919
10919
10919
13516
13516
13516
13516
13516
13363
13363
13363
13516
13516
13363
13363
13516
13516
13516
13363
13516
13516
13516
13516
13516
13516
13516
13516
13516
13363
13363
13363
13363
13363
13516
13363
13363
13516
13516
13516
13516
13516
13511
13511
13511
13511
13363
13516
13516
13511
13511
13363
13511
13511
13511
13511
13511
13516
13516
13511
13511
13511
13511
13511
13511
13511
13511
13511
13511
13516
13516
13511
13511
13511
13511
13363
13357
13357
13511
13516
13511
13363
13516
13511
13511
13511
13511
13363
13363
13516
13516
13516
13516
13516
13363
13516
13516
13516
13516
13516
13516
13516
13516
13516
13516
13516
13516
13363
13363
13363
13516
13516
13516
13516
13516
13516
13516
13516
13516
13516
10769
11077
11226
11534
11688
11837
11837
11990
11990
12144
12144
12298
12144
12298
12298
12298
12446
12446
12293
12293
12293
12451
12451
12451
12446
12451
12451
12451
12451
12446
12446
12451
12451
12451
12451
12605
12605
12600
12451
12451
12451
12451
12451
12605
12605
12451
12451
12451
12605
12605
12600
12600
12451
12451
12451
12605
12605
12605
12605
12451
12451
12451
12605
12600
12605
12605
12451
12451
12451
12605
12605
12605
12600
12451
12451
12451
12451
12605
12605
12600
12600
12451
12451
12446
12446
12446
12600
12600
12446
12446
12600
12600
12600
12600
12600
12600
12446
12446
12446
12600
12600
12600
12600
12600
12446
12446
12446
12446
12600
12605
12600
12600
12451
12451
12605
12600
12600
12600
12600
12600
12451
12446
12600
12600
12600
12600
12600
12600
12446
12446
12446
12600
12600
12600
12600
12600
12446
12446
12446
12446
12600
12600
12605
12600
12600
10475
10629
10629
10629
10629
10629
10629
10629
10629
10629
10629
10629
10629
10475
10475
10475
10475
10475
10629
10629
10629
10629
10629
10629
10629
10475
10475
10475
10475
10475
10475
10629
10629
10629
10629
10629
10629
10629
10475
10475
10475
10475
10475
10475
10475
10629
10629
10629
10629
10629
10629
10475
10475
10475
10475
10475
10475
10629
10629
10629
10629
10629
10629
10629
10475
10475
10475
10475
10475
10475
10475
10629
10629
10629
10629
10629
10629
10629
10475
10475
10475
10475
10475
10475
10475
10475
10475
10629
10629
10629
10629
10629
10475
10475
10475
10475
10475
10475
10475
10475
10629
10629
10629
10629
10629
10629
10475
10475
10475
10475
10475
10475
10475
10629
10629
10629
10629
10629
10629
10629
10629
10475
10475
10475
10475
10475
10475
10629
10629
10629
10629
10629
10629
10629
10629
10475
10475
10475
10475
10475
10475
10475
10475
10475
10629
10629
10629
10629
10629
10629
10475
10321
10321
10321
10475
10475
10475
10475
10475
10475
10475
10629
10629
10629
10629
10629
10321
10321
10475
10475
10475
10475
10475
10475
10475
10475
10475
10629
10629
10629
10629
10475
10321
10475
10475
10475
10475
10475
10475
10475
10629
10629
10629
10629
10629
10629
10629
10321
10475
10475
10475
10475
10475
10475
10629
10629
10629
10629
10629
10629
10629
10629
10629
10475
10475
10475
10475
10475
10475
10475
10475
10629
10629
10629
10629
10629
10629
10629
10629
10629
10321
10475
10475
10475
10475
10475
10475
10475
10475
10475
10629
10629
10629
10629
10629
10629
10321
10475
10475
10475
10475
10475
10475
10475
10475
10475
10475
10629
10629
10629
10629
10629
10629
10475
10475
10475
10475
10475
10475
10475
10629
10629
10629
10629
10629
10629
10629
10629
10629
10629
10321
10475
10475
10475
10475
10475
10475
10475
10629
10629
10629
10629
10629
10629
10629
10629
10629
10629
