2153
2920
3841
4915
5680
6755
7523
7830
7983
8440
8901
9204
9507
9814
9963
10269
10423
10269
10423
10571
10725
11184
11496
11649
11194
11040
11189
11189
11342
11342
11491
11491
11491
11644
11337
11491
11491
11491
11797
11950
12262
11659
616
1694
2925
4155
5231
6308
6920
6613
7071
7683
8140
8598
8901
9357
9507
9814
10116
10269
10269
10729
11036
11347
11654
11807
11198
10891
11040
11040
11189
11189
11337
11337
11491
11491
11486
11491
11797
11950
12262
12415
12574
11812
11198
11352
11347
11347
11496
11496
11491
11491
11644
11639
11639
11639
11792
11950
12257
12415
12415
12415
11500
11040
11036
11189
11184
11337
11337
11486
11486
11486
11486
11639
11189
11189
11184
11337
11337
11486
11486
11486
11486
11639
11634
11634
11634
11634
11945
12104
12257
12410
12410
12109
11342
11342
11491
11491
11491
11639
11639
11639
11639
11639
11639
11792
1080
2005
3236
4311
5231
5997
6761
7372
7983
8440
8594
9051
9353
9660
9963
10269
10418
10725
10878
11184
10734
10882
11036
11036
11189
11337
11491
11491
11639
11639
11792
11639
11639
11792
11787
11940
11940
11940
11940
12252
11950
