1859
2786
3867
4791
5716
6483
6943
7712
8325
8938
9396
9854
10158
10620
10923
11231
11380
11534
11841
11990
12144
12144
12293
12446
12600
12600
12754
12754
12754
12907
12902
12902
12902
12902
13056
13056
13056
13056
13056
13056
13056
13209
13209
13056
13056
13056
13209
13209
13209
13056
13209
13209
13209
13209
13209
13209
13209
13209
13209
13209
13209
13209
13209
13209
13209
13209
13209
13209
13209
13209
13209
13209
13209
13209
13209
13209
13209
13209
13209
13209
13209
13209
13209
13209
13363
13209
13209
13209
13209
13209
13209
13209
13209
13209
13209
13209
13209
13209
13209
13209
13209
13209
13209
13209
13209
12907
13056
13056
13056
13056
13209
13209
13056
13056
13209
13209
13209
13209
13209
10475
10475
10475
10629
10629
10629
10629
10629
10629
10629
10629
10629
10475
10475
10475
10475
10475
10629
10629
10629
10629
10629
10629
10629
10629
10475
10475
10475
10475
10475
10475
10475
10475
10629
10629
10629
10629
10629
10475
10475
10475
10475
10475
10475
10475
10475
10475
10629
10629
10629
10629
10475
10475
10475
10475
10475
10475
10475
10475
10475
10629
10629
10629
10629
10475
10475
10475
10475
10475
10475
10475
10475
10629
10629
10629
10629
10629
10629
10321
10475
10475
10475
10475
10475
10475
10475
10475
10475
10475
10475
10475
10475
10321
10475
10475
10475
10475
10475
10475
10475
10475
10475
10629
10629
10629
10629
10321
10475
10475
10475
10475
10475
10475
10475
10475
10629
10629
10629
10629
10629
10629
10321
10475
10475
10475
10475
10475
10475
10475
10475
10629
10629
10629
10629
10629
10475
10475
10475
10475
10475
10475
10475
10475
10475
10629
10629
10629
10629
10629
10629
10475
10475
10475
10475
10475
10475
10475
10475
10475
10629
10629
10629
10629
10629
10629
10629
10321
10321
10321
10321
10475
10475
10475
10475
10475
10475
10475
10475
10629
10629
10629
10321
10475
10475
10475
10475
10475
10475
10475
10629
10629
10629
10629
10629
10629
10629
10629
10321
10475
10475
10475
10475
10475
10475
10475
10629
10629
10629
10629
10629
10629
10629
10629
10321
10475
10475
10475
10475
10475
10475
10475
10629
10629
10629
10629
10629
10629
10629
10629
10629
10321
10475
10475
10475
10475
10475
10475
10475
10475
10629
10629
10629
10629
10629
10629
10629
10321
10321
10475
10475
10475
10475
10475
10475
10475
10475
10475
10475
10475
10629
10629
10629
10629
10321
10475
10475
10475
10475
10475
10475
10475
10475
10629
10629
10629
10629
10629
10629
10629
10629
10321
10321
10475
10475
10475
10475
10475
10475
10475
10475
10475
10629
10629
10629
10629
10629
10629
10629
12600
12600
12600
12600
12600
12600
12446
12446
12605
12605
12605
12605
12451
12451
12605
12605
12600
12600
12451
12451
12451
12605
12605
12605
12605
12451
12451
12451
12451
12605
12605
12451
12451
12451
12605
12600
12600
12600
12451
12446
12446
12451
12451
12600
12600
12451
12446
12446
12600
12600
12600
12600
12446
12451
12446
12600
12600
12600
12600
12451
12451
12451
12451
12605
12605
12605
12451
12451
12451
12605
12605
12605
12600
12451
12451
12451
12605
12605
12605
12605
12605
12451
12451
12451
12451
12605
12605
12605
12451
12451
12451
12605
12605
12605
12605
12605
12451
12451
12451
12451
12605
12600
12600
12600
12451
12451
12446
12451
12605
12600
12600
12600
12451
12446
12446
12446
12446
12600
12600
12600
12451
12451
12451
12605
12600
12600
12600
12600
12451
12451
12451
12451
12451
12605
12605
12605
12451
12451
12451
12451
12605
12605
12605
12605
12605
