2159
3083
4159
5079
5844
6610
7222
7680
7983
8594
8897
9357
9660
9963
10269
617
1695
3082
4313
5389
6310
6154
6459
7071
7683
8294
8751
9208
9511
9664
9967
10120
10423
10576
10878
11031
11184
11180
11333
11491
11797
12109
12262
11960
11500
11654
11649
11649
11797
11797
11797
11950
11797
11945
11945
11945
11945
11945
12099
12093
11940
11940
12099
12405
12563
12716
12722
11654
11500
11649
11649
11802
11797
11797
11950
11950
11797
11792
11945
11945
11945
11945
11945
11945
11945
11945
12099
12257
12563
12716
12875
12420
11352
11352
11500
11654
11649
11649
11802
11797
11797
11797
11950
11945
11945
11945
11945
11945
12099
12099
11945
12099
12405
12563
12716
12875
12722
12262
11955
11955
12109
12104
12104
12104
12104
12099
12099
12099
12099
12099
12099
12099
12093
12093
12093
12093
12247
465
1548
2785
4173
5405
6326
7095
6940
7554
8318
9085
9696
10154
10611
10919
11375
11683
11985
12293
12441
12748
10629
10629
10629
10629
10629
10629
10629
10629
10629
10629
10629
10629
10475
10475
10475
10475
10475
10475
10629
10629
10629
10629
10629
10629
10629
10475
10475
10475
10475
10475
10475
10475
10629
10629
10629
10629
10629
10629
10475
10475
10475
10475
10475
10475
10475
10629
10629
10629
10629
10629
10629
10475
10475
10475
10475
10475
10475
10629
10629
10629
10629
10629
10629
10629
10475
10475
10475
10475
10475
10475
10629
10629
10629
10629
10629
10629
10629
10629
10321
10475
10475
10475
10475
10475
10475
10475
10475
10475
10475
10475
10629
10629
10475
10475
10475
10475
10475
10475
10475
10475
10629
10629
10475
10475
10475
10475
10475
10017
10017
10017
10017
10017
10017
10171
10171
10171
10167
10167
10321
10321
10321
10321
10321
10013
9863
10017
10013
10167
10167
10321
10321
10321
10321
10475
10475
10475
10475
10475
10321
10321
10321
10475
10475
10475
10475
10475
10475
10475
10629
10629
10629
10629
10629
10475
10475
10475
10629
10629
10629
10629
10629
10629
10629
10629
10629
10629
10629
10629
10475
10475
10475
10475
10475
10475
10475
10475
10629
10475
10629
10629
10629
10629
10629
10629
10475
10475
10475
10475
10475
10475
10475
10629
10629
10629
10629
10629
10629
10629
10629
10629
10475
10475
10475
10475
10475
10475
10629
10629
10629
10629
10629
10629
10629
10629
10629
10629
10475
10475
10475
10475
10475
10475
10475
10475
10629
10629
10629
10629
10629
10629
10629
10629
10321
10475
10475
10475
10475
10475
10475
10629
10629
10629
10629
10629
10629
10629
10629
10629
10629
10321
10475
10475
10475
10475
10475
10475
10475
10475
10629
10629
10629
10629
10629
10629
10629
10629
10321
10321
10475
10475
10475
10475
10475
10475
10475
10629
10629
10629
10629
10629
10629
10629
10629
10321
10475
10475
10475
10475
10475
10475
10475
10475
10629
10629
10629
10629
10629
10629
10629
10629
