2003
2618
3541
4307
5075
5841
6764
7532
7840
7225
7529
7987
8294
8444
8747
9054
9204
9357
9511
8905
9054
9361
9511
9664
9660
9814
9967
9967
9967
9814
10120
10427
10738
10891
11198
11045
10129
9365
9361
9515
9664
9818
9818
9967
9967
10120
10431
10129
10129
10124
10124
10278
10274
10274
10427
10427
10423
10423
10423
10580
10887
11045
11198
11352
11352
10891
10282
10278
10431
10431
10427
10427
10427
10427
10580
10580
10580
10278
10278
10278
10427
10427
10427
10427
10576
10576
10576
10576
10423
10576
10887
11194
11352
11352
11198
11194
10887
10124
9515
9664
9664
9818
9967
9967
10120
10274
10585
10891
10436
10129
10129
10124
10278
10278
10427
10427
10427
10427
10427
10576
6607
6914
7372
7676
8137
8440
8594
8897
9051
9357
9818
9515
9212
9361
9511
9664
9818
9814
9967
9967
10120
10116
10269
10269
10274
10580
10891
11045
11198
11198
11045
11040
11040
10585
9664
9054
9208
9357
9511
9664
9814
10124
10431
10738
10896
10440
9826
9826
9975
9975
10124
10124
10278
10274
10274
10427
10427
10427
10427
9975
10124
10124
10124
10124
10274
10274
10274
10427
10423
10423
10423
10423
10423
10576
10882
11040
11347
11505
11505
11352
11347
11194
10580
9818
9511
9664
9664
9814
9967
9967
10120
10274
10580
10891
11045
10440
10475
10475
10629
10629
10629
10629
10629
10629
10629
10629
10629
10629
10475
10475
10475
10475
10475
10475
10629
10629
10629
10629
10629
10629
10629
10475
10475
10475
10475
10475
10475
10629
10629
10629
10629
10629
10629
10629
10321
10475
10475
10475
10475
10475
10475
10475
10629
10629
10629
10629
10629
10475
10475
10475
10475
10475
10475
10475
10629
10629
10629
10629
10629
10629
10475
10475
10475
10475
10475
10475
10475
10629
10629
10629
10629
10629
10629
10629
10475
10475
10475
10475
10475
10475
10475
10475
10475
10629
10629
10629
10629
10629
10321
10475
10475
10475
10475
10475
10475
10475
10475
10475
10629
10629
10629
10629
10321
10475
10475
10475
10475
10475
10475
10475
10629
10629
10629
10629
10629
10629
10629
10475
10475
10475
10475
10475
10475
10475
10629
10629
10629
10629
10629
10629
10629
10475
10475
10475
10475
10475
10475
10475
10475
10629
10629
10629
10629
10629
10629
10629
10475
10475
10475
10475
10475
10475
10475
10475
10629
10629
10629
10629
10629
10629
10629
10629
10475
10475
10475
10475
10475
10475
10475
10475
10475
10629
10629
10629
10629
10629
10629
10475
10475
10475
10475
10475
10475
10475
10475
10475
10629
10629
10629
10629
10629
10629
10629
10475
10475
10475
10475
10475
10475
10475
10629
10629
10629
10629
10629
10629
10629
10629
10629
10321
10475
10475
10475
10475
10475
10475
10629
10629
10629
10629
10629
10629
10629
10629
10629
10321
10475
10475
10475
10475
10475
10475
10475
10475
10629
10629
10629
10629
10629
10629
10629
10629
10321
10475
10475
10475
10475
10475
10475
10475
10629
10629
10629
10629
10629
10629
10629
10629
10629
10321
10475
10475
10475
10475
10475
10475
10475
10475
10629
10629
10629
10629
10629
10629
10629
10629
10321
10475
10475
10475
10475
10475
10475
10629
10629
10629
10629
10629
10629
10629
10629
10629
10629
10475
13659
13659
13659
13659
13659
13659
13659
13659
13659
13659
13659
13659
13659
13659
13659
13659
13659
13659
13659
13812
13659
13659
13659
13659
13659
13659
13664
13664
13659
13812
13659
13659
13659
13659
13659
13659
13659
13659
13659
13812
13812
13664
13659
13659
13659
13659
13659
13659
13664
13664
13664
13664
13664
13664
13664
13664
13664
13659
13664
13664
13664
13664
13664
13664
13664
13664
13659
13659
13659
13659
13659
13664
13664
13664
13659
13659
13664
13664
13511
13357
13050
12897
12897
12595
12595
12595
12441
12441
12441
12441
12441
12134
12288
12139
12288
12441
12441
12441
11832
11985
12134
12441
12595
12743
12743
12441
12595
12743
12897
13050
13050
13050
13050
13050
13204
13357
13352
13505
13516
13516
13516
13516
13516
13516
13516
13516
13516
13670
13516
13516
13516
13516
13516
13516
13516
13516
13516
13516
13516
13516
13516
13516
13516
13516
13516
13516
13516
13516
13516
13516
13516
13516
13516
13670
13516
13516
13516
13516
13516
13516
13516
13516
13516
13670
13670
13516
13516
13516
13516
13670
13670
13516
13670
13670
13670
13670
13516
13516
13516
13516
13516
13516
13516
13516
13516
13516
13664
13664
13516
13511
13511
13511
13516
13511
13516
13511
13511
13511
13511
13511
13511
13511
13511
13516
13670
13670
13664
13516
13516
13516
13516
13516
13516
13516
13516
13516
13516
13516
13516
13670
13516
13516
13516
13516
13516
13516
13516
13516
13516
13516
13516
13516
13516
