2622
3083
3851
4619
5233
5844
6305
6610
6761
7222
7526
7833
8137
8290
8440
8747
8747
8897
9051
9204
9357
9664
9668
463
1235
2160
3237
4161
4931
5545
6007
5699
6310
6923
7382
7840
8147
8451
8601
8908
9058
9212
9515
9668
9668
9822
9971
9971
10124
10278
10278
10278
10274
10427
10427
10427
10580
10580
10427
10580
10580
10580
10580
10580
10580
10580
10580
10738
10738
10896
11049
10747
9830
9676
9830
9979
9979
10129
10282
10282
10282
10431
10431
10431
10585
10585
10580
10585
10585
10580
10734
10734
10734
10734
10734
10734
10734
10734
10734
10887
10887
10887
10887
10887
10887
10887
10887
10887
10887
10282
10282
10431
10431
10431
10431
10431
10580
10427
10427
10427
10427
10580
10580
10580
10580
10427
10427
10427
10427
10580
10580
10580
10580
10580
10580
10580
10580
10580
10580
10580
10580
10580
10427
10580
10580
10580
10580
10580
10738
10891
10589
