2311
3387
4155
5075
5687
6300
6912
7372
7830
7830
8134
8440
9051
9515
9975
10282
9672
9822
9975
9971
10124
10274
10274
10427
10427
10576
10576
10576
10729
11040
11347
11505
11505
11045
11045
11045
11040
11040
11040
11040
10882
10882
10882
10729
10882
10882
11194
11500
11654
11505
10738
10738
10891
10887
10887
10887
10882
10882
10882
10882
10882
10882
11036
11342
11500
11654
11965
11198
10738
10738
10734
10887
10887
10887
10882
10882
10882
10882
10882
10882
11036
11347
11500
11505
11505
11510
10896
10743
10743
10738
10738
10887
10887
10887
10887
10882
10882
10882
10729
11040
11347
11500
11659
11510
11510
11049
10589
10589
10738
10738
10738
10734
10734
10734
10887
10882
10882
10729
11036
11194
11500
11505
11510
11510
11356
11203
10282
10129
10278
10278
10431
10427
10580
10580
10580
10729
10729
10887
463
1389
2776
3852
4927
5848
6613
7225
7686
8297
8755
9212
9515
9975
10278
10431
10734
10887
11194
11352
11659
11812
11817
11049
10896
11049
11198
11352
11505
11654
11807
11807
11802
11955
11955
12109
12109
12109
12257
8784
9242
9705
10008
10316
10620
10316
9396
8938
9396
9705
10008
10312
10620
10316
9396
8630
9092
9396
9854
10162
10466
10466
9550
8784
8938
9396
9854
10162
10466
10774
10008
9092
8630
9092
9396
9854
10162
10466
10466
9705
8784
8938
9396
9854
10158
10466
10769
10312
9396
8630
9242
9700
10008
10312
10616
10923
10008
9242
8784
9242
9700
10162
10466
10769
10923
10008
9242
8784
9088
9550
9854
10162
10312
10466
9700
9088
8476
8784
9242
9547
10008
10312
10620
10312
9550
8630
8630
9088
9547
10008
10312
10620
10769
10008
9088
8476
8938
9396
9854
10162
10466
10774
10466
9550
8784
8325
8938
9396
9854
10316
10620
10769
10466
9550
8784
8476
9092
9550
9854
10312
10620
10923
10620
9700
8938
8630
9242
9705
10008
10312
10620
10923
10923
9854
9088
8630
8938
9396
9854
10162
10620
10923
10923
10162
9242
8630
9088
9547
10008
10312
10620
10923
11077
10466
9550
8784
8784
9242
9700
10008
10312
10620
10923
10923
10162
9242
8479
8476
8938
9396
9700
10158
10466
10769
10923
10008
9242
8479
8938
9396
9854
10158
10462
10611
10914
11063
10449
12441
12595
12595
12748
12748
12441
12595
12748
12748
12897
12595
12441
12595
12743
12743
12441
11985
12288
12441
12595
12595
12441
12441
12595
12595
12743
12748
12441
12595
12748
12902
12897
12441
12595
12748
12748
12897
12897
12441
12595
12748
12595
12595
12595
12288
12441
12441
12595
12743
12743
12441
12595
12441
12288
12288
12288
11985
11985
12134
12288
12441
12595
12441
12293
12441
12595
12748
12748
12748
12288
12441
12595
12748
12902
12902
12441
12595
12748
12902
12902
12902
12595
12441
12595
12748
12902
12595
12441
12139
11985
12293
12441
12441
12595
12595
12293
12441
12595
12595
12595
12441
12288
11832
11985
12139
12288
12441
12595
12595
12139
12293
12441
12595
12748
12748
12748
12288
12441
12595
12748
12902
12902
12897
