1859
2786
3712
4791
5713
6483
7097
7708
8476
9088
9547
9854
10312
10616
11077
11380
11380
11688
11837
12144
12298
12293
12446
12600
12754
12748
12902
12902
13056
13056
13209
13209
13209
13209
13209
13363
13363
13209
13363
13363
13363
13363
13516
13363
13363
13363
13363
13363
13516
13516
13516
13516
13516
13516
13516
13516
13516
13516
13516
13516
13516
13516
13516
13516
13516
13516
13516
13516
13516
13516
13516
13516
13516
13516
13516
13516
13516
13516
13516
13516
13516
13516
13516
13516
13516
13516
13516
13516
13516
13516
13516
13516
13516
13516
13516
13516
13516
13516
13516
13516
13516
13516
13516
13516
13363
13516
13516
13516
13511
13511
13511
13511
13511
13511
13511
13511
13511
13812
13812
13812
13812
13812
13812
13812
13812
13812
13812
13812
13812
13812
13812
13812
13812
13812
13965
13965
13965
13812
13812
13812
13965
13965
13812
13812
13812
13812
13812
13812
13812
13812
13812
13812
13812
13812
13812
13812
13812
13812
13812
13812
13812
13812
13812
13812
13812
13812
13812
13812
13812
13659
13659
13659
13659
13659
13659
13664
13664
13664
13812
13812
13812
13812
13812
13812
13812
13812
13812
13812
13812
13812
13812
13812
13812
13812
13812
13659
13812
13812
13812
13812
13812
13812
13812
13812
13812
13812
13812
13812
13812
13812
13812
13812
13812
13812
13812
13812
13812
13812
13812
13812
13812
13812
13812
13965
13965
13812
13812
13812
13812
13812
13965
13965
12600
12600
12600
12600
12754
12754
12605
12600
12600
12600
12600
12600
12451
12605
12605
12605
12605
12600
12605
12605
12600
12600
12600
12600
12605
12451
12451
12605
12605
12600
12600
12451
12446
12446
12446
12600
12600
12600
12446
12446
12600
12600
12600
12600
12600
12446
12446
12446
12446
12600
12600
12600
12298
12298
12451
12446
12451
12451
12451
12451
12451
12451
12451
12600
12600
12600
12451
12451
12451
12605
12605
12605
12605
12451
12451
12451
12446
12600
12600
12605
12605
12451
12451
12605
12605
12605
12600
12600
12451
12451
12451
12605
12605
12605
12600
12600
12451
12451
12451
12600
12600
12605
12605
12605
12451
12451
12605
12605
12605
12600
12600
12600
12451
12451
12605
12605
12605
12605
12600
12600
12451
12451
12451
12605
12605
12605
12605
12600
12451
12446
12446
12600
12600
12600
12600
12600
12600
12446
12446
12600
12600
12600
12600
12600
12600
10629
10629
10629
10629
10629
10629
10629
10629
10629
10629
10629
10629
10629
10475
10475
10475
10475
10475
10475
10475
10475
10629
10629
10629
10629
10475
10475
10475
10475
10475
10475
10629
10629
10629
10629
10629
10629
10629
10475
10475
10475
10475
10475
10629
10629
10629
10629
10629
10629
10629
10629
10475
10475
10475
10475
10475
10475
10475
10629
10629
10629
10629
10629
10629
10629
10475
10475
10475
10475
10475
10475
10475
10629
10629
10629
10629
10629
10629
10475
10475
10475
10475
10475
10475
10475
10629
10629
10629
10629
10629
10629
10629
10321
10475
10475
10475
10475
10475
10475
10629
10629
10629
10629
10629
10629
10629
10321
10475
10475
10475
10475
10475
10475
10475
10475
10475
10629
10629
10629
10629
10629
10475
10475
10475
10475
10475
10475
10475
10629
10629
10629
10629
10629
10629
10629
10629
10475
10475
10475
10475
10475
10475
10475
10629
10629
10629
10629
10629
10629
10629
10629
10475
10475
10475
10475
10475
10475
10629
10629
10629
10629
10629
10629
10629
10629
10629
10475
10475
10475
10475
10475
10475
10475
10475
10629
10629
10629
10629
10629
10629
10629
10321
10475
10475
10475
10475
10475
10475
10629
10629
10629
10629
10629
10629
10629
10629
10629
10321
10321
10475
10475
10475
10475
10475
10475
10475
10629
10629
10629
10629
10629
10629
10629
10321
10321
10475
10475
10475
10475
10475
10475
10475
10629
10629
10629
10629
10629
10629
10629
10321
10475
10475
10475
10475
10475
10475
10475
10629
10629
10629
10629
10629
10629
10629
10629
10629
10321
10321
10475
10475
10475
10475
10475
10475
10629
10629
10629
10629
10629
10629
10629
10629
10629
10321
10475
10475
10475
10475
10475
10475
10475
10629
10629
10629
10629
10629
10629
10629
10629
10629
10321
10321
10475
10475
10475
10475
10475
10475
10629
10629
10629
10629
10629
10629
10629
10629
10629
