2005
2466
3236
4003
4617
5384
5844
6149
6302
6761
7065
7680
8140
8605
8605
7990
8294
8448
8598
8751
8901
9054
9054
9208
9357
9357
9511
9511
9511
9664
9511
9664
9660
9818
10124
10282
10436
9826
9519
9672
9668
9668
9822
9818
9818
9818
9664
9818
9814
9814
9814
9814
9814
9967
9814
9814
9967
10120
10278
10431
10436
9979
9216
9212
9365
9361
9515
9515
9664
9664
9664
9664
9664
9814
9814
9814
9814
9814
9967
9967
9967
10120
10278
10431
10589
10589
10440
9527
772
1698
2776
3698
4621
5387
6000
6154
6305
6917
7378
7836
8297
8605
9066
8608
8455
8758
9062
9365
9519
9672
9822
9822
9975
10129
10124
10278
10431
10431
10585
10580
10580
10580
10580
10734
10734
10734
10734
10734
10887
10887
10887
10887
10887
10887
10887
10887
10887
10887
10887
10887
10887
10887
10129
10278
10278
10431
10431
10585
10580
10580
10580
10427
10580
10580
10580
10580
10580
10580
10734
12441
12595
12748
12902
12902
12441
12595
12748
12748
12902
12441
12595
12595
12748
12748
12441
12595
12595
12748
12902
12748
12441
12595
12748
12748
12902
12441
12595
12748
12748
12902
12748
12441
12595
12748
12748
12902
12441
12595
12595
12748
12902
12902
12441
12595
12595
12748
12902
12902
12441
12595
12595
12748
12902
12902
12441
12441
12595
12748
12902
12902
12288
12441
12595
12748
12897
12897
12441
12441
12595
12748
12897
12897
12743
12441
12595
12748
12897
12897
12897
12441
12595
12595
12748
12902
12897
12748
12441
12595
12748
12748
12897
12902
12293
12441
12595
12748
12748
12902
12902
12441
12441
12595
12748
12748
12902
12902
12441
12595
12595
12748
12902
12902
12897
12441
12595
12748
12748
12902
12902
12902
