8332
8486
8791
8945
9100
9250
9404
9558
9713
9713
9867
9863
9863
9558
8945
8486
7872
7409
7564
7872
8178
8486
8637
8791
9100
9254
9250
9404
9558
9713
9558
9254
8791
8178
7564
7258
7564
7872
8178
8486
8641
8945
9100
9250
9404
9558
9558
9709
9558
9096
8637
8023
7409
7409
7715
8023
8332
8637
8791
8942
9096
9250
9404
9558
9558
9713
9558
9250
8945
8486
8332
8483
8791
8945
9100
9250
9404
9558
9558
9713
9713
9867
9863
9867
9404
9100
8332
7718
7103
6643
6488
6949
7409
7718
8023
8332
8486
8791
8945
9100
9250
9404
9558
9558
9404
9096
8483
8023
7564
7869
8178
8483
8637
8945
9096
9250
9404
9404
9558
9713
9709
9863
9863
9404
9100
8483
7872
7255
7258
7564
7872
8178
8486
8637
8945
9100
9254
9404
9404
9558
9713
9713
9713
9404
8945
8486
7869
7718
8023
8178
8483
8637
8945
9096
9250
9404
9404
9558
9709
9709
9863
9863
9713
9404
8791
8023
7409
7103
7409
7718
8023
8332
8486
8791
8945
9100
9250
9404
9558
9558
9713
9713
9713
9404
8945
8332
7718
7103
6643
6643
7103
7409
7718
8023
8332
8641
8791
8945
9100
9250
9404
9558
9713
9713
9713
9250
8791
8332
8023
8332
8486
8791
8945
9100
9250
9404
9404
9558
9713
9709
9863
9863
10017
9863
9558
9250
8791
8178
7718
7869
8178
8483
8637
8945
9096
9250
9404
9558
9558
9713
9709
9863
9863
9863
9863
9404
8945
8178
7564
7103
6643
6334
6488
6795
7258
7718
8027
8332
8486
8791
8945
9100
9250
9404
9558
9558
9713
9713
9558
9100
8637
8178
7564
8027
8178
8486
8637
8945
9100
9254
9404
9558
9558
9713
9713
9867
9863
9863
10017
9867
9558
8791
8178
7564
6949
6643
6949
7258
7718
8027
8332
8486
8791
8945
9100
9254
9404
9558
9558
9713
9713
9867
9713
9558
9100
8641
8027
8178
8486
8637
8791
9100
9254
9404
9404
9558
9713
9713
9713
9867
9863
9863
10017
10017
9558
9100
8637
8178
7564
7564
7869
8178
8483
8637
8945
9096
9250
9404
9404
9558
9709
9709
9863
9863
9863
10017
9713
9558
9100
8486
7718
7258
6795
7258
7564
7872
8178
8486
8637
8945
9100
9254
9404
9404
9558
9713
9713
9867
9863
10017
9713
9250
8637
8023
7409
6949
6795
7258
7564
7872
8178
8486
8637
8945
9100
9254
9404
9404
9558
9713
9713
9867
9867
9867
9404
8945
8486
8023
7564
7103
6643
10004
10312
10620
10923
11077
10769
10312
10620
10769
11077
11226
10769
10158
10466
10616
10923
11077
10923
10158
10158
10466
10616
10923
11077
10620
10312
10466
10769
10923
11231
11077
10158
10466
10616
10923
11077
11231
10923
10769
10923
11077
11226
11380
11231
10312
10008
10312
10466
10769
11077
11077
10466
9854
10158
10312
10620
10769
10769
10158
9550
9700
10008
10158
10466
10616
10312
9700
9396
9700
10008
10158
10466
10616
10158
9396
9242
9547
9700
10004
10158
10466
9854
9242
9242
9547
9854
10004
10312
10466
9854
9242
9088
9393
9700
10004
10158
10462
10158
9547
8934
9242
9547
9854
10158
10312
10312
9700
9393
9700
9850
10158
10308
10462
10462
9854
9088
8934
9242
9547
9854
10004
10312
10158
9547
8934
8934
9242
9547
9854
10158
10312
10158
9700
9393
9700
10008
10158
10466
10616
10769
10158
9547
9547
9854
10158
10312
10466
10616
10620
10004
9396
9859
10162
10466
10774
10774
10162
9550
9550
9859
10316
10624
10928
10928
10162
9550
9705
10008
10316
10620
10928
10928
10316
9705
9705
10013
10316
10620
10928
11077
10620
9859
9859
10162
10316
10620
10774
10928
10928
10620
10316
10162
10470
10620
10774
11082
11231
11385
10928
10316
10620
10928
11077
11385
11539
11688
11077
10316
10620
10923
11231
11380
11534
11841
11077
10316
10620
10928
11077
11385
11534
11688
11077
10316
9550
9705
10162
10470
10774
11082
11231
11082
10470
9705
9859
10162
10624
10928
11082
11385
11082
10470
9859
9550
10008
10316
10620
10928
11077
11231
10774
10162
9246
9550
9854
10316
10620
10774
11077
11231
10620
10008
10008
10470
10774
10928
11231
11385
11539
10928
10162
9400
9705
10162
10470
10774
11077
11231
11231
10774
10008
9246
9396
9854
10316
10620
10928
11077
11231
10620
10008
9396
9550
9854
10316
10620
10928
11231
11385
10923
10312
9705
9242
9705
10162
10470
10774
11082
11231
11231
10774
10008
9246
9246
9705
10162
10470
10774
11082
11231
11082
10620
10162
10316
10620
10928
11231
11385
11693
11841
11539
10774
10013
