1860
2942
4023
5100
6025
6946
7406
7866
8479
8938
9396
9854
10162
10466
10774
11077
11231
11380
11534
11534
11688
11688
11841
11990
11990
11990
12144
12144
12298
12298
12298
12144
12144
12298
12298
12451
12451
12451
12451
12451
12451
12451
12446
12446
12446
12298
12451
12451
12446
12446
12600
12600
12446
12446
12446
12446
12446
12600
12600
12446
12446
12446
12446
12600
12600
12600
12451
12451
12451
12451
12605
12600
12600
12451
12451
12451
12446
12451
12605
12605
12605
12451
12451
12451
12605
12600
12600
12600
12451
12451
12451
12605
12605
12605
12600
12600
12451
12446
12446
12600
12600
12600
12600
12600
12298
12298
12298
12446
12446
12446
12446
12446
12298
12446
12446
12446
12446
12600
12600
12600
12446
12446
12446
12446
12446
12600
12600
12600
12451
12451
12451
12446
12446
12446
12446
12605
12605
12451
12451
12605
12600
12600
12600
12600
12600
13812
13812
13965
13965
13965
13812
13812
13812
13812
13812
13812
13812
13812
13812
13965
13812
13812
13812
13812
13812
13812
13812
13812
13965
13965
13812
13812
13965
13965
13965
13812
13812
13812
13965
13965
13965
13812
13812
13812
13812
13812
13812
13812
13812
13812
13812
13812
13659
13659
13659
13659
13659
13812
13659
13664
13664
13664
13664
13664
13664
13659
13812
13812
13812
13659
13812
13812
13812
13812
13812
13812
13812
13812
13812
13812
13812
13659
13659
13659
13812
13812
13812
13812
13812
13812
13812
13812
13812
13812
13659
13659
13659
13659
13659
13659
13659
13659
13659
13659
13659
13659
13659
13659
13659
13659
13659
13659
13659
13659
13659
13659
13659
13659
13659
13812
10321
10321
10321
10321
10475
10475
10475
10475
10475
10475
10629
10629
10321
10475
10475
10475
10475
10475
10475
10629
10629
10629
10629
10629
10629
10475
10475
10475
10475
10475
10475
10629
10629
10629
10629
10629
10629
10629
10475
10475
10475
10475
10475
10475
10629
10629
10629
10629
10629
10629
10629
10475
10475
10475
10475
10475
10475
10475
10475
10629
10629
10629
10629
10629
10321
10475
10475
10475
10475
10475
10475
10475
10475
10629
10629
10629
10629
10629
10475
10475
10475
10475
10475
10475
10629
10629
10629
10629
10629
10629
10624
10624
10475
10475
10475
10475
10475
10475
10629
10629
10629
10629
10629
10629
10629
10629
10475
10475
10475
10475
10475
10475
10629
10629
10629
10629
10629
10629
10629
10629
10629
10475
10475
10475
10475
10475
10475
10629
10629
10629
10629
10629
10629
10629
10629
10475
10475
10475
10475
10475
10475
10629
10629
10629
10629
10629
10629
10629
10629
10629
10321
10475
10475
10475
10475
10475
10475
10629
10629
10629
10629
10629
10629
10629
10629
10629
10475
10475
10475
10475
10475
10475
10475
10629
10629
10629
10629
10629
10629
10629
10629
10321
10475
10475
10475
10475
10475
10475
10629
10629
10629
10629
10629
10629
10629
10629
10629
10475
10475
10475
10475
10475
10475
10475
10475
10629
10629
10629
10629
10629
10629
10629
10629
10475
10475
10475
10475
10475
10475
10475
10629
10629
10629
10629
10629
10629
10629
10629
10629
10475
10475
10475
10475
10475
10475
10475
10629
10629
10629
10629
10629
10629
10629
10629
10629
10629
10321
10475
10475
10475
10475
10475
10475
10475
10475
10475
10629
10629
10629
10629
10629
10629
10629
10475
10475
10475
10475
10475
10629
10629
10629
10629
10629
10629
10629
10629
10629
10629
10629
10629
10321
10475
10475
10475
10475
10475
10475
10629
10629
10629
10629
10629
10629
10629
10629
10629
10629
10321
