8931
9088
9242
9396
9550
9550
9705
9705
9859
9859
10013
10013
10013
9709
9246
8633
8023
7715
7869
8174
8483
8637
8945
9096
9250
9404
9404
9558
9713
9709
9558
9100
8483
7872
7255
6795
6488
6795
7255
7564
7869
8178
8486
8791
8945
9100
9250
9404
9558
9404
8945
8483
8178
7564
7255
7564
8023
8178
8483
8791
8945
9096
9250
9404
9558
9558
9709
9709
9404
8945
8332
7718
7103
6643
6640
6949
7409
7718
8023
8332
8637
8791
8945
9100
9250
9404
9558
9558
9250
8945
8486
7872
8178
8486
8637
8945
9100
9250
9404
9404
9558
9713
9713
9867
9863
9863
9404
8945
8332
7564
7103
6643
6334
6795
7258
7564
7872
8178
8486
8637
8791
8945
9100
9250
9404
9558
9404
8945
8637
8178
7718
7258
7258
7564
8027
8178
8486
8791
8945
9100
9250
9404
9404
9558
9713
9713
9558
9250
8945
8332
7718
7103
7103
7409
7718
8023
8332
8641
8791
8945
9100
9250
9404
9558
9558
9709
9709
9558
9250
8637
8023
8023
8332
8483
8791
8942
9096
9250
9404
9558
9709
9709
9863
9863
9863
10017
9863
9713
9100
8945
9100
9250
9404
9558
9713
9713
9867
9863
9863
10017
10017
10017
10017
10171
10017
9867
9254
8486
7872
7872
8178
8332
8637
8791
8945
9100
9250
9404
9558
9713
9713
9867
9863
9863
9863
9713
9100
8486
7872
7258
6949
7258
7564
7872
8178
8486
8637
8945
9100
9250
9404
9558
9558
9713
9709
9863
9863
9250
8637
7872
7409
6795
6334
6027
6488
6949
7409
7718
8023
8332
8641
8791
8945
9100
9250
9404
9558
9558
9713
9558
9250
8945
8486
8023
8178
8332
8637
8791
8945
9096
9250
9404
9558
9713
9709
9863
9863
9863
10017
10017
9709
9404
8942
8328
7715
7255
7255
7564
8023
8178
8483
8637
8945
9100
9250
9404
9558
9558
9713
9713
9863
9863
9863
9713
9404
8791
8332
8637
8791
8945
9096
9250
9404
9558
9558
9713
9867
9863
10017
10017
10017
10171
10171
10017
9558
9250
8637
8637
8945
9100
9250
9404
9558
9558
9713
9713
9863
9863
9863
10017
10017
10017
10171
10171
9713
9250
8791
8332
7718
7258
6640
6640
7103
7564
7872
8178
8486
8637
8791
9100
9254
9404
9404
9558
9713
9713
9863
9863
9863
9713
9404
8791
8023
8023
8332
8486
8791
8945
9100
9250
9404
9404
9558
9713
9713
9863
9863
10017
10017
10017
10017
9863
9709
9096
8328
