8325
8633
8938
9092
9246
9400
9400
9554
9709
9709
9863
9863
9863
9400
8788
8328
7715
7100
6795
6949
7409
7718
8023
8332
8637
8791
8945
9096
9250
9404
9558
9404
9250
8945
8332
8332
8637
8791
9100
9250
9404
9404
9558
9713
9709
9863
9863
9863
9558
8945
8178
7564
7103
7409
7718
8023
8332
8641
8791
8945
9100
9250
9404
9558
9713
9713
9404
8945
8178
7564
7103
6640
7100
7564
7869
8178
8328
8637
8791
8942
9096
9250
9404
9558
9709
9404
9096
8483
8023
7409
7564
8023
8178
8483
8791
8945
9100
9250
9404
9404
9558
9713
9713
9713
9558
9250
8486
7872
7409
7718
8023
8332
8637
8791
8945
9100
9250
9404
9558
9558
9713
9713
9713
9558
9404
8637
8637
8791
8945
9100
9250
9404
9558
9713
9709
9863
10008
10004
10154
10150
9688
8923
8308
7538
7231
7689
7997
8301
8605
8912
9069
9377
9531
9527
9680
9830
9984
9979
10133
9369
8908
9062
9212
9365
9519
9668
9826
9979
10137
10137
10137
10286
10286
10286
10436
9672
9369
9519
9519
9672
9822
9975
9975
10129
10133
10286
10291
10440
10440
10436
10436
9826
9062
9062
9212
9365
9519
9668
9822
9822
9971
10129
10133
10133
10291
10295
10444
10444
9676
8916
7993
8147
8451
8758
8908
9062
9365
9519
9672
9668
9822
9979
10137
10137
10137
10286
9984
9066
9062
9216
9369
9519
9672
9826
9975
9975
9975
10129
10129
10282
10286
10444
10444
10291
9527
9219
9369
9523
9672
9826
9826
9975
10129
10129
10129
10282
10278
10278
10436
10440
10444
9984
9527
9676
9676
9826
9979
9979
10129
10129
10282
10282
10282
10282
10431
10431
10431
10436
10440
9984
10133
10133
10282
10282
10282
10282
10431
10431
10431
10431
10431
10585
10585
10585
10580
10585
9826
9822
9975
10129
10129
10278
10278
10278
10278
10431
10431
10431
10431
10431
10580
10580
10580
9826
9826
9975
9975
10129
10129
10278
10278
10278
10431
10431
10431
10431
10431
10427
10427
10580
9826
9975
9975
10129
10129
10278
10278
10278
10278
10431
10431
10431
10431
10580
10580
10580
10580
10431
12441
12595
12748
12897
12897
12441
12595
12743
12897
12897
12441
12595
12743
12897
12897
12441
12595
12743
12897
12897
12743
12441
12436
12436
12431
12426
12267
12267
12109
12109
12109
12104
12104
12104
12099
12099
11945
11945
11945
12099
12252
12257
12410
11649
11802
11802
11797
11797
11797
11950
11945
11792
11945
11945
11945
11945
11945
11945
11945
11945
11945
12099
12257
12257
12415
12568
11960
11807
11802
11955
11955
11950
11950
11950
11950
11797
11792
11792
11792
11792
11792
11792
11792
11792
11797
10887
11040
11036
11189
11189
11337
11337
11491
11491
11639
11639
11639
11639
11639
11792
11787
11787
11787
11787
11036
11036
11184
11184
11337
11486
11486
11486
11639
11486
11333
11486
11486
11639
11634
11634
11634
11787
11787
771
1850
2926
4155
5077
5841
6607
7529
7987
7987
8444
8747
9208
9511
9814
10120
10269
10576
10725
10725
10878
11031
11184
11180
11333
11333
11486
11486
11639
1385
2461
3537
4458
5378
5990
6755
7366
7823
8284
8587
9047
9200
