2459
3228
3995
4763
5376
5990
6448
6909
7366
7673
7980
8130
8594
9054
9515
9822
10286
9979
9212
8751
8901
9208
9361
9511
9664
9818
9818
9967
10120
9515
9515
9668
9818
9818
9971
10120
10120
10120
10274
9967
9967
10120
10120
10427
10738
11045
11203
10137
9223
8462
1079
2157
3080
4001
4769
5382
5995
6453
6914
7372
7680
7983
8290
8751
9212
9519
9830
10291
10444
9680
8762
7993
7532
7836
8140
8448
8751
9054
9208
9357
9822
10129
9672
9822
9975
9971
10124
10120
10274
10274
10274
10423
10423
10427
10734
11045
11198
11356
11356
11198
11045
10891
10129
9365
9361
9515
9664
9818
9818
9967
10278
10585
10896
10436
10282
10282
10278
10431
10431
10427
10427
10427
10576
10576
10576
617
1852
3084
4161
5081
6002
6613
7378
7836
8144
8601
9058
9519
9822
10124
10431
10585
9979
10286
10436
10743
10891
11045
11194
11347
11500
10891
11040
11194
11347
11496
11649
11802
11955
11802
11955
11950
11950
12104
12104
12104
12104
12257
12104
12104
12104
12104
12257
12257
12257
12257
12104
772
2160
3391
4467
5389
6308
7074
7686
8144
8297
8755
9212
9515
9822
10124
10431
10738
10887
