8486
8641
8945
9100
9254
9250
9404
9558
9558
9713
9867
9867
9863
9713
9254
8637
8023
7409
6949
6949
7258
7564
8027
8178
8486
8791
8945
9100
9250
9404
9558
9558
9100
8637
8023
7409
6949
6488
6643
7103
7409
7718
8023
8332
8637
8791
9100
9250
9404
9558
9558
9404
8945
8483
8791
8945
9100
9250
9404
9558
9558
9713
9867
9863
9863
10017
9863
9558
9100
8486
8023
7564
7872
8178
8332
8637
8791
8945
9254
9250
9404
9558
9713
9713
9863
9558
9096
8637
8178
7564
7869
8178
8332
8637
8791
8942
9096
9250
9404
9558
9709
9709
9863
9863
9404
9100
8637
8483
8637
8945
9100
9250
9404
9404
9558
9713
9713
9863
9863
10017
10017
9713
9404
8945
8332
8023
8178
8486
8637
8945
9100
9250
9404
9404
9558
9713
9713
9867
9863
9863
9713
9404
8945
8332
8637
8791
8945
9254
9250
9404
9558
9713
9713
9863
9863
10017
10017
10017
9713
9250
8791
8178
7718
8023
8332
8483
8791
8945
9100
9250
9404
9558
9558
9713
9713
9863
9863
9713
9250
8791
8332
7718
7103
6640
6949
7255
7718
8023
8178
8486
8637
8945
9100
9250
9404
9558
9713
9713
9713
9250
8791
8483
8023
7409
6949
7103
7564
7869
8178
8328
8637
8791
8942
9096
9250
9404
9558
9709
9709
9863
9709
9558
9096
8637
8332
8486
8637
8945
9100
9250
9404
9404
9558
9713
9713
9863
9863
10017
10017
10017
9863
9404
8791
8178
7718
7872
8178
8332
8637
8791
9100
9254
9404
9404
9558
9713
9713
9867
9863
9863
9867
9404
8945
8486
7872
7409
7103
7255
7718
8023
8332
8486
8791
8945
9100
9250
9404
9558
9558
9713
9713
9867
9863
9558
9100
8637
8178
7718
7409
7872
8178
8332
8637
8791
8945
9100
9250
9404
9558
9713
9713
9863
9859
10004
10000
9385
8769
8154
7538
6923
6464
6464
6923
7382
7686
7990
8294
8598
8905
9054
9208
9519
9676
9672
9826
9975
9975
10124
9515
8901
9054
9357
9515
9672
9826
9826
9975
9975
10124
10124
10278
10274
10274
10274
10427
10431
10133
9369
8448
8448
8598
8905
9054
9208
9357
9511
9668
9822
9979
9979
10129
10129
10278
10278
10278
10427
9818
8901
8598
8908
9062
9216
9369
9519
9672
9822
9975
9971
10124
10120
10120
10278
10282
10286
10444
10286
9523
8758
12144
12298
12446
12600
12600
12144
12293
12446
12600
12600
11990
12293
12446
12600
12600
12446
12144
12293
12446
12600
12600
12144
12298
12446
12600
12754
12600
12298
12451
12600
12600
12754
12144
12144
12298
12446
12600
12600
11990
12298
12298
12446
12600
12600
11990
12144
12298
12446
12600
12754
11990
12144
12293
12446
12446
12446
12293
12144
12144
12298
12293
12446
12293
12144
12144
12144
12293
12293
12446
12446
11837
11534
11683
11990
12144
12293
12446
11683
11990
12144
12293
12446
12600
12446
11990
12144
12293
12446
12600
12600
12293
11990
12298
12446
12600
12600
12754
12144
12144
12298
12446
12600
12754
12754
12144
12144
12298
12446
12600
12754
12754
12144
12144
12298
12446
12600
12754
12754
12293
12144
12293
12446
12600
12600
12754
12600
