2005
2774
3849
4771
5690
6459
6917
7074
7074
7683
8140
8598
9054
9361
9664
9818
10120
10269
10423
10729
10878
11031
11031
11184
11337
11644
11802
11955
11807
11347
11347
11496
11496
11649
11644
11644
11644
11644
11644
11644
11792
11792
11792
11792
11792
11036
11189
11337
11337
11491
11491
11639
11639
11639
11639
11639
11792
11787
11787
11787
11787
11787
11945
12099
12257
12262
12262
11960
11198
11194
11347
11496
11496
11496
11644
11644
11644
11644
11644
11792
11792
11792
11792
11792
11945
11342
11342
11342
11496
11491
11491
11644
11644
11644
11639
11644
11639
11486
11639
11639
11639
11639
11639
11644
11496
11040
11040
11189
11342
11342
11491
11491
11491
11639
11639
11639
11639
11792
11792
11792
11787
11787
11787
11945
11189
11342
11337
11491
11491
11639
11639
11639
11792
11486
11639
11639
11639
11639
11787
11787
11787
11787
11945
11342
11337
11491
11491
11491
11639
11639
11639
11792
11792
11639
11792
11787
11787
11787
11787
11787
11940
11940
11496
11491
11644
11644
11639
11639
11792
11792
11792
11792
8934
9239
9547
9696
9850
9547
8780
8476
8780
9085
9393
9696
9393
8780
9085
9393
9696
10004
10004
9088
8780
9239
9547
9850
10004
9696
8934
8934
9239
9547
9854
10004
9700
8934
8934
9239
9547
9850
10004
9854
8934
8780
8931
9081
9231
9381
9377
9527
9523
9523
9519
9672
9668
9822
9822
9818
9818
9818
9818
9818
9971
10124
10282
10440
10133
9369
9216
9369
9365
9519
9515
9668
9668
9668
9664
9818
9818
9818
9818
9818
9967
9967
9967
9814
10124
10278
10436
10589
10589
10436
10282
9519
8908
9058
9212
9208
9361
9511
9511
9664
9664
9664
9664
9660
9814
9814
9814
9814
9971
10278
9822
9822
9822
9818
9818
9818
9971
9967
9967
9664
9660
9814
9814
9814
9814
9814
9967
9967
9967
9814
10120
10278
10431
10589
10589
10593
10444
9684
465
1394
2631
3712
4636
5407
6174
6635
6789
7403
8017
8476
8780
9239
9547
9696
10004
10158
10462
10616
10765
10919
10475
10629
10629
10629
10629
10629
10629
10629
10629
10629
10629
10629
10475
10475
10475
10475
10475
10475
10629
10629
10629
10629
10629
10629
10629
10475
10475
10475
10475
10475
10475
10475
10629
10629
10629
10629
10629
10629
10475
10475
10475
10475
10475
10475
10629
10629
10629
10629
10629
10629
10629
10475
10475
10475
10475
10475
10475
10629
10629
10629
10629
10629
10629
10629
10475
10475
10475
10475
10475
10475
10475
10629
10629
10629
10629
10629
10629
10629
10475
10475
10475
10475
10475
10475
10475
10475
10475
10629
10629
10629
10629
10629
10321
10475
10475
10475
10475
10475
10475
10475
10475
10629
10629
10629
10629
10629
10321
10475
10475
10475
10475
10475
10475
10629
10629
10629
10629
10629
10629
10629
10629
10321
10475
10475
10475
10475
10475
10475
10629
10629
10629
10629
10629
10629
10629
10321
10475
10475
10475
10475
10475
10475
10475
10475
10629
10629
10629
10629
10629
10629
10475
10475
10475
10475
10475
10475
10475
10629
10629
10629
10629
10629
10629
10629
10629
10629
10321
10321
10321
10475
10475
10475
10475
10475
10475
10475
10475
10629
10629
10629
10629
10321
10475
10475
10475
10475
10475
10475
10475
10475
10629
10629
10629
10629
10629
10629
10629
10321
10475
10475
10475
10475
10475
10475
10629
10629
10629
10629
10629
10629
10629
10629
10629
10321
10475
10475
10475
10475
10475
10475
10475
10629
10629
10629
10629
10629
10629
10629
10629
10629
10475
10475
10475
10475
10475
10475
10475
10629
10629
10629
10629
10629
10629
10629
10629
10629
10321
10475
10475
10475
10475
10475
10475
10475
10475
10475
10475
10629
10629
10629
10629
10629
10629
10321
10321
10475
10475
10475
10475
10475
10475
10629
10629
10629
10629
10629
10629
10629
10629
10629
10321
10321
10475
10475
10475
10475
10475
10475
10475
10475
10629
10629
10629
10629
10629
10629
10629
10629
