2007
2468
3700
4775
5697
6461
7074
7532
8144
8601
9058
9519
9822
10124
10431
10734
10887
11040
11194
11342
11496
11649
11649
11802
11802
11950
11950
12104
12104
12104
12104
12257
12415
12420
12574
12574
11812
11965
11960
12114
12114
12109
12109
12109
12109
12262
12262
12262
12257
12257
12257
12410
12410
12410
12410
12410
12410
12410
12410
12410
12410
12410
12410
12410
12410
12410
12410
12410
12410
12410
12410
12410
12410
12410
12410
12410
11500
11654
11802
11802
11955
11955
12104
11955
11950
12104
12104
12104
12257
12257
12257
12257
12257
12257
12410
12405
12405
12252
12257
12410
12410
12410
12410
12257
12257
12104
12104
12104
12104
12104
11950
11950
11797
11649
11649
11496
11496
11500
11347
11352
11510
11510
11361
10752
10901
11049
11198
11352
11500
11654
11807
11654
11802
11955
11955
12109
12104
12104
12257
9092
9550
9854
10312
10466
10769
10312
9396
9242
9705
10008
10312
10620
10923
10316
9396
9242
9705
10008
10312
10620
10928
10316
9396
9242
9705
10008
10312
10620
10928
10466
9550
9092
9550
10008
10316
10620
10774
10774
9854
8938
9396
9705
10162
10466
10774
10923
10316
9396
9092
9550
9854
10316
10466
10774
11077
10008
9246
9246
9705
10008
10316
10620
10774
10928
9854
9092
9092
9550
9854
10316
10620
10774
10923
10008
9092
9088
9547
9850
10150
10299
10602
10752
10905
10747
10901
11049
11203
11352
11505
11505
11654
11500
11500
11654
11649
11802
11802
11802
11955
11654
11802
11802
11955
11955
11955
12104
12104
11802
11955
12104
12104
12257
12257
12257
12257
11950
12104
12104
12109
12262
12267
12426
12426
11356
10440
10440
10747
10896
11198
11352
11505
11654
11807
11807
11960
11955
12109
12109
12262
12262
12257
12262
12262
12410
12410
12410
12410
12410
12563
12410
12410
12410
12410
12563
12563
12563
12563
12410
12410
12410
12410
12410
12410
12410
12410
12410
12267
8780
9088
9393
9696
10004
9393
8476
8934
9239
9547
9850
9850
9088
8630
9088
9393
9700
9850
9547
8780
8630
8934
9393
9547
9850
9696
8777
9077
9227
9531
9680
9834
9984
10133
10133
10282
10436
10436
10585
10431
10585
10585
10738
10734
10734
10734
10734
10734
10734
10887
10887
10887
10887
10887
10887
10887
10887
10887
10887
10734
10734
10734
10734
10734
10734
10734
10734
10734
10887
10891
11045
11049
10896
10133
10133
10286
10282
10436
10436
10585
10585
10585
10738
10738
10734
10734
10734
10887
10734
10734
10887
10887
10887
10887
10887
10887
10887
10887
10887
10887
10887
10887
10887
10887
10887
10882
10882
10882
10882
10882
10887
10882
10882
10882
10882
10882
10882
11040
10436
10585
10585
10585
10738
10734
10734
10734
10734
10734
10734
10734
10887
10887
10887
10887
10887
10882
10882
10882
10882
10882
10882
10882
