2159
2774
3543
4311
4925
5695
6156
6618
6464
6310
6766
7228
7532
7836
8140
8294
8444
8598
8747
8901
9054
9204
9357
9668
9212
9365
9515
9515
9511
9664
9664
9664
9664
9814
9814
9814
9814
9814
9967
9967
9668
9668
9664
9664
9664
9664
9664
9664
9664
9511
9511
9511
9511
9511
9511
9664
9668
9822
9672
9216
9212
9365
9361
9515
9515
9664
9664
9511
9511
9664
9660
9660
9814
9814
9967
9971
9515
9668
9668
9664
9818
9818
9818
9814
9814
9664
9660
9814
9814
9814
9814
9814
10120
9971
9668
9822
9818
9818
9818
9818
9967
9967
9967
9967
9967
9967
9967
9967
9967
9967
10120
10124
9822
9822
9818
9971
9971
9971
9967
9967
9967
9967
9967
9967
9967
9967
9967
9967
10120
10274
9975
9822
9822
9971
9971
9971
9971
9967
9967
9967
9967
9967
9967
9967
9967
9967
9967
10120
10274
10278
9668
9668
9818
9818
9818
9818
9967
9967
9967
9967
9814
9814
9814
9967
9967
9967
9967
10124
10431
10282
9672
9668
9668
9822
9818
9818
9818
9818
9967
9967
9814
6795
7103
7409
7718
8023
8332
8637
8945
9096
9250
9404
9558
9713
9096
8332
7564
6949
6949
7255
7564
7869
8178
8483
8791
8945
9250
9404
9558
9558
9404
8791
8023
7409
6795
6795
7103
7564
7869
8178
8483
8791
8942
9096
9404
9558
9554
9709
9096
8328
7564
6949
6946
7409
7715
8178
8483
8637
8942
9096
9250
9404
9554
9709
9863
9250
8483
7718
7103
6486
6640
6949
7409
7869
8178
8483
8637
8945
9096
9250
9404
9558
9709
9250
8483
7718
7103
6488
6488
6795
7255
7564
8023
8332
8483
8791
8945
9250
9404
9558
9713
9713
8945
8178
7564
6795
6488
6795
7103
7409
7869
8178
8483
8637
8945
9096
9250
9404
9558
9709
9558
8791
8023
7409
6795
6334
6640
7100
7564
7869
8332
8483
8791
8945
9250
9404
9558
9558
9709
9709
8945
8178
7409
6795
6488
6795
7255
7718
8023
8332
8637
8791
9100
9250
9404
9558
9713
9709
9863
9250
8328
7718
6949
6486
6640
6946
7409
7869
8178
8483
8637
8942
9096
9250
9404
9554
9709
9709
9554
8945
8178
7409
6795
6179
6334
6486
6795
7255
7718
8023
8332
8637
8791
9096
9250
9404
9558
9713
9709
9250
8637
7869
7255
6640
6179
6488
6795
7255
7564
8023
8332
8483
8791
8945
9250
9404
9558
9558
9709
9863
9250
8483
7718
7103
6488
6334
6795
7103
7409
7869
8178
8483
8637
8945
9096
9250
9404
9558
9709
9863
9863
9096
8332
7564
6949
6334
6334
6949
7255
7718
8023
8332
8637
8791
9100
9250
9400
9550
9700
9696
9842
9996
9227
8462
7692
7997
8304
8608
8758
9066
9216
9369
9519
9672
9830
9988
9988
10137
10137
10286
10286
9369
8908
9062
9212
9365
9519
9668
9822
9975
9975
10124
10124
10124
10282
10286
10444
10440
10286
9523
9369
9523
9672
9826
9826
9975
10129
10129
10129
10282
10282
10278
10431
10431
10431
10436
10286
9527
9523
9676
9676
9826
9979
9979
10129
10129
10282
10282
10282
10278
10431
10431
10431
10431
10129
9668
9826
9984
9984
10137
10133
10133
10286
10286
10282
10436
10436
10436
10436
10431
10431
10431
10282
9365
9212
9365
9515
9672
9830
9984
10137
10133
10133
10286
10282
10282
10436
10436
10436
10436
10431
10129
9212
