2161
3239
4315
5235
6154
6920
7225
7836
8448
8905
9361
9664
9971
10274
10427
10729
10882
10129
10431
10585
10734
11036
11189
11189
11342
11491
11644
11644
11792
11792
11945
11945
11945
12099
12099
12099
12099
12093
12247
12247
12247
12247
12247
12247
12247
12247
12247
12400
12247
12247
12400
12405
12558
12563
11802
11955
11950
12104
12104
12104
12104
12104
12099
12099
12099
12252
12252
12252
12252
12252
12252
12252
12252
12252
12252
12252
12252
12247
12247
12247
12400
12252
12252
12400
12400
12400
12400
12400
12405
12405
12563
12563
12722
12722
12722
11807
11654
11807
11802
11955
11955
11950
12104
12104
12104
12104
12252
12252
12252
12252
12252
12252
12252
12252
12252
12405
12405
12405
12252
12252
12247
12247
12247
12400
12400
12252
12247
12400
12400
12405
12558
12563
12716
9696
10000
10154
10154
10308
10457
10457
10457
10611
10611
10611
10765
10765
10765
10765
10765
10765
10919
10919
10919
10765
10919
10919
10919
10919
10919
10919
10919
10919
10919
10919
10919
10919
11073
10919
10919
10919
10919
10919
10919
11068
10919
10919
10914
10910
10905
10905
10901
10901
10593
10593
10589
10589
10589
10585
10585
10738
10431
10431
10431
10585
10585
10580
10580
10580
10431
10431
10431
10431
10585
10580
10580
10580
10580
10431
10431
10431
10431
10585
10585
10589
10743
10593
9984
10133
10133
10286
10282
10282
10436
10436
10431
9975
10129
10129
10278
10278
10278
10431
10431
10431
10278
10278
10431
10431
10431
10431
10580
10580
10580
10278
10431
10431
10431
10585
10580
10580
10580
10580
10278
10431
10436
10436
10593
10593
10589
10589
10589
10589
9672
8908
9062
9365
9519
9672
9822
9975
10129
10129
10124
9975
10124
10124
10278
10278
10431
10431
10431
10431
10278
10278
10431
10431
10431
10427
10427
10580
10580
10580
10278
10427
10427
10431
10585
10589
10589
10589
10743
10738
10129
9216
13050
13050
13204
13204
13204
13050
13050
13204
13204
13050
12891
12732
12732
12574
12574
12574
12420
12415
12415
12415
12415
12410
12257
12257
12257
12257
12257
12257
12257
12257
12257
12257
12257
12257
12257
12257
12257
12257
12257
12257
12104
12104
12104
12257
12257
12257
12252
12104
12257
12262
12415
12574
12420
11965
11960
11960
11960
12109
12109
12109
11955
12109
12104
12104
12104
12104
12104
12104
12104
12104
12104
12104
12104
12104
12104
12104
12104
12104
12257
12257
12104
12104
12104
12104
12104
12257
12257
12104
12104
12104
12104
12104
12104
12257
12109
11654
11807
11807
11802
11955
11955
11955
11955
11950
11950
11950
11950
12104
12104
12104
12104
12104
12104
12104
12104
12104
12104
11950
12104
12104
12104
12104
12104
12104
12104
12104
12104
12104
12104
12104
12104
12104
12104
