2157
2772
3694
4615
5382
5995
6607
7219
7833
7683
7987
8294
8598
8901
9208
9357
9511
9660
9660
9967
10278
10738
11045
11198
10286
9672
9822
9975
10124
10124
10278
10427
10427
10427
10580
9519
9668
9822
9975
10124
10124
10274
10274
10427
10423
10423
10576
10887
11194
11347
11659
11352
10743
10738
10738
10734
10887
10887
10887
10882
10882
10882
10124
10124
10274
10274
10427
10423
10423
10576
10576
10576
10576
10576
10882
11194
11347
11654
11812
11203
10129
10129
10124
10278
10431
10427
10427
10580
10580
10576
10729
10278
10278
10431
10427
10580
10580
10576
10729
10729
10729
10729
10576
10729
11036
11347
11500
11807
11812
11505
10585
10738
10738
10734
10734
10734
10734
10729
10882
10882
10882
10431
10431
10580
10580
10580
10580
10729
10729
10729
10729
10729
10725
10882
11189
11347
11654
11654
11500
11496
11496
11189
10427
10427
10427
10576
10576
10576
10576
10729
11040
11347
11198
10891
10891
10887
10887
10887
10887
10882
10882
10882
10882
10882
10882
11036
11189
11500
11654
11965
11965
11812
11659
10891
10278
10278
10431
10427
10580
10580
10576
10576
10729
10882
11194
11045
10738
10738
10734
10734
10734
10882
10882
10882
10882
10882
10878
10878
10878
12595
12748
12902
12897
12743
12282
12124
12124
12119
11960
11960
11955
11802
11797
11797
11797
11797
11797
11950
12104
12262
11960
11654
11649
11649
11649
11644
11644
11644
11644
11639
11639
11639
11639
11639
11792
11950
12104
11955
11500
11496
11496
11491
11644
11644
11639
11639
11639
11639
11486
11486
11486
11486
11792
11950
12104
11802
617
1697
2929
4159
5233
6154
6764
6917
7529
8140
8751
9208
9664
9971
10278
10585
10891
11198
11352
11352
10589
10738
11045
11194
11347
11496
11649
11802
11950
11950
12104
12099
12099
12252
12252
12252
12405
12405
12405
12558
12553
12400
12553
12553
12553
12553
12553
12553
12553
12553
12553
12553
12553
12711
12711
12109
12257
12257
12410
12410
12405
12405
12405
12405
12405
12405
12400
12553
12553
12553
12553
12553
12553
12553
12553
12553
12553
12553
12553
12553
12553
12706
12706
12706
12706
12553
12553
12706
12706
12706
12711
12864
12716
