8332
8641
8945
9100
9254
9404
9404
9558
9713
9713
9867
9863
9867
9713
9100
8332
7718
7103
7103
7409
7872
8178
8332
8637
8791
8945
9100
9250
9404
9558
9713
9250
8791
8332
7718
7258
6795
7103
7409
7718
8023
8332
8641
8791
8945
9100
9250
9404
9558
9558
9250
8791
8332
7718
7409
7718
8023
8332
8486
8791
8945
9100
9250
9404
9558
9558
9709
9709
9404
8945
8483
7869
8178
8328
8637
8791
8942
9250
9250
9404
9558
9709
9709
9863
9863
9713
9250
8791
8178
8023
8178
8332
8637
8791
8945
9100
9250
9404
9558
9713
9713
9867
9863
9558
9100
8637
8332
7718
7409
7718
8023
8178
8486
8637
8945
9100
9250
9404
9558
9558
9713
9713
9713
9404
8945
8332
7718
7872
8023
8332
8641
8791
8945
9100
9250
9404
9558
9713
9713
9713
9863
9867
9404
8945
8332
7564
7409
7718
8023
8332
8637
8791
8945
9100
9250
9404
9558
9713
9713
9863
9863
9558
9100
8332
7718
7409
7564
7872
8178
8332
8637
8791
8942
9246
9396
9543
9692
9688
9838
9988
9830
9373
8758
7990
8294
8448
8751
8901
9208
9365
9519
9676
9826
9826
9975
9975
10124
10124
10124
9357
8905
9054
9208
9357
9511
9664
9814
9814
9967
9967
10124
10282
10282
10282
10278
10278
9511
9357
9511
9660
9664
9822
9979
10133
10129
10129
10278
10278
10278
10278
10274
10427
10274
9822
9515
9668
9818
9818
9971
9967
10120
10120
10274
10278
10278
10436
10440
10440
10440
10436
9668
8747
8440
8747
8901
9208
9365
9523
9672
9826
9822
9975
9971
10124
10124
10278
10274
10274
10129
9519
9212
9208
9361
9515
9664
9818
9818
9971
9967
10124
10282
10286
10282
10282
10431
10431
10124
9357
8897
9204
9357
9515
9672
9826
9975
9975
9971
10124
10124
10274
10274
10274
10274
10427
10431
9975
9361
9511
9511
9664
9814
9967
9967
10120
10120
10274
10278
10436
10436
10436
10431
10431
10431
10124
9357
9204
9357
9511
9668
9822
9975
9975
10129
10124
10278
10278
10274
10274
10427
10427
10427
10427
10129
9212
9054
9208
9511
9511
9664
9818
9967
9967
10120
10120
10278
10282
10436
10436
10431
10431
10431
10278
9357
