8791
8945
9100
9254
9404
9558
9558
9713
9709
9863
9863
10017
10017
9709
9096
8483
7869
7409
6795
6795
7103
7409
7872
8178
8332
8637
8791
9100
9250
9250
9404
9558
9250
8945
8486
7872
8023
8332
8637
8791
8945
9100
9250
9400
9547
9696
9846
9842
9838
9219
8762
8147
8147
8297
8601
8905
9058
9208
9361
9515
9672
9826
9979
9979
10129
9668
9208
9357
9511
9664
9822
9975
9979
10129
10129
10129
10278
10278
10278
10274
9511
9058
9208
9361
9511
9511
9664
9814
9814
9967
10120
10124
10282
10282
10282
9668
9208
9357
9511
9664
9814
9967
9971
10129
10133
10282
10282
10278
10278
10278
9971
9051
9051
9361
9519
9676
9830
9826
9979
9975
10129
10124
10124
10278
10278
10274
9822
9058
8594
8747
9054
9204
9357
9511
9664
9814
9818
9975
10133
10133
10282
10282
10278
9668
9208
9357
9511
9664
9818
9975
9979
10129
10129
10129
10278
10278
10278
10431
10427
9818
8905
9054
9208
9357
9511
9664
9660
9814
9967
9967
10120
10120
10278
10282
10436
10282
9515
9361
9511
9664
9660
9814
9967
9967
10124
10282
10282
10282
10282
10431
10431
10431
10278
9204
9204
9357
9511
9668
9826
9984
9979
10133
10129
10282
10278
10278
10278
10427
10427
10120
9361
8598
8747
8901
9208
9357
9511
9664
9660
9814
9967
9967
10124
10129
10286
10282
10436
10282
9515
8901
9204
9357
9511
9511
9660
9818
9975
10133
10133
10129
10282
10278
10278
10278
10431
10124
9357
9204
9511
9668
9826
9822
9975
9971
10124
10124
10124
10274
10274
10274
10427
10423
10427
10124
9515
9361
9511
9664
9818
9814
9967
9967
10120
10120
10269
10269
10274
10278
10436
10440
10444
10295
9381
926
1543
2620
3544
4311
5079
5692
6305
6917
7222
7683
7987
8294
8598
8905
9062
9373
9373
8912
8758
8908
9062
9369
9519
9672
9672
9822
9975
9975
10129
10124
10124
10282
10286
10444
10440
10133
9369
9523
9672
9826
9822
9975
9975
10129
10129
10278
10278
10278
10431
10436
10440
10440
10440
10440
9676
