2315
2931
3854
4775
5695
6461
6613
7225
7836
8294
8755
9212
9515
9822
9971
10278
10427
10580
10734
10887
11040
11347
11500
11659
11352
11352
11505
11500
11654
11654
11649
11649
11802
11802
11802
11802
11802
11797
11797
11797
11950
11950
11950
11950
11950
11950
11950
11950
11950
11950
11950
11950
11950
11950
11950
11950
11950
11950
12104
12262
12267
12267
11352
11505
11505
11654
11654
11807
11802
11802
11802
11802
11802
11797
11950
11950
11950
11950
11950
11950
11950
11950
12104
11950
11950
11950
11950
11950
12104
12104
11950
11950
11950
11950
11950
11950
12104
11500
11500
11654
11649
11802
11802
11802
11802
11649
11797
11797
11797
11797
11950
11950
11797
11950
11950
11950
11950
11950
11950
11950
11950
11950
12104
12104
12104
12104
12104
11950
11950
11950
11950
12104
12104
12262
12262
