2007
2777
3854
4929
5848
6615
6769
7378
7990
8601
9058
9365
9668
9975
10431
10743
11049
11203
10593
10896
11049
11198
11352
11500
11500
11654
11807
11807
11955
11955
12109
12109
12109
12257
12257
12257
12257
12257
12257
12410
12410
12410
12410
12410
12410
12410
12410
12405
12410
12410
12410
12405
12563
12568
12722
12420
11960
11960
12114
12109
12262
12262
12109
12109
12109
12262
12257
12257
12257
12257
12257
12257
12410
12410
12410
12410
12410
12410
12410
12410
12410
12410
12410
12410
12410
12410
12410
12410
12410
12410
11654
11807
11807
11955
11955
12109
12109
11955
12104
12104
12104
12257
12257
12257
12257
12257
12410
12410
12405
12405
12405
12405
12410
12410
12410
12410
12410
12410
12410
12563
12410
12410
12410
12410
12410
12563
12568
12267
12114
12114
12109
12262
12262
12262
12257
12257
