2007
2777
4008
4775
5543
6310
6920
7228
7840
8451
8908
9365
9822
9975
10278
10585
10734
11040
11194
11189
11342
11496
11649
11802
11807
11352
11500
11654
11807
11802
11955
11802
11955
11955
12109
12104
12257
12104
12104
12257
12257
12257
12257
12257
12257
12257
12410
12410
12405
12405
12252
12405
12405
12405
12405
12405
12405
12405
12405
12405
12410
12563
12568
11960
11960
12114
12114
12109
12262
12262
12109
12262
12262
12257
12257
12257
12410
12410
12410
12410
12410
12410
12410
12410
12410
12410
12410
12410
12410
12410
12410
12410
12410
12410
12410
12410
12410
12410
12410
12410
12568
12568
12574
12426
12272
12124
11361
11356
11510
11659
11659
11812
11960
11960
11960
12109
12109
12109
12109
12262
12262
12262
12257
12257
12257
12410
12410
12410
12410
12410
12410
12410
12410
12410
12410
12410
12410
8626
9088
9393
9547
9543
9696
9085
8322
8780
9085
9393
9547
9696
8934
8322
8626
9088
9393
9700
9700
8934
8476
8934
9242
9547
9850
9700
8934
8476
8780
9242
9547
9854
9854
8934
8322
8780
9088
9393
9700
10004
9088
8322
8630
9088
9393
9700
10004
9547
8630
8476
8934
9242
9547
9854
10004
9088
8322
8630
9088
9393
9700
9850
9700
8780
8171
8630
9088
9393
9700
9850
9547
8780
8167
8626
9088
9393
9700
9850
9696
8780
8013
8472
8777
8927
9231
9381
9684
9680
9830
9830
9979
10133
10129
10282
10282
10129
10282
10278
10431
10431
10431
10431
10580
10278
10431
10427
10427
10580
10580
10580
10580
10427
10580
10580
10580
10580
10580
10580
10585
9826
9826
9975
10129
10278
10278
10431
10431
9971
10124
10278
10431
10427
10580
10580
10580
10580
10580
10580
10580
10734
10734
10734
10734
10734
10734
10734
10734
10734
10734
10734
10734
10734
9092
9550
9854
10158
10462
10611
10453
10602
10752
10905
11054
11203
11356
11203
11352
11505
11505
11654
11654
11807
11500
11654
11654
11802
11802
11802
11955
11802
11802
11802
11955
11955
11955
11955
11802
11802
11955
11955
11955
11955
12109
11955
11505
11500
11654
11654
11807
11807
11802
11955
11649
11802
11802
11802
11955
11955
11955
11802
11802
11802
11955
11950
11950
11950
12104
11802
11797
11950
11950
11950
11950
12104
12104
11802
11802
11950
11950
11950
11950
11950
12104
11802
11802
11960
12114
12119
12272
12272
12119
11049
10133
10440
10743
10896
11198
11352
11500
11500
11194
11347
11500
11649
11802
11802
11955
11955
11955
11955
11955
11955
11955
11955
12109
12109
12109
11955
12109
12109
12109
12104
12104
12104
12104
12104
11955
12104
12104
12109
12262
12267
12420
12426
11510
10593
10440
10743
10896
11198
11352
11500
11654
11807
11500
11654
11802
11802
11955
11955
12109
12104
12257
12104
12104
12257
12257
12257
12257
12257
12257
12257
