2005
2929
3851
4771
5692
6456
7068
7526
8137
8290
8747
9204
9511
9814
10116
10427
9971
10124
10427
10580
10729
10882
11031
11184
11031
11031
11184
11337
11337
11486
11486
11486
11486
11486
11486
11491
11496
11342
11347
11352
11049
10436
10738
10891
11040
11194
11342
11342
11491
11491
11644
11644
11797
11792
11792
11945
11945
11945
11945
11945
12099
12410
12262
12109
11654
11500
11500
11649
11649
11649
11797
11797
11797
11797
11797
11945
11945
11945
11945
11945
11945
11945
11945
11945
12099
12410
12410
12415
12267
11352
11505
11500
11649
11649
11802
11797
11797
11950
11797
11797
11945
11945
11945
11945
11945
11945
12099
11945
12099
12252
12410
12563
12716
12722
925
2002
3079
4154
5073
5839
6604
7216
7827
8284
8590
8740
8893
9507
9967
10427
10734
11045
11198
10887
10431
10580
10729
10882
11036
11031
11184
11184
11337
11333
11486
11644
11040
11036
11189
11184
11337
11337
11337
11486
11486
11486
11486
11486
11634
11486
11792
11950
12104
12257
12415
12262
12109
11496
11036
11189
11189
11337
11337
11337
11491
11486
11486
11486
11792
11797
7255
7564
7869
8178
8483
8791
8945
9096
9404
9558
9558
9709
9558
8791
8023
7255
6949
7255
7564
7869
8178
8483
8791
8945
9096
9404
9404
9558
9709
9096
8332
7564
6949
7103
7409
7869
8178
8483
8791
8945
9096
9250
9404
9558
9709
9863
8945
8178
7564
6949
7255
7564
7869
8178
8483
8791
8945
9250
9404
9558
9558
9709
9709
8945
8178
7409
6795
7100
7409
7869
8178
8483
8637
8942
9096
9250
9400
9554
9709
9863
9404
8483
7869
7100
6949
7100
7409
7869
8178
8483
8791
8945
9096
9250
9404
9558
9709
9863
9404
8637
7869
7100
6949
7255
7718
8023
8332
8637
8791
9096
9250
9404
9558
9713
9863
9863
9404
8637
7869
7258
6795
7103
7564
7869
8178
8483
8791
8945
9096
9250
9404
9558
9709
9863
9713
8945
8178
7409
6795
6795
7255
7564
8023
8332
8483
8791
8945
9250
9404
9558
9709
9705
9850
9846
8923
8154
7538
7843
8147
8451
8755
8905
9212
9369
9527
9676
9826
9826
9975
9975
10124
9818
8901
9054
9204
9357
9511
9664
9822
9979
9984
10141
10141
10146
10304
10304
10304
10308
9696
9085
8934
9088
9396
9550
9705
9705
9859
10013
10013
10013
10167
10167
10321
10321
10321
9863
9709
9863
9863
10017
10013
10167
10167
10167
10321
10321
10321
10475
10475
10475
10475
10321
10321
10321
10475
10475
10475
10475
10475
10475
10475
10475
10629
10629
10629
10629
10629
10475
10475
10475
10475
10475
10475
10475
10475
10629
10629
10629
10629
10629
10629
10629
10629
10475
10475
10475
10475
10629
10629
10629
10629
10629
10629
10629
10629
10629
10629
10629
10629
10475
10475
10475
10475
10475
10629
10629
10629
10629
10629
10629
10629
10629
10629
10629
10629
10629
10475
10475
10475
10475
10475
10475
10475
10475
10629
10629
10629
10629
10629
10629
10629
10629
10629
10321
10475
10475
10475
10475
10475
10475
10475
10475
10629
10629
10629
10629
10629
10629
10629
10629
10475
10475
10475
10475
10475
10475
10629
10629
10629
10629
10629
10629
10629
10629
10629
10629
10629
