2161
2777
3854
4775
5695
6461
7074
7532
7990
8448
8905
9365
9668
9062
9519
9822
9975
10278
10431
10585
10734
10887
11040
11189
11342
11342
11496
11496
11644
11644
11797
11797
11797
11797
11950
11950
11950
12104
11950
12104
12104
12104
12104
12104
12104
12104
12104
12257
12257
12415
12420
11352
11198
11352
11500
11500
11654
11802
11500
11649
11649
11802
11802
11802
11950
11802
11802
11955
11950
11950
11950
12104
12104
12104
12104
12104
12104
12104
12104
12104
12104
12104
12104
12104
12104
12257
11500
11500
11500
11654
11649
11649
11802
11802
11802
11797
11950
11950
11950
12104
12104
11950
11950
12104
12104
12104
12104
12104
12104
12104
12104
12104
12104
12104
12104
12257
12104
12104
12104
12104
12104
12257
12262
12415
11659
11654
11807
11807
11802
11955
11955
11955
11802
11955
11955
11955
12104
12104
12104
12104
12738
12738
12732
12574
12574
12568
12415
12415
12410
12410
12410
12410
12405
12405
12405
12405
12405
12252
12405
12405
12400
12400
12400
12247
12400
12400
12400
12400
12400
12247
12400
12400
12400
12400
12400
12247
12247
12405
12558
12563
12563
11654
11802
11802
11955
11950
12104
12104
12099
12099
12099
12099
12252
12252
12252
12252
12252
12247
12247
12247
12247
12247
12247
12247
12247
12247
12247
12247
12247
12247
12247
12247
12247
12400
12247
12247
12400
12400
12400
12558
12563
11955
11950
12104
12104
12104
12257
12252
12099
12099
12099
11945
11792
11797
11644
11644
11491
11337
11337
11184
11184
11184
11184
11184
11031
11031
10882
11036
11036
11036
11031
11031
11031
11031
10882
10729
11031
11184
11337
11496
11802
11955
11352
11347
11500
11649
11649
11797
11797
11950
11950
11945
12099
12099
12099
12099
12252
12252
10914
10914
10914
10914
10914
11068
10914
10914
10914
10914
11068
11068
11068
10914
10914
10914
10914
10914
11068
11068
10914
10914
10914
10914
10910
10910
10905
10598
10593
10747
10747
10743
10743
10743
10738
10431
10431
10585
10585
10585
10585
10585
10431
10431
10431
10585
10580
10580
10580
10580
10431
10431
10431
10431
10580
10580
10580
10580
10580
10431
10431
10431
10580
10585
10589
10743
10747
9830
9066
9066
9216
9523
9672
9826
9979
9975
9975
9365
9519
9668
9822
9975
10129
10124
10278
10278
10124
10278
10278
10278
10431
10431
10431
10431
10278
10278
10278
10431
10431
10431
10580
10580
10580
10278
10278
10431
10431
10431
10589
10589
10747
10747
10286
9373
8758
9062
9216
9365
9672
9826
9822
9975
10129
9971
10124
10124
10278
10278
10278
10431
10427
10427
10427
10427
10427
10427
10580
10580
10580
10580
10580
10580
10427
10580
10580
10580
10580
10580
10580
10580
10580
10431
10585
10589
10589
10747
10747
10747
10743
10743
10743
9979
9062
9062
9216
9519
9672
9822
9975
9975
10129
10124
9975
13204
13204
13204
13204
13204
13204
13204
13204
13204
13204
13204
13204
13204
13204
13204
13045
12891
12732
12732
12727
12574
12574
12568
12415
12415
12415
12415
12257
12257
12257
12257
12257
12257
12257
12257
12257
12257
12257
12257
12104
12104
12104
12257
12257
12257
12257
12104
12104
12104
12104
12104
12104
12104
12104
12104
12104
12104
12262
12415
11807
11807
11807
11955
11955
11955
11955
11955
11950
12104
12104
12104
12104
12104
11950
12104
12104
12104
12104
12104
12104
12104
12104
12104
12104
12104
12104
12104
12104
12104
12104
12104
12257
12257
12257
12104
12104
12104
12104
12257
12257
12257
12104
12257
12262
12415
12420
12574
12574
12119
11356
11505
11659
11654
11807
11807
11802
11955
11802
11802
11955
11955
11955
11955
12109
12104
12104
12104
12104
12104
12104
12104
12104
