2313
2775
3544
4311
5079
5538
6151
6456
6456
6914
7219
7680
7983
8137
8598
8601
8601
8751
8905
9054
9208
9208
9357
9357
9357
9511
9511
9660
9660
9660
9814
9361
9361
9515
9511
9664
9664
9664
9814
9511
9507
9660
9660
9660
9814
9814
9967
9515
9515
9515
9511
9664
9664
9664
9818
9814
9814
9814
9814
9814
9814
9814
9967
10124
9822
9668
9818
9818
9818
9818
9814
9814
9967
9814
9814
9814
9967
9967
9967
9967
10274
9822
9822
9818
9818
9818
9818
9971
9967
9967
9814
9660
9814
9814
9814
9814
9814
9967
10278
9822
9822
9818
9818
9971
9971
9971
9967
9967
9967
9814
9814
9814
9967
9967
9967
9967
10278
9975
9668
9668
9822
9818
9818
9818
9971
9971
9971
9818
9814
9967
9967
9967
9967
9967
10124
10278
10129
9822
9822
9822
9818
9818
9971
9971
9971
9971
9971
9818
9814
9814
9814
9967
9967
10120
10278
10436
9672
9826
9822
9822
9822
9818
9971
9971
9971
9971
9971
9971
9967
9967
9967
9967
9967
10120
10278
10436
9826
