2315
3084
4008
4775
5543
6154
6613
7074
7378
7836
8144
8448
8755
8905
9212
9208
9361
9515
9668
9818
9971
9971
1235
2006
2930
3852
4775
5389
6154
6613
6613
7071
7529
7990
8294
8601
8905
9058
9058
9361
9515
9668
9818
9818
9971
9971
9971
10124
10124
10278
10278
10274
10427
10427
10427
10427
10427
10431
10585
10589
10589
10593
9523
8762
8758
9062
9216
9365
9519
9668
9822
9822
9668
9822
9822
9971
10124
10124
10124
10278
10124
10278
10278
10278
10427
10427
10427
10427
10580
10427
10427
10427
10580
10580
10580
10580
10580
10585
9975
10129
10129
10278
10278
10278
10431
10431
10431
10431
10431
10427
10580
10580
10580
10580
10580
10580
10580
10580
10580
10580
10580
10734
10734
10734
10734
10580
10580
10580
10580
10580
10580
10580
10734
10734
9975
9975
10129
10282
10278
10431
10431
10431
10585
10278
10278
10427
10427
10427
10580
10580
10580
10580
10580
10278
10278
10427
10427
10427
10427
10431
10427
10427
10427
10427
9971
9822
9818
9971
9971
10124
10124
10282
10436
10436
10440
9830
8912
13204
13204
13204
13204
13204
13204
13204
13204
13204
13204
13204
13204
13204
13204
13357
13204
13204
13204
13357
13357
13204
13204
13204
13204
13045
13039
12886
12732
12727
12727
12568
12568
12568
12415
12415
12410
12410
12410
12410
12257
12257
12257
12257
12257
12257
12257
12257
12257
12257
12257
12257
12257
12257
12257
12257
12257
12257
12257
12257
12257
12257
12262
12415
12574
12574
11965
10901
11049
11203
11352
11505
11500
11654
11654
11654
11802
11802
11955
11955
11955
11955
11955
11955
12104
12104
12104
12104
12104
12104
12104
12104
12104
12104
12104
12257
12104
12257
12252
12252
12252
12252
12252
12252
12099
12257
12415
12415
12574
12415
12415
11500
11045
11045
11194
11347
11500
11654
11649
11802
11649
11802
11802
11802
11955
11950
11950
12104
11955
11950
12104
12104
12104
12104
12104
12104
13352
13352
13352
13352
13352
13352
13352
13346
13193
13034
13034
12875
12875
12870
12716
12716
12716
12558
12558
12558
12558
12558
12405
12558
12558
12553
12553
12553
12400
12400
12400
12400
12400
12400
12400
12400
12400
12400
12400
12400
12400
12400
12400
12400
12400
12400
12400
12405
12558
12716
12716
12722
12114
11654
11807
11802
11955
11955
11950
12104
12104
12104
12104
12252
12252
12252
12099
12252
12252
12252
12252
12252
12252
12252
12252
12252
12247
12400
12400
12252
12405
12400
12400
12400
12400
12400
12400
12400
12400
12400
12400
12400
12405
12257
11500
11496
11649
11644
11797
11797
11945
11797
11491
11644
11792
11792
11945
11945
12099
11945
12099
12093
12093
12093
12247
12247
12247
12247
12247
12247
12247
12247
12247
12400
12247
12247
12400
12400
12400
12400
12400
12400
