2622
3236
4311
5233
6151
6764
7372
7833
8137
8594
9051
9357
9660
9967
10269
9515
9664
9971
10120
10423
10576
10729
10878
10725
10878
11031
11180
11180
11333
11333
10882
10882
11036
11184
11337
11337
11486
11486
11486
11639
11639
11639
11639
11787
11787
11945
11036
11036
11036
11184
11337
11337
11486
11486
11337
11333
11486
11486
11639
11639
11639
11792
11644
11189
11189
11337
11491
11491
11644
11639
11639
11639
11639
11639
11792
11792
11792
11787
11945
11342
11342
11491
11491
11491
11639
11639
11639
11792
11639
11792
11792
11792
11787
11787
11787
11945
11644
11040
11036
11189
11337
11337
11491
11491
11639
11639
11333
11333
11486
11486
11639
11639
11639
11792
11945
11189
11189
11342
11337
11491
11491
11644
11639
11639
11639
11792
11792
11792
11787
11787
11787
11940
12099
11644
11342
11496
11491
11491
11644
11644
11639
11639
11792
11792
11792
11792
11792
11787
11787
11940
11940
12099
12099
11496
11496
11644
11644
11644
11792
11792
11792
11792
11792
11639
11639
11792
11639
11639
11486
11486
11486
11491
11342
11347
11990
12144
12293
12446
12293
11683
11837
11990
12298
12293
12144
11837
12144
12293
12446
12446
11837
12144
12293
12446
12446
12293
11990
12144
12293
12446
12446
11837
11990
12298
12451
12600
12600
11837
12144
12298
12451
12446
12600
11837
11990
12298
12451
12446
12600
11841
11990
12144
12298
12446
12600
11841
11837
12144
12298
12451
12446
12144
11990
12144
12298
12446
12600
12600
11837
12144
12298
12451
12600
12600
11990
11990
12144
12298
12446
12600
12600
11837
12144
12298
12451
12446
12600
12298
11837
12144
12298
12451
12600
12600
12144
11990
12144
12298
12446
12600
12600
11990
11990
12144
12298
12446
12600
12446
11990
11837
11990
12144
12298
12451
12600
12298
11841
11990
12298
12451
12446
12600
12451
11380
11380
11688
11837
12144
12144
12144
12144
6795
6946
7255
7564
7869
8178
8483
8637
8945
9096
9250
9404
9404
9096
8328
7718
7255
7409
7718
8023
8328
8633
8784
9088
9235
9385
9535
9684
9838
9377
8762
9066
9219
9369
9523
9672
9826
9826
9975
10133
10137
10291
10291
9984
9066
9216
9369
9519
9672
9826
9822
9975
10129
10129
10129
10282
10278
10278
10124
10282
10286
10440
10440
10440
10440
10436
10589
10589
10589
10589
10585
10129
9212
9365
9519
9668
9822
9975
9975
10129
10129
10286
10291
10286
10440
10440
9979
9216
9369
9519
9672
9826
9822
9975
9975
10129
10129
10282
10278
10278
10278
9672
9672
9826
9822
9975
9975
10129
10124
10278
10278
10278
10431
10431
10431
10278
9971
9971
10124
10124
10278
10282
10440
10440
10440
10440
10436
10436
10436
10589
10282
9519
9519
9672
9822
9822
9975
9975
10129
10124
10278
10278
10278
10436
10440
10440
10286
9369
9369
9523
9672
9672
9826
9975
9975
10129
10129
10278
10278
10278
10278
10431
10431
10278
10278
10436
10440
10440
10440
10593
10589
10589
10589
10589
10589
10589
10585
10585
10129
9212
9365
9519
9668
9822
9822
9975
9975
10129
10286
10291
10291
10295
10299
10453
10457
9846
8931
770
1848
2925
3846
4613
5380
5992
6610
7071
7532
7836
8294
8444
8747
8901
9204
9051
8287
8287
8594
8905
9058
9369
9519
9668
9668
9818
9971
9971
10120
10120
10274
10274
10278
9975
9515
9668
9818
9818
9971
10120
10120
10120
10274
10269
10427
10431
10436
10436
10431
10431
10431
9818
9511
9664
9664
9660
9814
9814
9971
9975
9979
10133
10129
10129
10124
10278
10274
10274
10427
10427
10120
9204
9361
9519
9672
9822
9971
9971
10124
10120
10120
10274
10269
10269
10269
10427
10431
10436
10436
9672
8755
9058
9212
9361
9515
9664
9818
9814
9967
9967
10124
10282
10282
10282
10278
10431
10431
10427
9664
9204
9357
9511
9660
9814
9967
9971
10129
10129
10282
10278
10278
10427
10427
10427
10427
10427
10274
9511
