8290
8594
8901
9051
9204
9357
9511
9660
9814
9814
9967
10124
10129
9361
9515
9668
9818
9818
9971
9967
10120
10120
10274
10274
10278
10436
9979
9062
8905
9058
9208
9361
9515
9664
9818
9818
9971
10129
10133
10286
10286
9672
9208
9361
9515
9664
9818
9818
9971
10124
10129
10286
10286
10282
10282
9975
9208
9208
9361
9511
9664
9818
9818
9975
10133
10137
10137
10291
10286
10286
9826
8905
8137
7983
8287
8594
8905
9062
9216
9369
9519
9672
9822
9975
9971
10124
10124
9357
8897
9054
9365
9519
9672
9822
9822
9971
9971
10124
10124
10120
10274
10274
9967
9208
617
1388
2312
3235
4157
4925
5695
6310
6772
7231
7689
7993
8297
8605
8755
8448
7836
7990
8294
8601
8755
9058
9212
9365
9519
9676
9830
9984
9984
10133
10133
9826
9062
9062
9216
9365
9519
9672
9822
9975
9975
10129
10129
10282
10286
10444
10440
10286
9373
9216
9369
9523
9672
9826
9826
9975
9975
10129
10129
10282
10278
10278
10431
10436
9830
9826
9979
10133
10133
10129
10282
10282
10282
10436
10431
10431
10431
10431
10431
10585
10129
10129
10286
10291
10444
10440
10440
10440
10436
10436
10436
10589
10589
10589
10585
10585
9672
9212
9365
9519
9668
9826
9979
9984
10137
10133
10286
10286
10282
10282
10436
10436
10431
9822
9212
9365
9515
9668
9822
9822
9971
9975
10129
10286
10286
10286
10440
10436
10436
10436
10129
9365
9212
9365
9519
9668
9822
9975
9975
10129
10124
10278
10282
10440
10444
10440
10440
10440
9979
9216
9369
9519
9672
9826
9975
9975
10129
10129
10129
10282
10278
10431
10431
10436
10440
10598
9984
9219
9369
9523
9676
9826
9826
9979
10129
10129
10129
10282
10282
10278
10431
10431
10431
10431
10133
10133
10129
10129
10282
10282
10278
10431
10431
10431
10431
10431
10585
10585
10580
10580
10580
10427
10124
10129
10286
10286
10291
10444
10444
10440
10440
10440
10436
10589
10589
10589
10589
10585
10585
10282
9365
8448
