1853
2468
3393
4315
5081
5695
6154
6308
6920
7378
7836
8297
8605
8301
8451
8758
9062
9212
9365
9668
9668
9822
9975
9971
10124
10278
10278
10278
10431
10431
10427
10580
10427
10580
10580
10580
10580
10580
10580
10580
10580
10734
10734
10734
10729
10729
10580
10734
10891
10891
11049
11049
10440
9523
9676
9826
9975
10129
10282
10278
10124
10278
10431
10431
10580
10580
10580
10580
10580
10580
10734
10734
10734
10734
10734
10734
10882
10882
10882
10882
10882
10882
10882
10882
10882
10882
10887
11040
10891
10585
10585
10738
10738
10734
10734
10887
10734
10734
10734
10887
10887
10887
10882
10882
10734
10887
10887
10887
10887
10887
10882
10887
10887
10882
10882
10882
10887
10887
10887
10734
10734
10734
10734
10882
10887
10887
11045
10589
10133
10282
10282
10431
10431
10585
10585
10580
10580
10580
10734
10734
10734
10734
10887
10887
