2159
2775
3543
4311
5079
5692
6151
6610
6914
7219
7526
7830
8137
8598
8905
8451
8448
8751
8905
9054
9208
9208
9357
9357
9511
9511
9511
9664
9664
9814
9818
9515
9515
9664
9664
9664
9818
9818
9814
9814
9814
9814
9967
9967
9967
9967
9967
9361
9361
9515
9511
9511
9664
9664
9660
9660
9660
9660
9814
9814
9814
9814
9814
10120
9515
9664
9664
9664
9818
9818
9814
9814
9814
9814
9814
9814
9967
9967
9967
9967
9967
9971
9668
9664
9818
9818
9818
9814
9814
9967
9967
9814
9967
9967
9967
9967
9967
9967
10120
9971
9818
9818
9818
9818
9971
9967
9967
9967
9967
9814
9814
9814
9967
9967
9967
9967
9967
10274
9822
9818
9818
9971
9971
9967
9967
9967
9967
9814
9967
9967
9967
9967
9967
9963
9963
10120
10124
9822
9971
9971
9971
9971
9967
9967
9967
9967
9967
9967
9967
9967
9967
9967
9967
9963
10120
10274
9975
9822
9818
9971
9971
9971
9971
9971
9967
9967
9967
9967
9967
9967
9967
9967
9967
9967
10120
10431
9975
11990
12144
12293
12446
12600
11990
12144
12298
12446
12600
12144
12144
12298
12451
12600
12600
12144
12298
12451
12600
12600
12144
12144
12298
12451
12600
12600
11990
12144
12298
12446
12600
12600
11990
12144
12298
12446
12600
12451
11990
12298
12451
12446
12600
12451
11990
12144
12451
12446
12600
12600
12144
12298
12451
12600
12600
12600
11990
12144
12298
12451
12600
12600
11990
11990
12144
12298
12446
12600
12600
11990
12144
12298
12446
12600
12600
11990
12144
12298
12446
12600
12600
12754
12144
12298
12451
12600
12600
12754
12446
12144
12298
12451
12600
12754
12754
12298
12144
12298
12446
12600
12600
12754
12144
12144
12298
12446
12600
12754
12754
12293
12144
12293
12446
12600
12754
12754
12446
12144
12298
12446
12600
12754
12754
12600
