2007
2623
3700
4621
5389
6154
6766
7071
7683
8294
8751
9361
9668
9971
10274
10580
10882
11036
11184
11337
11491
11644
11797
11792
11945
11945
12099
12099
12252
12410
12262
11955
11955
12104
12104
12257
12257
12252
12252
12405
12405
12405
12405
12405
12400
12400
12553
12553
12553
12553
12553
12553
12553
12553
12553
12553
12553
12553
12553
12553
12553
12553
12553
12553
12553
12553
12553
12553
12553
12558
12558
12711
12716
12870
12875
12722
11807
11807
11955
11955
12109
12104
12257
12104
12104
12252
12252
12252
12252
12405
12405
12405
12405
12400
12553
12553
12553
12553
12553
12553
12553
12553
12553
12553
12553
12553
12553
12553
12553
12553
12553
12553
12553
12553
12553
12553
12711
12864
12870
12415
11955
11955
12109
12109
12257
12257
12257
12410
12405
12405
12405
12405
12405
12405
12558
9242
9550
10008
10312
10620
10769
10466
9550
9242
9705
10008
10312
10620
10923
10316
9396
9396
9705
10162
10466
10774
10923
10316
9396
9396
9705
10162
10466
10620
10928
10316
9550
9092
9550
10008
10312
10620
10923
10620
9700
9088
9550
10008
10312
10620
10923
11077
10008
9242
9396
9700
10008
10466
10774
11077
10466
9550
8938
9242
9700
10162
10466
10774
11077
10162
9242
8633
9092
9550
10008
10316
10620
10923
10312
9396
8633
9092
9550
10008
10312
10620
10928
10774
9705
8938
9396
9705
10162
10466
10774
11077
11077
10008
9092
9242
9705
10162
10466
10774
11077
11231
10312
9396
8938
9396
9700
10008
10466
10774
10923
10774
9854
9092
8938
9396
9854
10162
10466
10774
11077
10774
9705
8938
8938
9396
9705
10008
10316
10466
10774
10162
9550
8784
8630
9092
9550
10008
10312
10620
10923
10620
9700
8938
8784
9242
9705
10162
10466
10774
10923
11077
10008
9246
8633
9092
9396
9854
10316
10620
10928
11077
10466
9550
8784
8633
9092
9396
9854
10162
10312
10620
10620
10008
9242
8479
8479
8938
9396
9854
10316
10620
10928
10923
10162
9242
8479
12144
12298
12446
12446
12600
11990
12298
12451
12600
12600
12144
12139
12134
12129
12282
12277
12272
12272
12272
12420
12420
12415
12415
12415
12415
12410
12410
12410
12410
12410
12410
12410
12410
12410
12410
12410
12410
12410
12410
12410
12410
12410
12410
12410
12563
12563
12563
12410
12410
12410
12410
12410
12563
12415
11960
12114
12109
12262
12262
12262
12257
12257
12257
12410
12410
12410
12410
12410
12410
12410
12410
12405
12405
12405
12410
12410
12405
12558
12558
12558
12558
12405
12405
12405
12405
12558
12558
12558
12405
12405
12405
12405
12405
12405
12405
12405
12410
12563
12722
12722
12880
12880
12420
11505
11659
11654
11807
11960
11960
12109
12109
12109
12109
12262
12257
12257
12257
12257
12257
12410
12410
12410
12410
12410
12410
12410
12410
12410
12410
12410
12563
12563
12563
12563
