2005
2466
3389
4157
4769
5382
5995
6610
6461
6769
7228
7532
7836
8140
8294
8444
8290
8598
8747
8901
9054
9051
9204
9357
9357
9357
9507
9507
9818
9971
9975
9365
9212
9212
9361
9515
9515
9664
9664
9664
9664
9664
9814
9814
9814
9814
9814
9967
9814
9814
9814
9967
10278
10431
10282
9523
923
1691
2613
3689
4611
5531
6146
6453
6146
5839
6300
6604
6912
7216
7523
7676
7980
8440
8751
8448
8448
8598
8598
8747
8747
8901
8901
8897
9051
9051
8897
8598
8598
8747
8747
8901
8901
8897
9051
9051
9051
9051
923
1691
2613
3382
3995
4609
5222
5683
6297
7065
7372
7065
7372
7523
7830
7983
8134
8287
8440
8594
8590
8744
8744
8897
9208
9515
9672
9672
9830
9676
9676
9519
8908
8140
8137
8290
8444
8440
8594
8747
8901
9208
9519
9519
8755
8751
8905
8905
8901
9054
9054
9054
9054
9054
9204
9204
9204
8751
8905
8901
8901
9054
9054
9051
9051
9051
9204
9204
9204
9204
9357
9664
9822
9826
9979
9984
10291
9834
9073
8311
8465
8773
9077
9539
9846
10000
10154
9696
9846
10154
10304
10611
10765
10919
10629
10629
10629
10629
10629
10629
10629
10629
10629
10629
10629
10629
10475
10475
10475
10629
10629
10629
10629
10629
10629
10629
10629
10629
10629
10475
10629
10629
10629
10629
10629
10629
10629
10629
10629
10629
10629
10629
10629
10629
10629
10629
10629
10629
10629
10629
10629
10629
10629
10629
10629
10475
10629
10629
10629
10629
10629
10629
10629
10629
10629
10629
10629
10629
10629
10629
10629
10629
10629
10629
10629
10629
10629
10629
10629
10629
10629
10629
10629
10629
10629
10629
10629
10629
10629
10629
10629
10629
10629
10629
10629
10475
10475
10475
10475
10629
10629
10629
10629
10629
10629
10629
10629
10629
10624
10629
10629
10629
10629
10629
10629
10629
10629
10629
10629
10629
10629
10629
10629
10629
10629
10629
10629
10629
10629
10629
10629
10629
10629
10629
10629
10629
10629
10629
10629
10629
10629
10629
10629
10629
10629
10629
10629
10629
10629
10629
10629
10629
10629
10321
10167
10321
10321
10321
10475
10475
10475
10475
10475
10475
10475
10475
10629
10629
10629
10321
10475
10475
10475
10475
10475
10475
10475
10629
10629
10629
10629
10629
10629
10629
10475
10475
10475
10475
10475
10475
10475
10629
10629
10629
10629
10629
10629
10629
10629
10629
10321
10475
10475
10475
10475
10475
10475
10475
10629
10629
10629
10629
10629
10629
10629
10629
10321
10475
10475
10475
10475
10475
10475
10629
10629
10629
10629
10629
10629
10629
10475
10475
10475
9863
9709
9863
9863
9863
10017
10017
10017
10017
10013
10013
10167
10167
10167
10321
10321
10321
10475
10321
9709
9863
10017
10013
10167
10167
10167
10321
10321
10321
10475
10475
10475
10475
10475
10475
10475
10321
10321
10475
10475
10475
10475
10475
10475
10475
10475
10629
10629
10629
10629
10629
10629
10629
10321
10475
10475
10475
10475
10475
10475
10475
10629
10629
10629
10629
10629
10629
10629
10629
10629
10629
13516
13516
13516
13516
13516
13516
13516
13516
13516
13516
13516
13516
13516
13516
13516
13516
13516
13516
13516
13516
13516
13516
13516
13516
13516
13516
13516
13516
13516
13516
13516
13516
13516
13516
13516
13516
13516
13516
13516
13516
13516
13516
13516
13516
13516
13516
13516
13516
13516
13516
13516
13516
13516
13516
13516
13516
13516
13516
13516
13516
13516
13516
13516
13516
13516
13516
13516
13516
13516
13670
13670
13516
13516
13516
13516
13516
13516
13516
13516
13516
13516
13516
13516
13516
13516
13516
13516
13516
13516
13516
13516
13516
13516
13670
13664
13664
13511
13511
13511
13511
13664
13664
13511
13511
13511
13511
13511
13511
13511
13511
13511
13511
13664
13664
13664
13664
