2005
2619
3697
4617
5692
6613
7228
7532
7990
8448
8905
9208
9511
9664
9967
10120
10269
10423
10576
10725
10878
11031
10427
10427
10580
10576
10729
10882
11031
11031
11031
11031
11180
11180
11180
11333
11333
11491
10734
10882
11036
11036
11184
11184
11184
11184
11031
11031
11031
11031
11031
11031
11031
11031
11036
11194
10585
10734
10887
11036
11036
11189
11184
11337
11184
11337
11337
11333
11333
11333
11486
11486
11644
10887
10887
11036
11036
11031
11184
11184
11337
11337
11184
11337
11333
11333
11333
11486
11486
11639
9676
9672
9975
10129
10278
10427
10580
10729
10729
10576
10729
10725
10878
11031
11184
11180
11491
11342
11036
11189
11189
11184
11337
11337
11337
11491
11486
11486
11486
11486
11486
11486
11486
11486
11639
11797
11189
11189
11189
11337
11337
11337
11337
11486
11486
11486
11333
11333
11486
11486
11486
11486
11486
11639
11797
11036
11189
11189
11342
11337
11337
11337
11491
11486
11486
11486
11486
11486
11486
11486
11486
11486
11639
11945
11649
11342
11342
11337
11491
11491
11491
11486
11639
11639
11639
11837
11990
12144
12293
12446
11683
11837
12144
12298
12293
12144
11837
12144
12298
12446
12446
11688
11990
12144
12298
12451
12298
11837
11990
12298
12451
12446
11990
11990
12144
12298
12298
12451
11841
11841
12144
12298
12451
12446
11688
11837
12144
12298
12451
12451
11841
11837
12144
12298
12451
12446
11990
11841
11990
12144
12298
12451
12298
11841
11990
12144
12298
12446
12446
11688
11990
12144
12298
12293
12293
12134
11822
11515
11510
11510
11505
11505
11500
11500
11500
11496
11496
11496
11496
11496
11496
11802
11960
11960
11352
11352
11347
11347
11347
11500
11496
11496
11496
11342
11342
11342
11342
11337
11491
11491
11491
11491
11649
10738
10738
10738
10887
11040
11040
11036
11189
11189
11189
11189
11184
11337
11337
11337
11337
11337
11491
11491
11649
772
2006
3239
4315
5235
6154
6920
7532
7683
8294
8755
9212
9668
9975
10278
10585
