1853
2468
3700
4775
5543
6308
6920
7225
7990
8451
8908
9365
9668
9975
10278
10585
10891
11198
10743
10436
10743
10891
11198
11347
11347
11347
11500
11649
11649
11802
11955
11955
11955
12109
12109
12104
12257
12257
12257
12257
12257
12257
12410
12257
12257
12257
12257
12257
12410
12410
12257
12257
12410
12410
12410
12410
11960
11960
12109
12109
12109
12109
12262
12262
12257
12257
12257
12410
12410
12410
12257
12257
12410
12410
12410
12410
12410
12410
12410
12410
12410
12405
12405
12405
12405
12410
12405
12405
12405
12405
12405
12405
12405
12405
12410
12563
12722
12574
12114
12114
12267
12262
12262
12262
12262
12262
12262
12262
12262
12410
12410
12410
12410
12257
12410
12410
12410
12410
12410
12410
12410
12410
12410
12410
12410
12410
12410
12410
12410
12410
12410
12410
12410
12563
12563
12563
