7872
8178
8486
8641
8791
9100
9100
9250
9404
9558
9713
9713
9867
9558
8945
8486
8027
7872
8023
8332
8641
8791
8945
9100
9250
9404
9558
9558
9713
9713
9404
8945
8486
7872
7409
7564
7872
8178
8486
8637
8791
9100
9254
9404
9404
9558
9713
9713
9713
9100
8332
7718
7258
7103
7564
7872
8178
8332
8637
8791
8945
9100
9250
9404
9558
9558
9558
9250
8791
8178
7718
7409
7718
8023
8332
8483
8791
8945
9096
9250
9404
9558
9558
9709
9709
9558
9096
8637
7869
7409
7564
7869
8178
8483
8637
8791
9096
9250
9404
9404
9558
9709
9709
9709
9404
8791
8178
7564
7103
6643
6795
7258
7564
7872
8178
8486
8637
8791
9100
9250
9404
9404
9558
9713
9558
9250
8791
8178
7564
7872
8178
8486
8641
8791
9100
9254
9250
9404
9558
9558
9713
9713
9867
9713
9404
8791
8178
7564
7103
7564
7872
8178
8332
8641
8791
8945
9100
9250
9404
9558
9558
9713
9713
9404
9100
8791
8332
8023
8332
8486
8791
8945
9100
9250
9404
9404
9558
9713
9713
9867
9863
10017
9713
9404
8945
8637
8178
8486
8637
8945
9100
9250
9404
9558
9558
9713
9713
9863
9863
10017
10017
9863
9558
8945
8332
7869
7409
6795
7255
7564
7869
8178
8483
8637
8945
9096
9250
9404
9404
9558
9713
9713
9863
9713
9404
9250
8791
8486
8486
8637
8791
8945
9100
9250
9404
9404
9558
9558
9709
9709
9863
9863
9863
10017
9863
9558
8945
8483
7869
7409
6949
6949
7255
7718
8023
8332
8483
8791
8945
9096
9250
9404
9558
9558
9713
9713
9863
9713
9100
8641
8023
7564
6949
6643
7103
7564
7872
8178
8486
8637
8791
9100
9254
9404
9558
9558
9713
9867
9863
9863
9713
9404
8945
9100
9250
9404
9558
9558
9713
9713
9863
9863
10017
10017
10017
10017
10171
10171
10171
9863
9250
8637
8178
7718
7258
6795
6795
7255
7564
7869
8178
8486
8637
8945
9096
9250
9404
9404
9558
9709
9709
9709
9863
9558
9250
8945
8483
8328
8483
8791
8942
9096
9250
9400
9547
9696
9846
9842
9992
9988
10137
10137
10295
10295
9988
9219
8448
7680
7833
8290
8601
8755
9062
9216
9365
9519
9668
9822
9818
9971
9971
10124
10282
10286
10286
9826
8905
8137
7830
8134
8444
8751
9062
9216
9365
9519
9668
9668
9818
9971
9971
10120
10124
10282
10286
10282
9515
8751
8938
9396
9859
10316
10620
10774
10008
9092
9092
9550
9854
10162
10466
10774
10008
9092
8938
9396
9854
10162
10466
10774
10162
9246
8784
9396
9705
10162
10466
10620
10466
9550
8784
9092
9550
10008
10316
10620
10769
10008
9088
8784
9242
9547
10008
10312
10620
10769
9854
8938
8938
9396
9854
10158
10466
10769
10620
9700
8784
8938
9396
9854
10162
10466
10774
10620
9700
8938
8784
9242
9700
10162
10466
10620
10923
10008
9088
8630
8934
9396
9700
10008
10312
10620
10008
9396
8630
8784
9242
9700
10162
10466
10774
10620
9859
8938
8633
9092
9550
10008
10312
10620
10928
10316
9396
8633
8938
9396
9854
10004
10000
10150
10146
10141
10295
9984
9216
9365
9672
9979
10440
10593
10747
10901
10747
10593
9826
9058
9208
9361
9515
9664
9818
10129
10436
10743
11049
10440
9672
9519
9668
9822
9822
9971
9971
10124
10124
10585
10738
10743
9979
9979
9975
10129
10124
10278
10278
10278
10431
10427
10427
10738
10436
9975
10129
10124
10124
10278
10278
10274
10427
10427
10427
10427
10580
10431
10129
10129
10124
10278
10278
10274
10427
10427
10427
10427
10427
10423
10580
10124
10278
10278
10274
10427
10427
10427
10427
10427
10423
10423
10576
10729
8476
8934
9239
9547
9850
9088
8322
8780
9088
9393
9700
9854
8934
8171
8630
9088
9393
9547
9700
8934
8171
8322
8780
9088
9547
9700
9242
8322
8476
8934
9239
9547
9850
9393
8630
8780
9088
9393
9700
9696
9696
8780
8167
8626
8934
9393
9696
9850
9239
8476
8476
8934
9239
9393
9547
9700
9242
8322
8322
8780
9088
9393
9700
9850
9088
8322
8476
8934
9242
9393
9547
9700
9239
8476
8167
8318
8469
8465
8615
8766
8762
8916
8912
8908
8908
8905
8905
9212
9519
9826
9984
10291
9830
9062
8448
8448
8598
8751
8751
8901
8901
8901
9054
9361
9365
8905
8905
9058
9054
9054
9054
9208
9208
9204
9204
9204
9204
9204
9515
9822
9975
10133
10133
9979
9979
9672
9058
8290
8290
8444
8594
8594
8747
8747
9054
9361
9672
9519
8908
8905
8905
9058
9054
9054
9054
9208
9204
9204
9204
9204
8905
9054
9054
9054
9054
9204
9204
9204
9204
9204
9204
9204
9204
9204
9511
9822
9975
10282
10129
10129
9975
9975
9361
8440
8287
8440
8594
8594
8744
8897
9208
9515
9822
9826
9219
13516
13516
13516
13516
13670
13516
13516
13516
13516
13516
13516
13516
13516
13516
13516
13516
13516
13516
13516
13516
13516
13516
13516
13516
13516
13516
13516
13516
13516
13516
13516
13516
13516
13516
13516
13516
13516
13511
13511
13511
13511
13511
13511
13511
13511
13511
13511
13511
13511
13511
13664
13664
13664
13511
13511
13516
13516
13670
13516
13516
13516
13511
13511
13511
13511
13511
13511
13511
13664
13664
13511
13511
13516
13363
13363
13363
13363
13209
13209
13056
13056
13056
13056
12748
12446
12446
12600
12600
12754
12754
12902
12446
12600
12600
12754
12902
13056
13056
13056
13056
13209
13209
13363
13363
13363
13363
13363
13363
13357
13511
13511
13363
13516
13516
13516
13516
13516
13516
