8451
8758
8908
9062
9365
9519
9519
9668
9822
9975
9975
10133
10137
9373
9066
9219
9369
9523
9672
9826
9826
9975
10129
10129
10129
10282
10282
10129
10133
10286
10291
10440
10440
10440
10436
10436
10589
10589
10589
10436
9672
9212
9365
9519
9668
9826
9984
10137
10137
10137
10286
10286
10286
10436
9979
9216
9369
9519
9672
9822
9822
9975
9975
10129
10133
10291
10286
10440
10436
9826
9216
9365
9519
9672
9822
9822
9975
9975
10124
10124
10278
10282
10440
10444
9830
9676
9830
9826
9979
9979
10129
10129
10282
10282
10282
10431
10431
10431
10431
10129
10133
10291
10286
10440
10440
10440
10436
10436
10436
10436
10589
10585
10585
10129
9365
9519
9668
9822
9826
9984
10137
10137
10286
10286
10286
10436
10436
10436
10436
9826
9212
9365
9519
9668
9822
9822
9975
10133
10133
10291
10295
10291
10291
10440
10440
9830
8912
8147
8451
8755
8908
9216
9365
9519
9672
9668
9822
9979
10133
10137
10291
10291
10137
9219
9216
9369
9523
9672
9672
9826
9975
9975
10129
10129
10282
10278
10278
10282
10440
9984
9066
9066
9216
9369
9519
9672
9826
9975
9975
10129
10129
10124
10278
10278
10278
10431
9822
9975
9979
10137
10133
10286
10286
10282
10436
10436
10436
10436
10431
10585
10585
10585
10278
9365
9365
9519
9668
9826
9830
9984
10141
10141
10295
10291
10291
10286
10440
10440
10436
10436
9672
8755
7990
7990
8297
8601
8755
9058
9212
9369
9523
9834
9830
9984
9979
10133
10133
10282
10282
9979
9062
9365
9519
9672
9668
9822
9975
9975
10129
10129
10282
10286
10444
10440
10440
10440
10436
9979
9216
9365
9519
9672
9822
9975
9975
10129
10129
10278
10278
10278
10431
10436
10440
10444
10593
10137
9373
9369
9523
9672
9826
9826
9975
9975
10129
10129
10278
10278
10278
10431
10431
10431
10431
10589
9830
9523
9672
9672
9826
9975
9975
10129
10129
10278
10278
10278
10431
10431
10431
10431
10431
10585
12144
12298
12451
12446
12600
11990
12144
12298
12446
12600
11990
12144
12298
12446
12600
12298
11990
12144
12298
12451
12600
11990
12144
12298
12446
12600
12600
11990
12144
12298
12446
12600
12451
11990
12144
12298
12446
12600
12298
11990
12298
12446
12600
12600
12298
11990
12293
12446
12446
12600
12293
11990
12144
12293
12446
12600
12600
11990
12144
12293
12446
12600
12600
11837
12144
12298
12446
12600
12600
12298
11990
12144
12298
12446
12600
12600
11841
11990
12144
12298
12446
12600
12600
11688
11990
12144
12298
12451
12600
12446
11841
11990
12144
12298
12446
12600
12451
11688
11990
12144
12298
12446
12600
12446
11688
11990
12144
12298
12446
12446
12600
11688
11837
11990
12298
12298
12298
12298
11990
11688
11837
11990
12298
12451
12446
12446
11380
