2306
2768
3535
4456
5070
5683
6297
6755
7372
7987
7987
8294
8598
8751
9054
9208
9357
9511
9664
9818
9664
9814
9967
10274
10585
10738
11045
10589
9668
9668
9818
9971
9971
10124
10120
10274
10274
10274
10120
9519
9668
9822
9822
9971
9971
10124
10124
10274
10274
10120
10120
10274
10427
10734
10891
11198
11352
10593
9672
8751
8290
8444
8598
8901
9054
9208
9511
9664
9971
10282
10129
10129
10129
10278
10278
10278
10431
10431
10427
10427
10427
10274
10427
10580
10891
11045
11356
11510
11203
10436
9515
9668
9668
9818
9971
9971
10124
10124
10120
10274
10585
9830
10137
10444
10752
10905
11212
11520
11217
10304
10000
10457
10765
11068
11222
11529
11683
11683
11990
12139
12293
12446
12446
12600
12446
12600
12600
12754
12754
12754
12907
12754
12754
12754
12754
12754
12754
12754
12907
12754
12754
12754
12754
12754
12754
12754
12754
12600
12600
12600
12600
12600
12600
12600
12600
12446
12446
12600
12600
12600
12600
12600
12600
12446
12446
12600
12600
12600
12600
12600
12600
12446
12446
12446
12451
12600
12600
12600
12600
12600
10629
10629
10629
10629
10629
10629
10629
10629
10629
10629
10629
10629
10475
10475
10475
10475
10629
10629
10629
10629
10629
10629
10629
10629
10629
10475
10475
10475
10475
10475
10475
10475
10629
10629
10629
10629
10629
10629
10475
10475
10475
10475
10475
10475
10475
10629
10629
10629
10629
10629
10629
10475
10475
10475
10475
10475
10475
10475
10475
10629
10629
10629
10629
10629
10321
10321
10475
10475
10475
10475
10475
10475
10629
10629
10629
10629
10629
10629
10475
10475
10475
10475
10475
10475
10629
10629
10629
10629
10629
10629
10629
10629
10475
10475
10475
10475
10475
10475
10629
10629
10629
10629
10629
10629
10629
10629
10475
10475
10475
10475
10475
10475
10475
10629
10629
10629
10629
10629
10629
10629
10629
10475
10475
10475
10475
10475
10475
10629
10629
10629
10629
10629
10629
10629
10629
10475
10475
10475
10475
10475
10475
10475
10475
10475
10475
10475
10475
10629
10629
10629
10475
10475
10475
10475
10475
10475
10475
10475
10475
10629
10629
10629
10629
10629
10629
10629
10475
10475
10475
10475
10475
10475
10629
10629
10629
10629
10629
10629
10629
10629
10629
10321
10475
10475
10475
10475
10475
10475
10475
10629
10629
10629
10629
10629
10629
10629
10629
10321
10475
10475
10475
10475
10475
10475
10475
10629
10629
10629
10629
10629
10629
10629
10629
10321
10321
10475
10475
10475
10475
10475
10475
10629
10629
10629
10629
10629
10629
10629
10629
10629
10321
10475
10475
10475
10475
10475
10475
10475
10475
10629
10629
10629
10629
10629
10629
10629
10321
10475
10475
10475
10475
10475
10475
10629
10629
10629
10629
10629
10629
10629
10629
10629
10629
10321
10475
10475
10475
10475
10475
10475
10475
10629
10629
10629
10629
10629
10629
10629
10629
10629
10321
10475
10475
10475
10475
10475
10475
10629
10629
10629
10629
10629
10629
10629
10629
10629
10629
10629
13812
13812
13812
13812
13812
13659
13659
13659
13659
13659
13664
13659
13659
13659
13812
13659
13659
13659
13659
13659
13659
13659
13659
13659
13812
13659
13659
13659
13659
13659
13812
13659
13812
13812
13812
13812
13812
13812
13812
13812
13812
13659
13812
13812
13812
13812
13812
13812
13812
13812
13812
13812
13812
13659
13659
13664
13664
13812
13812
13659
13659
13659
13659
13659
13659
13664
13664
13659
13659
13812
13659
13659
13659
13659
13659
13659
13659
13659
13659
13659
13659
13812
13812
13659
13659
13659
13659
13659
13659
13659
13659
13659
13659
13659
13659
13659
13659
13659
13659
13659
13659
13659
13664
13659
13659
13659
13659
13659
13659
13659
13659
13659
13659
13659
13659
