8027
8332
8486
8791
8945
9100
9250
9404
9558
9558
9713
9709
9863
9558
9096
8637
8023
7869
8023
8332
8483
8791
8945
9096
9250
9404
9558
9558
9713
9709
9558
9250
8791
8486
8637
8791
9100
9250
9250
9404
9558
9558
9713
9867
9863
10017
9713
9250
8791
8178
7564
6949
6949
7409
7718
8023
8332
8641
8791
8945
9100
9250
9404
9558
9558
9404
8945
8637
8178
8023
8332
8486
8791
8945
9100
9250
9404
9558
9558
9713
9713
9863
9867
9558
9100
8486
8023
8332
8637
8791
8945
9254
9404
9404
9558
9713
9713
9863
9863
10017
9558
8945
8332
7718
7258
6949
7258
7718
8023
8332
8486
8791
8945
9100
9250
9404
9558
9558
9713
9713
9250
8791
8332
7718
7409
7718
8023
8332
8483
8791
8945
9096
9250
9404
9558
9558
9709
9709
9709
9404
9096
8332
7718
7103
6640
6334
6334
6795
7255
7718
8023
8178
8486
8791
8945
9100
9250
9404
9404
9558
9558
9250
8791
8178
7564
7258
7564
7872
8178
8486
8637
8791
9100
9254
9250
9404
9558
9713
9713
9867
9713
9558
9100
8486
7872
7258
7258
7564
7872
8178
8486
8637
8945
9100
9254
9404
9404
9558
9713
9713
9867
9558
9100
8637
8332
7872
7718
7872
8178
8332
8641
8791
8945
9100
9250
9404
9558
9713
9709
9863
9863
9863
9558
9096
8637
7869
7409
7564
7869
8178
8483
8637
8945
9096
9250
9404
9404
9558
9709
9709
9863
9863
9863
9558
9096
8483
7869
8023
8328
8637
8791
8942
9096
9250
9404
9558
9558
9709
9709
9863
9863
10017
10017
9713
9404
8791
8178
7564
7409
7718
8023
8332
8637
8791
8945
9100
9250
9404
9558
9558
9713
9713
9863
9863
9863
9558
9100
8486
7872
7258
6795
7103
7564
7872
8178
8332
8637
8791
8945
9100
9250
9404
9558
9713
9713
9867
9863
9867
9558
8945
8332
7718
7103
7255
7564
8023
8178
8483
8637
8945
9096
9250
9404
9558
9558
9709
9709
9863
9863
9863
9404
8942
8483
7869
7097
6480
6017
6167
6624
7083
7542
7846
8311
8465
8773
9077
9231
9381
9531
9680
9676
9830
9979
9979
9523
8758
7990
7833
8140
8444
8598
8901
9058
9365
9523
9672
9672
9822
9975
9971
10124
10124
10124
10274
9975
9365
9361
9515
9515
9664
9818
9818
9971
9971
10129
10286
10286
10282
10282
10436
10431
10431
10431
9971
9242
9550
10008
10312
10620
10923
10312
9396
9396
9700
10162
10466
10774
10923
10162
9242
9242
9550
9854
10316
10620
10774
10008
9092
9092
9550
10008
10312
10620
10923
10162
9242
9242
9705
10008
10466
10774
11077
10316
9396
9246
9705
10008
10312
10620
10928
10620
9705
8784
9396
9705
10008
10312
10620
10923
10312
9396
8938
9396
9854
10162
10620
10774
11077
10162
9242
9246
9705
10008
10470
10774
11077
10928
10008
9092
9396
9854
10316
10620
10774
10769
10765
10607
9684
9377
9527
9676
9672
9826
10286
10593
10901
11059
10291
9680
9676
9826
9979
9975
10129
10129
10124
10278
10431
10743
10133
10286
10282
10282
10278
10431
10431
10431
10427
10427
10427
10427
10129
10129
10124
10124
10278
10278
10274
10427
10427
10427
10427
10427
9822
9971
9971
10124
10124
10278
10274
10274
10274
10427
10427
10427
9668
9668
9822
9971
9971
10124
10124
10274
10274
10274
10274
10427
775
2168
3249
4484
5561
6486
7252
8020
8325
8784
9396
9854
10162
10466
10774
11077
11077
11231
11534
11688
11841
11837
11990
12144
12144
12298
12298
12451
12451
12451
12605
12600
10919
10919
10919
10919
10919
10919
10919
10919
10919
10919
10919
10919
10616
10616
10765
10765
10765
10765
10765
10765
10765
10765
10919
10919
10765
10765
10765
10765
10765
10919
10765
10765
10765
10765
10765
10919
10765
10765
10765
10919
10919
10919
10919
10919
10919
10919
10919
10919
10919
10765
10919
10919
10919
10919
10919
10919
10765
10765
10765
10919
10919
10919
10765
10919
10919
10919
10919
10919
10919
10919
10919
10919
10919
10919
10919
10919
10919
10919
10919
10919
10919
10919
10919
10919
10919
10919
10919
10919
10919
10919
10919
10765
10919
10919
10919
10919
10919
10919
10919
10919
10919
10919
10919
10919
10919
10765
10765
10919
10919
10919
10919
10919
10919
10919
10919
10919
10919
10919
10919
10919
10919
10919
10919
10919
10919
10919
10919
10919
10919
10919
10919
10919
10919
10919
10919
10919
13812
13812
13812
13812
13812
13812
13812
13812
13812
13812
13812
13812
13812
13812
13812
13812
13812
13812
13965
13965
13812
13812
13812
13812
13812
13812
13812
13812
13812
13812
13812
13812
13812
13812
13812
13812
13812
13812
13812
13812
13965
13812
13812
13812
13812
13812
13812
13812
13812
13812
13812
13812
13818
13818
13659
13659
13659
13659
13664
13664
13664
13664
13664
13664
13664
13812
13812
13812
13812
13812
13812
13812
13812
13812
13965
13965
13812
13812
13812
13812
13812
13812
13812
13812
13812
13812
13812
13812
13812
13659
13659
13659
13659
13659
13659
13664
13659
13659
13659
13659
13659
13812
13659
13659
13659
13664
13812
13812
13812
13812
13812
13812
13812
13812
13812
