2161
2930
3854
4621
5235
6000
6459
6920
7071
7532
7836
8297
8605
8912
9066
8758
7993
8301
8605
8755
9062
9212
9519
9672
9668
9668
9822
9975
9975
10124
10124
10124
10278
10278
10278
10431
10431
10431
10431
10431
10431
10431
10431
10585
10580
10580
10580
10431
10585
10589
10589
10593
10747
10747
10440
9676
9676
9826
9979
9975
10129
10129
10282
10129
10282
10282
10278
10431
10431
10431
10431
10585
10431
10431
10431
10431
10585
10585
10585
10580
10431
10431
10431
10431
10580
10580
10580
10585
10589
9826
9672
9826
9979
9975
10129
10129
10282
10278
9975
9822
9975
10129
10124
10278
10278
10278
10431
10431
10278
10431
10431
10427
10427
10580
10580
10580
10580
10427
10427
10580
10580
10580
10580
10580
10580
10738
10129
10129
10282
10282
10278
10431
10431
10431
10431
10585
10431
10431
10427
10427
10580
10580
10580
10580
10580
10580
10580
10580
10580
10580
10580
10580
10580
10580
10580
10427
10580
10580
10580
10580
10580
10580
10585
10738
10436
9979
10133
10133
10282
10282
10436
10436
10431
10431
10585
