1859
2631
3867
5098
6174
6635
7095
7862
8626
9239
9850
10308
10769
11073
11529
11837
11985
12293
12441
12595
12748
12902
13056
13050
13204
13357
13357
13357
13511
13511
13659
13505
13511
13664
13664
13664
13659
13664
13659
13659
13812
13812
13659
13659
13812
13812
13812
13812
13812
13812
13812
13812
13812
13812
13812
13812
13812
13812
13812
13812
13812
13812
13812
13812
13812
13812
13812
13812
13812
13812
13965
13812
13812
13812
13812
13812
13812
13812
13812
13812
13812
13965
13965
13812
13812
13812
13812
13812
13812
13812
13812
13812
13812
13812
13965
13965
13812
13812
13812
13812
13812
13965
13965
13812
13965
13965
13965
13965
13965
13812
13812
13812
13812
13812
13965
13965
13516
13516
13516
13516
13516
13516
13516
13516
13511
13511
13511
13511
13511
13511
13511
13516
13511
13511
13664
13664
13511
13511
13511
13511
13516
13516
13516
13516
13516
13516
13516
13516
13516
13516
13516
13516
13516
13516
13516
13516
13516
13516
13516
13516
13516
13516
13516
13516
13516
13516
13516
13516
13516
13516
13516
13516
13516
13516
13516
13516
13516
13516
13516
13516
13516
13516
13516
13516
13516
13516
13516
13516
13516
13516
13516
13670
13516
13516
13516
13516
13516
13516
13516
13516
13516
13516
13516
13516
13516
13516
13516
13363
13363
13363
13363
13363
12754
12754
12754
12754
12754
12754
12907
12754
12754
12754
12754
12907
12902
12902
13056
12754
12902
12902
13056
13056
13209
13209
10629
10629
10629
10629
10629
10629
10629
10629
10629
10629
10629
10629
10629
10475
10475
10475
10475
10475
10475
10475
10629
10629
10629
10629
10629
10475
10475
10475
10475
10475
10475
10475
10629
10629
10629
10629
10629
10629
10475
10475
10475
10475
10475
10475
10475
10629
10629
10629
10629
10629
10629
10475
10475
10475
10475
10475
10475
10475
10475
10475
10475
10475
10629
10629
10629
10321
10321
10475
10475
10475
10475
10475
10475
10475
10629
10629
10629
10629
10475
10475
10475
10475
10475
10475
10475
10629
10629
10629
10629
10629
10629
10629
10475
10475
10475
10475
10475
10475
10475
10629
10629
10629
10629
10629
10629
10629
10629
10475
10475
10475
10475
10475
10629
10629
10629
10629
10629
10629
10629
10629
10629
10475
10475
10475
10475
10475
10475
10629
10629
10629
10629
10629
10629
10629
10629
10629
10475
10475
10475
10475
10475
10475
10475
10475
10475
10475
10629
10629
10629
10629
10629
10475
10475
10475
10475
10475
10475
10475
10629
10629
10629
10629
10629
10629
10629
10629
10321
10475
10475
10475
10475
10475
10475
10475
10629
10629
10629
10629
10629
10629
10629
10629
10321
10475
10475
10475
10475
10475
10475
10475
10629
10629
10629
10629
10629
10629
10629
10475
10475
10475
10475
10475
10475
10475
10629
10629
10629
10629
10629
10629
10629
10629
10629
10629
10475
10475
10475
10475
10475
10475
10475
10629
10629
10629
10629
10629
10629
10629
10629
10629
10321
10321
10475
10475
10475
10475
10475
10475
10475
10629
10629
10629
10629
10629
10629
10629
10475
10321
10475
10475
10475
10475
10475
10475
10475
10475
10629
10629
10629
10629
10629
10629
10629
10475
10475
10475
10475
10475
10475
10475
10629
10629
10629
10629
10629
10629
10629
10629
10629
10629
10629
10475
10475
10475
10475
10475
10475
10475
10475
10629
10629
10629
10629
10629
10629
10629
10629
10629
12600
12600
12600
12600
12600
12600
12451
12605
12605
12600
12600
12600
12451
12451
12446
12600
12600
12605
12605
12451
12451
12605
12605
12600
12600
12451
12451
12451
12605
12605
12605
12451
12451
12605
12605
12600
12600
12600
12451
12451
12451
12605
12605
12605
12600
12451
12451
12451
12446
12600
12605
12605
12451
12451
12605
12605
12605
12600
12600
12451
12451
12451
12605
12605
12605
12605
12451
12451
12451
12605
12600
12600
12600
12451
12451
12451
12605
12605
12605
12600
12600
12451
12451
12446
12451
12605
12600
12600
12451
12446
12446
12600
12600
12600
12600
12600
12446
12446
12446
12600
12600
12600
12600
12600
12446
12446
12446
12605
12605
12600
12600
12600
12451
12451
12446
12446
12600
12600
12605
12605
12451
12451
12451
12605
12600
12600
12600
12600
12451
12451
12451
12451
12605
12605
12600
12600
12451
12451
12451
12451
12605
12605
12605
12605
12600
