1860
2478
3714
4793
5870
6640
7252
7406
8174
8784
9242
9705
10008
10162
10466
10774
10923
11231
11380
11380
11534
11688
11688
11837
11990
11990
11990
11990
12144
12144
12298
12298
12144
12298
12298
12298
12451
12446
12446
12298
12446
12446
12446
12446
12446
12446
12298
12451
12451
12451
12446
12446
12600
12451
12451
12446
12446
12451
12451
12605
12451
12451
12605
12600
12600
12600
12600
12451
12451
12451
12451
12600
12600
12600
12446
12446
12446
12446
12446
12600
12600
12446
12446
12446
12600
12600
12600
12600
12600
12446
12446
12446
12600
12600
12600
12600
12600
12451
12446
12446
12446
12446
12600
12600
12600
12446
12446
12600
12600
12600
12600
12600
12446
12446
12446
12600
12600
12600
12600
12600
12600
12446
12446
12446
12600
12600
12600
12600
12600
12451
12451
12446
12446
12446
12600
12600
12605
12451
12451
12451
12605
12600
12600
12600
12600
12600
13659
13659
13659
13659
13659
13659
13659
13659
13659
13812
13812
13812
13812
13812
13812
13812
13812
13812
13812
13812
13812
13812
13812
13812
13965
13812
13812
13812
13812
13812
13812
13812
13812
13812
13812
13965
13812
13812
13812
13812
13812
13812
13812
13812
13812
13812
13812
13812
13812
13812
13812
13812
13659
13664
13664
13664
13664
13659
13664
13659
13812
13812
13812
13812
13812
13812
13812
13812
13812
13812
13812
13812
13812
13812
13659
13659
13659
13659
13659
13659
13812
13812
13659
13659
13812
13812
13812
13812
13812
13812
13812
13812
13812
13812
13812
13812
13659
13659
13659
13812
13812
13812
13812
13812
13812
13812
13812
13812
13812
13812
13812
13812
13812
13812
13812
10629
10629
10629
10629
10629
10629
10629
10629
10629
10629
10629
10629
10475
10475
10475
10475
10475
10475
10629
10629
10629
10629
10629
10629
10629
10475
10475
10475
10475
10475
10475
10475
10475
10629
10629
10629
10629
10629
10475
10475
10475
10475
10475
10475
10629
10629
10629
10629
10629
10629
10629
10475
10475
10475
10475
10475
10475
10475
10629
10629
10629
10629
10629
10629
10475
10475
10475
10475
10475
10475
10475
10475
10475
10629
10629
10629
10629
10629
10475
10475
10475
10475
10475
10475
10475
10629
10629
10629
10629
10629
10629
10629
10475
10475
10475
10475
10475
10475
10475
10629
10629
10629
10629
10629
10629
10629
10321
10321
10475
10475
10475
10475
10475
10475
10475
10475
10475
10475
10629
10629
10629
10321
10321
10321
10475
10475
10475
10475
10475
10475
10475
10475
10629
10629
10629
10629
10475
10475
10475
10475
10475
10475
10475
10475
10629
10629
10629
10629
10629
10629
10629
10475
10475
10475
10475
10475
10475
10629
10629
10629
10629
10629
10629
10629
10629
10629
10321
10475
10475
10475
10475
10475
10475
10629
10629
10629
10629
10629
10629
10629
10629
10629
10321
10321
10321
10321
10321
10321
10321
10321
10321
10321
10321
10321
10321
10321
10321
10321
10321
10167
9250
8483
8637
8942
9096
9250
9400
9554
9709
9863
9863
10013
10013
10167
10167
10321
10321
10167
10167
10167
10321
10321
10321
10475
10475
10475
10475
10475
10475
10475
10475
10629
10629
10629
10321
10475
10475
10475
10475
10475
10475
10475
10475
10629
10629
10629
10629
10629
10629
10629
10475
10321
10475
10475
10475
10475
10475
10475
10629
10629
10629
10629
10629
10629
10629
10629
10629
10475
10475
10475
10475
10475
10475
10475
10475
10629
10629
10629
10629
10629
10629
10629
10629
10629
10475
10321
10475
10475
10475
10475
10475
10475
10475
10475
10475
10475
10475
10629
10629
10629
10629
10629
13363
13363
13516
13516
13516
13516
13516
13516
13516
13516
13516
13516
13516
13516
13516
13516
13516
13516
13516
13516
13516
13516
13516
13516
13516
13516
13516
13516
13516
13516
13516
13516
13516
13516
13516
13516
13516
13516
13516
13516
13516
13516
13516
13516
13516
13516
13516
13363
13516
13516
13516
13516
13516
13516
13511
13511
13511
13511
13511
13516
13516
13511
13511
13511
13511
13511
13511
13511
13511
13511
13511
13363
13516
13516
13511
13511
13511
13511
13511
13511
13511
13511
13511
13516
13511
13511
13511
13511
13511
13511
13511
13511
13511
13511
13511
13511
13511
13511
13511
13511
13511
13511
13357
13511
13516
13516
13516
13516
13516
13516
13516
13516
13516
13516
13516
13516
