8178
8486
8641
8945
9100
9254
9404
9404
9558
9713
9713
9867
9867
9713
9254
8637
8023
8178
8486
8637
8945
9100
9254
9404
9404
9558
9713
9713
9867
9867
9558
9100
8332
7718
7409
7718
8023
8332
8483
8791
8945
9100
9250
9404
9558
9558
9713
9404
8945
8637
8023
7564
6949
6795
7103
7564
7872
8178
8486
8637
8791
9100
9250
9250
9404
9558
9558
9250
8791
8332
7718
7103
6949
7409
7718
8023
8332
8483
8791
8945
9096
9250
9404
9558
9554
9554
9250
8945
8328
7718
7255
6640
7103
7409
7718
8023
8332
8637
8791
8945
9100
9250
9404
9558
9713
9558
9404
8945
8332
7718
7409
7718
8023
8332
8483
8791
8945
9100
9250
9404
9558
9558
9713
9713
9558
9100
8637
8332
7872
7718
8023
8332
8486
8791
8945
9100
9250
9404
9558
9558
9713
9713
9867
9713
9558
9250
8637
8023
8023
8332
8483
8791
8945
9100
9250
9404
9558
9558
9713
9713
9863
9863
9863
9713
9100
8486
7872
7258
7258
7564
7872
8178
8486
8637
8791
9100
9254
9404
9404
9558
9713
9713
9863
9713
9558
8945
8178
7564
7869
8178
8332
8637
8791
8942
9096
9250
9404
9558
9554
9709
9863
9863
9863
9709
9404
8945
8486
8486
8637
8791
8945
9250
9250
9404
9558
9713
9713
9863
9863
9863
10017
10017
10017
10017
9254
8486
7872
7258
7258
7564
7872
8178
8486
8637
8945
9100
9254
9404
9404
9558
9713
9713
9863
9863
9713
9404
8945
8332
8332
8637
8791
8945
9100
9250
9404
9558
9558
9713
9713
9863
9863
10017
10017
10017
9558
8945
8637
8178
7406
6792
7097
7554
7856
8161
8462
8612
8916
9069
9381
9535
9688
9684
9834
9984
9984
9979
9365
8601
8908
9058
9208
9361
9515
9664
9818
9818
9971
10129
10133
10286
10282
10282
10278
10278
9357
9204
9357
9515
9672
9826
9826
9975
9975
10129
10124
10278
10278
10274
10274
10431
10436
10440
9826
9365
9515
9668
9818
9818
9971
9971
10129
10286
10286
10286
10440
10436
10436
10431
10431
10431
9971
9208
8905
9058
9208
9361
9511
9664
9818
9814
9967
9967
10124
10282
10282
10282
10436
10431
10431
10431
9664
9204
9357
9511
9668
9826
9979
9975
10129
10129
10124
10278
10278
10278
10274
10427
10427
10436
10436
9826
8905
