1860
2786
4021
5100
6177
6792
7406
8171
8784
9396
9854
10312
10620
10923
11231
11534
11688
11990
12144
12298
12446
12600
12754
12754
12907
12907
12907
13061
13056
13209
13209
13209
13209
13363
13363
13363
13363
13363
13363
13363
13363
13516
13363
13363
13516
13516
13516
13516
13363
13516
13516
13516
13516
13516
13516
13516
13516
13516
13516
13209
13363
13363
13363
13363
13516
13363
13363
13363
13363
13363
13516
13363
13516
13516
13516
13516
13516
13516
13363
13363
13363
13516
13516
13516
13363
13516
13516
13516
13516
13516
13516
13516
13516
13516
13516
13516
13516
13516
13516
13516
13516
13516
13516
13363
13363
13363
13516
13516
13511
13511
13363
13511
13511
13511
13511
13511
13511
12600
12600
12600
12600
12600
12600
12451
12605
12605
12600
12600
12600
12451
12451
12451
12605
12605
12605
12600
12451
12451
12605
12600
12600
12600
12451
12451
12451
12605
12605
12600
12605
12451
12451
12446
12446
12600
12605
12451
12451
12605
12600
12600
12600
12600
12451
12446
12451
12605
12605
12605
12600
12451
12451
12446
12446
12600
12600
12600
12451
12451
12446
12600
12600
12600
12600
12446
12446
12446
12446
12600
12600
12600
12446
12446
12446
12600
12600
12600
12600
12600
12451
12451
12451
12605
12600
12600
12600
12451
12446
12446
12446
12446
12605
12605
12600
12451
12451
12451
12446
12600
12600
12600
12600
12451
12451
12451
12605
12600
12600
12600
12600
12451
12451
12451
12451
12605
12605
12605
12600
12451
12451
12451
12451
12446
12451
12605
12605
12451
12451
12451
12451
12451
12600
12600
12600
12451
12451
12451
12451
12451
12605
12600
12600
12600
11985
12134
12441
12595
12743
12743
12897
12897
13050
13204
13204
13204
13357
13352
13352
13352
13505
13505
13505
13659
13659
13659
13659
13659
13659
13659
13659
13659
13659
13659
13659
13659
13659
13812
13812
13812
13812
13812
13812
13812
13812
13812
13812
13812
13965
13965
13965
13812
13812
13812
13812
13812
13812
13664
13664
13664
13664
13659
13664
13659
13659
13659
13659
13659
13659
13659
13659
13659
13812
13812
13659
13659
13659
13659
13659
13659
13659
13659
13659
13659
13812
13812
13812
13659
13659
13659
13659
13812
13812
13659
13659
13812
13812
13812
13812
13812
13659
13812
13812
13812
13812
13812
13659
13659
13659
13659
13659
13659
13659
13659
13659
13659
13659
13659
13659
10629
10629
10629
10629
10629
10629
10629
10629
10629
10629
10629
10629
10629
10475
10475
10475
10475
10629
10629
10629
10629
10629
10629
10629
10629
10475
10475
10475
10475
10475
10475
10629
10629
10629
10629
10629
10629
10629
10475
10475
10475
10475
10475
10475
10629
10629
10629
10629
10629
10629
10629
10475
10475
10475
10475
10475
10475
10629
10629
10629
10629
10629
10629
10629
10629
10475
10475
10475
10475
10475
10475
10475
10629
10629
10629
10629
10629
10629
10475
10475
10475
10475
10475
10475
10475
10475
10629
10629
10629
10629
10629
10629
10475
10475
10475
10475
10475
10475
10475
10475
10629
10629
10629
10629
10629
10629
10629
10321
10475
10475
10475
10475
10475
10475
10629
10629
10629
10629
10629
10629
10629
10475
10475
10475
10475
10475
10475
10475
10629
10629
10629
10629
10629
10629
10629
10629
10475
10475
10475
10475
10475
10475
10629
10629
10629
10629
10629
10629
10629
10629
10629
10475
10475
10475
10475
10475
10475
10629
10629
10629
10629
10629
10629
10629
10629
10629
10475
10475
10475
10475
10475
10475
10475
10629
10629
10629
10629
10629
10629
10629
10629
10629
10321
10475
10475
10475
10475
10475
10475
10629
10629
10629
10629
10629
10629
10629
10629
10475
10475
10475
10475
10475
10475
10475
10629
10629
10629
10629
10629
10629
10629
10629
10629
10475
10475
10475
10475
10475
10475
10475
10629
10629
10629
10629
10629
10629
10629
10629
10629
10629
10475
10475
10475
10475
10475
10475
10475
10629
10629
10629
10629
10629
10629
10629
10629
10629
10475
10475
10475
10475
10475
10475
10475
10629
10629
10629
10629
10629
10629
10629
10629
10629
10629
10321
10321
10475
10475
10475
10475
10475
10475
10475
10475
10475
10475
10629
10629
10629
10629
10629
10629
10475
10475
10475
10475
10475
10475
10629
10629
10629
10629
10629
10629
10629
10629
10629
10629
10629
