1852
2623
3700
4621
5695
6305
6766
7375
7987
8598
9054
9511
9818
10120
10427
10729
10882
11189
11184
11491
11644
11639
11792
11797
11347
11496
11649
11644
11797
11950
11950
12099
12099
12252
12252
12252
12252
12252
12400
12400
12400
12400
12400
12400
12553
12553
12553
12553
12553
12553
12553
12553
12553
12553
12553
12553
12553
12553
12553
12553
12711
12563
11955
11955
12109
12104
12257
12257
12252
12099
12252
12252
12252
12405
12405
12405
12405
12400
12400
12553
12553
12553
12553
12553
12553
12553
12553
12553
12553
12553
12553
12553
12553
12553
12553
12553
12553
12553
12711
12711
12870
12870
12875
12568
11960
12109
12109
12262
12257
12257
12410
12410
12410
12405
12405
12405
12405
12558
12558
12558
12558
12558
12558
12558
12553
12553
12553
12553
12558
12553
12553
12553
12706
12706
