1850
2774
4005
5081
6002
6769
6769
7228
7836
8294
8751
9208
9511
9818
9967
10274
10423
10576
10729
10878
11031
11184
11184
11333
11333
11486
11797
11649
11194
11194
11342
11342
11496
11491
11644
11644
11639
11639
11639
11639
11792
11792
11792
11787
11787
11787
11787
11787
11940
12099
12257
11649
1544
2161
3237
4467
5387
6154
6766
7071
7836
8448
8905
9361
9818
10120
10274
10580
10882
11036
11184
11337
11491
11644
11797
11945
11945
12099
12099
12099
12099
12252
12247
12400
12400
12405
772
1851
3237
4313
5387
6154
6917
6917
7683
8140
8751
9208
9664
9971
10124
9975
10278
10580
10887
11036
11342
11496
11491
11644
11797
11950
11945
12099
12099
12252
12252
12252
12247
12400
12400
12400
12400
12400
12400
12400
12553
12553
12553
12553
12553
12553
12553
12553
12553
12553
12553
12706
12553
12558
12711
12716
12870
12875
12875
12114
8934
9242
9547
9850
10004
9393
8626
9088
9393
9700
10004
9850
8934
8934
9239
9547
9850
10158
9547
8780
9085
9393
9696
10004
10158
9239
8934
9239
9547
9850
10004
10004
9088
8934
9242
9547
9850
10004
10004
9088
8630
8934
9239
9547
9850
10004
9393
8630
8780
9242
9547
9854
10004
9854
8934
8630
9088
9393
9700
10004
10158
9239
8476
8934
9242
9547
9700
9854
10004
9242
8322
8780
9088
9393
9547
9700
9850
9242
8476
8630
8934
9393
9700
9850
10158
9239
8476
8780
9242
9547
9696
9846
9996
9688
9535
9684
9834
9984
10137
10286
10286
10282
10282
10436
10431
10585
10585
10585
10734
10431
10585
10580
10734
10734
10734
10734
10734
10580
10734
10734
10734
10887
10887
10887
10734
10734
10734
10729
10729
10887
11040
11045
10589
10129
10282
10282
10431
10431
10585
10585
10585
10585
10585
10580
10734
10734
10734
10734
10887
12144
12298
12451
12600
12600
11990
12144
12298
12446
12600
12298
12144
12298
12446
12600
12600
11990
12298
12451
12446
12600
12298
12144
12298
12451
12600
12600
11990
12144
12298
12451
12600
12600
12144
12298
12451
12600
12600
12600
11990
12298
12446
12600
12600
12446
12144
12293
12446
12600
12600
12600
12144
12293
12446
12600
12600
12754
11990
12144
12293
12446
12600
12600
11990
12144
12298
12446
12600
12600
12446
12144
12298
12446
12600
12754
12754
11990
12144
12298
12446
12600
12754
12600
11990
12298
12451
12600
12600
12754
12298
12144
12298
12451
12600
12600
12754
12144
12144
12298
12451
12600
12754
12754
12144
12144
12298
12446
12600
12754
12754
12144
12144
12298
12446
12600
12600
12754
12298
12144
12298
12451
12600
12754
12754
12600
