1860
2478
3559
4791
5713
6174
6635
7403
8322
8934
9547
9700
10312
10769
11226
11529
11683
11985
12293
12441
12748
12902
13056
13204
13357
13357
13511
13511
13664
13664
13812
13664
13818
13812
13965
13965
13965
13812
13812
13812
13812
13965
13812
13812
13659
13357
13204
12897
12748
12288
12441
12288
12134
11985
11832
11832
11678
11678
11832
11985
11980
11980
12134
12134
12134
12288
12441
12743
12897
12441
12743
12897
13050
13204
13204
13357
13357
13505
13505
13659
13659
13659
13812
13812
13812
13812
13965
13965
13965
13965
13965
13965
14113
14113
13965
13965
13960
13965
14119
14119
13965
13965
14113
14113
14113
14113
14113
13960
14119
14119
14119
14119
14113
14113
14113
14113
14113
14113
14113
14113
11837
11837
11990
11990
11990
11837
11837
11837
11837
11990
11837
11837
11990
11990
11990
11837
11837
11837
11837
11837
11837
11837
11837
11837
11837
11837
11837
11837
11837
11837
11837
11837
11837
11837
11837
11985
11985
11837
11832
11832
11832
11832
11832
11832
11832
11832
11832
11985
11832
11832
11832
11832
11832
11832
11837
11837
11837
11837
11837
11990
11837
11837
11837
11837
11837
11990
11837
11837
11837
11837
11837
11837
11837
11837
11837
11837
11837
11837
11990
11837
11837
11837
11837
11837
11837
11837
11837
11837
11837
11837
11837
11837
11837
11837
11837
11837
11837
11837
11837
11837
11837
11837
11990
11990
11990
11837
11837
11837
11837
11837
11837
11990
11837
11837
11837
11837
11837
11837
11837
10629
10629
10629
10629
10629
10629
10629
10629
10629
10629
10629
10629
10629
10475
10475
10475
10475
10629
10629
10629
10629
10629
10629
10629
10629
10475
10475
10475
10475
10475
10629
10629
10629
10629
10629
10629
10629
10629
10475
10475
10475
10475
10629
10629
10629
10629
10629
10629
10629
10629
10629
10475
10475
10475
10475
10475
10475
10629
10629
10629
10629
10629
10629
10629
10629
10475
10475
10475
10475
10475
10475
10629
10629
10629
10629
10629
10629
10629
10475
10475
10475
10475
10475
10629
10629
10629
10629
10629
10629
10629
10629
10629
10475
10475
10475
10475
10475
10475
10629
10629
10629
10629
10629
10629
10629
10629
10475
10475
10475
10475
10475
10475
10475
10475
10475
10475
10629
10629
10629
10629
10629
10475
10475
10475
10629
10629
10629
10629
10629
10629
10629
10629
10629
10629
10629
10629
10475
10475
10475
10475
10475
10475
10475
10475
10475
10475
10629
10629
10629
10629
10629
10321
10475
10475
10475
10475
10475
10475
10629
10629
10629
10629
10629
10629
10629
10629
10321
10475
10475
10475
10475
10475
10475
10475
10629
10629
10629
10629
10629
10629
10629
10629
10475
10475
10475
10475
10475
10629
10629
10629
10629
10629
10629
10629
10629
10629
10629
10629
10475
10475
10475
10475
10475
10475
10475
10475
10629
10629
10629
10629
10629
10629
10629
10629
10321
10475
10475
10475
10475
10475
10475
10629
10629
10629
10629
10629
10629
10629
10629
10629
10475
10475
10475
10475
10475
10475
10475
10629
10629
10629
10629
10629
10629
10629
10629
10629
10629
10321
10475
10475
10475
10475
10475
10475
10629
10629
10629
10629
10629
10629
10629
10629
10629
10629
10475
10475
10475
10475
10475
10475
10629
10629
10629
10629
10629
10629
10629
10629
10629
10629
10629
10475
10475
10475
10475
10475
10475
10475
10475
10629
10629
10629
10629
10629
10629
10629
10629
10629
12600
12600
12600
12754
12754
12754
12600
12600
12600
12600
12600
12600
12446
12600
12600
12600
12600
12600
12600
12600
12600
12600
12600
12600
12600
12600
12600
12600
12600
12600
12600
12451
12600
12600
12600
12600
12600
12600
12451
12451
12605
12605
12600
12600
12600
12451
12451
12605
12605
12605
12605
12600
12605
12605
12605
12600
12600
12600
12600
12451
12605
12605
12605
12605
12600
12600
12605
12605
12600
12600
12605
12605
12605
12298
12298
12298
12451
12451
12451
12451
12451
12451
12451
12451
12451
12605
12605
12600
12451
12451
12451
12446
12600
12600
12600
12600
12446
12600
12600
12600
12600
12446
12446
12451
12298
12144
12144
12144
12144
12144
12144
12144
12144
11990
11837
11990
11990
12144
12144
12298
12298
12446
11841
11837
11990
12144
12144
12298
12451
12446
12298
12451
12446
12446
12446
12446
12446
12600
12600
12451
12451
12451
12600
12600
12600
12600
12600
