2153
2768
3689
4456
5224
5836
6448
6909
7366
7827
7833
8137
8440
8747
8901
9204
9357
9511
9664
9664
9660
9814
9967
10274
10585
10891
11049
10133
9212
8598
8905
9054
9208
9361
9515
9664
9818
9971
10124
9672
9668
9822
9822
9971
10124
10124
10124
10274
10274
10120
10274
10274
10274
10734
10891
11045
11203
10896
9975
9975
9975
10124
10124
10124
10278
10274
10274
10427
10427
617
1543
2776
3852
4775
5695
6461
7074
7378
7840
8451
8908
9212
9668
9975
10278
10278
10431
10585
10887
11040
11194
11347
11347
11347
11496
11500
11654
11812
11812
11970
11668
10602
9684
8766
8919
9223
9680
9984
10286
10589
10743
10589
10436
10743
10891
11045
11194
11347
11500
11649
11347
11496
11649
11649
11802
11802
11955
11955
11649
11802
11802
11802
11802
11955
11955
11955
12109
10896
11049
11198
11352
11347
11500
11500
11654
11807
11045
11194
11194
11347
11500
11496
11649
11649
11802
11649
11802
11802
11955
11955
11955
11955
11950
12104
11802
11802
11955
11955
11955
12104
12104
12104
12104
11045
11198
11347
11347
11500
11654
11649
11802
11802
11496
