2315
2777
3700
4623
5389
6002
6461
7074
7225
7532
7990
8294
8601
8905
9058
9058
9208
9361
9515
9664
9818
9971
9971
9971
10129
10129
10286
10440
10440
10440
9984
9523
9676
9826
9979
9979
10129
10129
10129
9975
9975
10129
10124
10124
10278
10278
10431
10431
10431
10431
10431
10585
10585
10580
10431
10580
10585
10585
10580
10580
10580
10580
10585
8766
8916
9069
9373
9523
9676
9826
9826
9826
9822
9975
10129
10129
10278
10278
10278
10431
10278
10278
10278
10427
10427
10427
10427
10580
10431
10427
10580
10580
10580
10580
10580
10580
10580
10580
10585
10743
10743
10747
10743
10743
10589
10589
10282
9672
9672
9826
9822
9975
9975
10129
10124
10124
10278
9822
9668
9822
9822
9971
10124
10124
10278
10278
10274
10278
10274
10274
10427
10427
10427
10580
10580
10580
10427
10585
10589
10589
10593
10747
10747
10743
10743
10286
9369
9216
9519
9672
9672
9822
9975
9975
10129
10282
9975
9975
10124
10124
10278
10278
10278
10431
10431
10431
10431
10431
10431
10431
10580
10580
10580
10580
10580
10580
