8332
8486
8641
8791
9100
9100
9254
9404
9558
9713
9713
9867
9867
9713
9100
8641
8023
7409
7103
7409
7718
8023
8332
8641
8791
8945
9100
9250
9404
9558
9558
9558
9254
8637
8178
7718
8023
8332
8637
8791
8945
9096
9250
9404
9558
9709
9709
9863
9709
9250
8791
8332
8178
8328
8637
8791
8942
9096
9250
9404
9558
9558
9709
9709
9863
9713
9250
8637
8178
7718
7103
6643
6795
7258
7564
7872
8178
8486
8791
8945
9100
9250
9404
9404
9558
9558
9404
8791
8023
7409
6949
6643
6949
7409
7718
8023
8332
8486
8791
8945
9100
9250
9404
9558
9558
9404
9100
8791
8332
7718
8023
8332
8486
8791
8945
9100
9250
9404
9404
9558
9713
9713
9867
9867
9558
9254
8486
7872
7258
6795
7258
7564
7872
8178
8486
8637
8945
9100
9254
9404
9404
9558
9713
9713
9558
9100
8486
8027
7412
6795
6949
7258
7718
8023
8332
8486
8791
8945
9096
9250
9404
9558
9558
9709
9709
9558
9096
8637
8023
7564
7869
8178
8483
8637
8945
9096
9250
9404
9558
9558
9713
9863
9863
9863
9709
9404
8945
8332
8332
8483
8791
8945
9100
9250
9404
9558
9558
9713
9863
9863
10017
10017
10017
9863
9250
8637
7869
7409
6795
6949
7258
7718
8023
8332
8637
8788
8934
9239
9385
9535
9684
9680
9834
9988
9838
9223
8455
7993
8297
8448
8755
8905
9216
9373
9527
9684
9834
9834
9984
9979
10133
10129
10129
9515
8908
8140
8140
8444
8751
8901
9054
9361
9357
9668
9672
9826
9979
9975
10129
10129
10278
10124
9511
9208
9361
9519
9672
9826
9975
9975
10124
10124
10124
10278
10274
10278
10278
10436
10440
10282
9519
9515
9668
9818
9818
9971
9967
10124
10129
10286
10286
10440
10436
10436
10431
10431
10431
9818
8751
8905
9054
9208
9357
9511
9664
9814
9814
9967
9971
10129
10282
10282
10282
10278
10431
9971
9204
9357
9511
9511
9668
9822
9979
9979
10129
10129
10278
10278
10278
10278
10431
10427
10427
10278
9672
9058
9208
9361
9511
9664
9818
9818
9971
9967
10124
10129
10286
10286
10436
10436
10436
10431
10278
9361
9204
9357
9511
9668
9826
9826
9979
9975
10129
10129
10124
10278
10278
10278
10427
10427
10431
10436
9672
8751
