2159
2775
3697
4619
5538
6151
6917
7222
7375
7833
8290
8747
9054
9357
9664
9814
10120
10585
10891
11198
11352
10589
10589
10585
10738
10891
10887
11040
11040
11040
11189
11189
11189
11189
11342
11342
11337
11342
11342
11649
11807
11960
12114
11505
11198
11198
11194
11194
11347
11347
11342
11342
11342
11342
11342
11342
11496
11491
11491
11491
11491
11649
11802
11960
12114
12267
11965
11049
11198
11198
11194
11347
11347
11347
11342
11342
11342
11342
11342
11496
11491
11491
11491
11491
11491
10585
10585
10734
10887
10887
11036
11036
11189
11189
11189
11184
11184
11337
11337
11337
11337
11337
11337
11337
11491
11802
11955
12114
12267
12267
11352
11045
11198
11194
11194
11194
11347
11342
11342
11342
11342
11337
11491
11491
11491
11491
11491
11491
11491
10887
11040
11040
11189
11189
11189
11189
11337
11337
11337
11337
11337
11337
11491
11491
11491
11491
11491
11491
10431
10431
10427
10580
10729
10882
10882
11036
11036
11031
10729
10882
10882
11031
11031
11184
11184
11184
11337
11337
