8791
8945
9100
9254
9404
9558
9558
9713
9713
9867
9863
10017
10017
10017
9404
8637
8023
7718
8023
8332
8637
8791
8945
9100
9250
9404
9558
9713
9713
9863
9404
8791
8178
7718
7103
7258
7564
7872
8178
8486
8637
8791
9100
9254
9250
9404
9558
9558
9250
8791
8332
7872
7255
6949
7258
7564
7869
8178
8486
8637
8945
9100
9250
9404
9558
9558
9558
9404
8945
8483
8483
8791
8945
9096
9250
9404
9404
9558
9709
9709
9709
9863
9863
9863
9554
9096
8483
7869
8023
8178
8483
8637
8945
9096
9250
9404
9558
9554
9709
9863
9863
9863
9709
9096
8328
7715
7564
8023
8178
8483
8637
8945
9096
9250
9404
9404
9558
9709
9709
9863
9863
9558
9096
8791
8945
9096
9250
9404
9558
9558
9713
9713
9863
9863
10017
10017
10017
10017
9713
9404
8791
8023
7564
7869
8178
8332
8637
8791
8942
9096
9250
9404
9558
9709
9709
9863
9863
9558
9096
8637
8178
7718
7100
7100
7564
7869
8178
8328
8637
8791
8942
9096
9250
9404
9558
9709
9709
9863
9558
9096
8637
8023
7409
6795
6949
7409
7715
8023
8332
8483
8791
8942
9096
9250
9404
9558
9558
9709
9709
9863
9558
9096
8332
7718
8023
8178
8486
8791
8945
9100
9250
9404
9554
9705
9850
9846
9996
9992
10141
9527
8758
8304
7843
7993
8297
8601
8751
9058
9208
9361
9511
9668
9826
9984
9979
10129
10129
10278
9822
9208
9357
9511
9664
9822
9975
10129
10129
10124
10278
10278
10274
10274
10427
10423
10427
10124
9361
9515
9664
9818
9818
9967
10120
10120
10116
10274
10278
10436
10436
10436
10431
10431
10278
9361
9361
9511
9664
9664
9818
9975
10133
10133
10129
10282
10278
10278
10431
10427
10427
10427
9967
9361
9361
9515
9664
9818
9814
9967
10120
10120
10116
10269
10274
10431
10436
10436
10431
10431
10124
9361
9361
9511
9664
9814
9814
9971
10129
10129
10282
10278
10278
10431
10427
10427
10427
10427
10274
9511
8905
8901
9208
9357
9511
9660
9814
9814
9967
9963
10116
10120
10278
10282
10282
10431
10431
10278
9511
9357
9511
9664
9814
9967
9967
10124
10282
10286
10282
10282
10431
10431
10431
10427
10427
10580
10120
12144
12298
12446
12600
12600
12144
12293
12446
12600
12600
12600
12298
12446
12600
12754
12754
12139
12293
12446
12600
12754
12293
12293
12446
12600
12754
12754
12293
12293
12446
12600
12754
12600
12298
12446
12600
12754
12754
12298
12298
12446
12446
12600
12754
12298
12298
12451
12600
12754
12754
12298
12298
12451
12600
12600
12754
12451
12298
12451
12446
12600
12754
12754
12144
12298
12451
12600
12754
12754
12144
12298
12451
12600
12600
12754
12446
12144
12298
12451
12600
12754
12754
11990
12144
12298
12446
12600
12754
12754
11990
12144
12298
12446
12600
12600
12600
11990
12144
12298
12451
12451
12298
12298
11688
11534
11841
11990
12144
12298
12451
12144
11841
11990
12144
12144
12144
11990
11837
11534
11073
11380
11688
11837
12144
12298
12293
12748
12902
12902
13050
13050
12441
12282
12124
11970
11812
11807
11654
11654
11496
11496
11342
11337
11337
11649
11802
11955
11500
11347
11347
11342
11189
11189
11189
11184
11184
11184
11031
11031
11031
11184
11496
11649
11802
11194
11194
11194
11189
11189
11189
11031
11031
11031
11031
11031
11031
11031
11184
11496
11649
11807
11505
10891
10738
10734
10887
10882
10882
10882
10878
10878
10878
10725
10725
10878
11184
11342
11649
11802
11654
11194
11194
11194
11189
11036
11036
11036
11031
11031
11031
11031
10878
10878
11184
11496
11649
11802
11807
11045
10585
10738
10734
10734
10729
10729
10729
10729
10878
10878
10878
10878
11031
11342
11649
11802
11960
11960
11198
10891
10887
10887
10887
10882
10882
10882
10882
10878
10878
10878
10878
11184
11342
11649
11955
12114
12114
11659
11663
11970
12124
12277
12431
12584
11975
12129
12282
12589
12743
12743
12897
12897
13050
13050
13204
13204
13357
13357
13357
13511
13511
13505
13505
13505
13505
13505
13511
13664
13664
13659
13659
12600
12600
12600
12754
12754
12754
12600
12600
12600
12600
12600
12600
12600
12600
12600
12754
12754
12754
12754
12600
12600
12600
12600
12600
12600
12600
12600
12754
12754
12754
12754
12600
12600
12600
12600
12600
12754
12754
12605
12600
12600
12754
12754
12754
12600
12600
12600
12600
12754
12754
12754
12754
12754
12754
12754
12754
12754
12600
12600
12754
12754
12754
12754
12754
12754
12754
12600
12600
12600
12600
12754
12754
12754
12600
12600
12600
12600
12600
12600
12600
12600
12600
12600
12600
12600
12600
12754
12754
12600
12600
12600
12600
12600
12600
12600
12600
12600
12600
12600
12600
12600
12600
12600
12600
12600
12600
12600
12600
12600
12754
12754
12451
12446
12600
12600
12605
12605
12600
12600
12451
12605
12605
12600
12600
12600
12600
12600
12451
12451
12605
12605
12600
12600
12600
12600
12600
12451
12451
12605
12605
12605
12605
12600
12600
