2161
2931
4008
4929
5848
6615
6920
7532
7990
8601
9058
9365
9668
9975
10278
10431
10580
10887
10887
11036
11347
11500
11659
11659
11203
11352
11505
11500
11654
11654
11654
11649
11802
11802
11955
11955
11955
11955
11955
11950
11950
11950
11950
11950
11950
12104
12104
12104
12104
12104
12104
12104
12104
12104
12104
12104
12104
12104
12262
12415
12420
12267
11505
11505
11659
11654
11807
11807
11807
11802
11955
11955
11955
11955
11955
11950
11955
12104
12104
12104
12104
12104
12104
12104
12104
12104
12104
12104
12104
12104
12104
12104
12104
12104
12104
12104
12257
11500
11654
11654
11802
11802
11802
11955
11802
11802
11797
11797
11950
11950
11950
11950
11950
11950
12104
12104
12104
12104
12104
12104
12104
12104
12104
12104
12099
12099
12099
12099
12099
12099
12099
12104
12257
12257
12415
9850
10000
10154
10154
10308
10457
10457
10457
10457
10611
10611
10765
10765
10765
10611
10765
10765
10765
10765
10919
10919
10919
10914
10914
10914
10914
10914
10910
10905
10905
10747
10747
10747
10743
10743
10743
10738
10738
10738
10738
10738
10738
10585
10585
10585
10580
10580
10580
10580
10580
10580
10580
10580
10580
10580
10580
10734
10734
10580
10580
10580
10580
10585
10585
10743
10743
10747
9830
9830
9979
9979
10133
10129
10282
10282
10436
10282
10431
10431
10431
10431
10431
10431
10580
10431
10431
10427
10580
10580
10580
10580
10580
10580
10427
10427
10580
10580
10580
10580
10580
10580
10580
10580
10580
10585
10585
10743
10747
10747
10743
10593
9523
8758
8912
9062
9216
9519
9672
9826
9822
9975
9975
9975
10129
10124
10278
10278
10278
10431
10431
10431
10431
10431
10585
10580
10580
10580
10580
10580
10580
10585
10585
10580
10580
10580
10580
10580
10738
10743
10743
9826
9062
9369
9519
9672
9822
9975
10129
10124
10278
10278
10278
10278
10278
10431
10431
10431
10585
10580
10580
10580
12436
12589
12743
12743
12891
12891
12891
12891
13045
13045
13045
13045
13198
13198
13198
13198
13198
13198
13193
13346
13198
13198
13352
13352
13346
13352
13352
13346
13346
13346
13193
13193
13034
13034
12875
12875
12716
12716
12716
12716
12558
12558
12558
12558
12558
12558
12405
12405
12400
12400
12400
12400
12400
12400
12400
12400
12247
12400
12400
12400
12400
12400
12247
12247
12247
12400
12400
12400
12400
12405
12405
12563
12563
12722
12722
12568
12114
12109
12109
12262
12257
12257
12257
12257
12252
12252
12252
12252
12252
12252
12252
12252
12252
12252
12252
12405
12252
12252
12252
12252
12252
12400
12400
12400
12400
12247
12247
12247
12247
12247
12405
12400
12252
12247
12400
12405
12558
12563
12563
12415
11802
11955
11955
12104
12104
12104
12104
12099
13050
13204
13204
13204
13204
13050
13204
13204
13204
13204
13204
13204
13204
13357
13357
13204
13204
13045
13045
12886
12886
12727
12727
12574
12568
12568
12568
12415
12415
12415
12410
12410
12410
12257
12257
12257
12257
12257
12257
12257
12257
12257
12257
12257
12257
12257
12257
12257
12257
12257
12257
12257
12257
12104
12104
12104
12257
12257
12257
12262
11654
11807
11807
11960
11955
11955
12109
12109
12109
12104
12104
12104
12104
12104
12104
12104
12257
12257
12257
12257
12257
12104
12257
12257
12257
12257
12257
12257
12104
12257
12257
12257
12257
12257
12257
12104
12104
12257
12257
12257
12257
12257
12257
11347
11347
11347
11347
11500
11649
11649
11802
11496
11649
11649
11797
11797
11797
11950
11950
11950
11950
11950
12104
12104
12104
12104
12104
12104
12104
12104
12104
12104
12257
12257
12257
