8332
8332
8332
8641
8791
8945
9100
9250
9404
9558
9713
9713
9867
9713
9250
8791
8332
7718
7718
8023
8332
8641
8791
8945
9100
9250
9404
9558
9558
9713
9713
9558
9100
8486
8178
8486
8637
8945
9100
9250
9404
9404
9558
9713
9713
9863
9863
9713
9250
8791
8332
8332
8486
8791
8945
9100
9250
9404
9558
9713
9713
9863
9863
9863
9713
9250
8637
8023
7409
7564
7869
8178
8486
8637
8945
9100
9250
9404
9404
9558
9713
9713
9404
8945
8637
8178
7869
8023
8332
8483
8791
8945
9096
9250
9404
9558
9554
9709
9709
9863
9863
9404
8945
8332
7869
7409
7869
8178
8332
8637
8791
9100
9254
9404
9404
9558
9713
9713
9863
9713
9404
8945
8332
7718
8023
8332
8486
8791
8945
9100
9250
9404
9404
9558
9713
9713
9867
9863
9713
9404
8945
8332
8332
8637
8791
8945
9100
9250
9404
9558
9558
9713
9867
9863
9863
10017
10017
9713
9100
8332
7718
7103
6643
6488
6949
7409
7718
8023
8332
8486
8791
8945
9100
9250
9404
9558
9558
9713
9404
8945
8483
8023
7564
7255
7564
7869
8178
8483
8637
8945
9096
9250
9404
9558
9558
9709
9709
9863
9863
9558
8942
8328
7869
7255
6795
6795
7255
7564
7869
8178
8483
8791
8942
9096
9250
9404
9558
9709
9709
9863
9554
9096
8637
8023
7409
6949
7255
7564
7869
8178
8486
8637
8791
8945
9096
9250
9404
9558
9713
9713
9867
9558
9100
8791
8332
8023
7409
7103
7564
7872
8178
8486
8637
8945
9100
9250
9250
9404
9558
9713
9713
9867
9863
9863
9558
8945
8332
7718
7103
6643
6795
7103
7564
7872
8178
8332
8637
8791
8945
9100
9250
9404
9558
9713
9713
9863
9713
9558
8945
8486
7872
8023
8332
8486
8791
8945
9100
9250
9404
9558
9558
9713
9713
9867
9863
10017
10017
10017
9863
9558
8791
8945
9100
9250
9404
9558
9713
9709
9863
9863
10017
10017
10017
10171
10171
10171
10171
10017
9709
9250
8637
8791
8942
9096
9250
9404
9558
9558
9709
9863
9859
10008
10000
10150
10146
10141
10295
9984
9680
8912
8144
7375
7372
7833
8137
8448
8758
8912
9216
9365
9519
9668
9668
9822
9971
9971
10129
10129
10286
9979
9058
8290
8598
8901
9054
9208
9515
9672
9676
9826
9979
9979
10129
10129
10278
10278
10278
10278
10431
9979
9058
12897
12897
13050
13204
13204
12743
12897
13050
13204
13204
12743
12897
13050
13204
13204
12897
13050
13204
13204
13204
12902
12897
13050
13204
13204
12897
12902
13050
13204
13204
13204
12902
13056
13050
13204
13357
13204
12902
13050
13204
13204
13204
12902
12902
13050
13204
13357
13357
12902
13050
13050
13204
13204
13357
12902
13056
13050
13204
13204
13204
12902
13056
13050
13204
13357
13357
12902
13050
13204
13204
13204
13204
12902
12902
13050
13204
13204
13357
13204
12902
12902
13050
13204
13204
13204
12748
12902
13056
13204
13204
13357
13357
12902
13050
13050
13204
13204
13204
13050
12902
13050
13204
13357
13357
13357
12902
13050
13204
13204
13357
13357
13357
12897
13050
13204
13204
13357
13357
13357
8630
8934
9239
9547
9696
9393
8630
8626
9088
9393
9547
9850
9239
8476
8780
9242
9393
9547
9700
9239
8476
8476
8934
9242
9393
9696
9393
8630
8630
8934
9239
9547
9850
9547
8784
8780
9088
9393
9700
9850
9700
8934
8630
8934
9393
9700
9850
10004
9085
8626
8934
9239
9700
9850
10158
9547
8626
8934
9239
9547
9696
9850
9850
9242
8322
8630
8934
9393
9700
9850
9850
9088
8322
8780
9242
9547
9854
10004
9854
8934
8630
9088
9393
9700
9850
10004
9854
8934
8322
8784
9088
9393
9547
9700
9850
9239
8476
8322
8780
9242
9547
9854
10004
9700
8780
8630
8934
9239
9547
9854
10004
10004
9242
8476
8476
8934
9242
9547
9850
10158
9700
8934
8476
8934
9242
9547
9854
10004
10158
9393
8630
8630
9088
9393
9700
9854
9850
10004
9393
8630
8322
8780
9088
9547
9854
10004
10312
9393
8630
8630
9088
9393
9547
9700
9700
9850
9700
8934
