3387
3848
4615
5228
5841
6453
6914
7372
7680
7983
8290
8440
8901
9361
9826
10133
10593
9988
9073
923
1691
2613
3535
4302
5068
5683
6451
7219
7526
7219
7372
7676
7983
8287
8594
8897
9051
9204
9353
9664
9361
9511
9664
9818
9818
9967
10120
10120
10120
10274
10120
10274
10580
10887
11045
11352
11352
11045
10278
9361
9357
9511
9664
9818
9814
9967
10274
10585
10738
9975
9975
9971
10124
10124
10278
10274
10274
10274
10427
10427
9975
9971
10124
10124
10124
10274
10274
10274
10274
10427
10427
10120
10427
10734
11045
11198
11352
11510
10896
10133
9212
8290
8137
8440
8594
8897
9357
9668
10129
10436
10436
9672
9212
9361
9515
9668
9818
9818
9971
9971
10120
10278
10585
10129
10129
10129
10278
10278
10278
10427
10427
10427
10427
10427
10427
10427
10580
10887
11045
11198
11356
11510
11663
10901
9830
8908
8140
7680
7983
8290
8594
8901
9361
9822
10133
10440
10286
9519
9058
9208
9361
9515
9664
9818
9971
9971
10120
10274
10585
10585
10129
10124
10124
10278
10278
10274
10427
10427
10427
10427
10427
10423
10423
9818
9971
9971
10124
10120
10120
10274
10274
10274
10423
10423
10423
10423
10423
10734
10887
11198
11352
11505
11352
11352
11194
11040
10278
9357
9357
9511
9660
9814
9814
10120
10431
10738
11049
11203
10598
9992
13516
13516
13516
13516
13516
13516
13516
13516
13516
13516
13516
13516
13516
13516
13516
13516
13516
13516
13516
13670
13516
13516
13511
13511
13511
13511
13511
13511
13511
13511
13511
13511
13511
13511
13664
13664
13511
13511
13511
13511
13516
13670
13516
13516
13516
13516
13516
13516
13516
13516
13516
13516
13516
13516
13516
13516
13516
13516
13516
13516
13516
13516
13516
13516
13670
13516
13516
13516
13670
13670
13670
13516
13516
13516
13516
13516
13670
13516
13516
13516
13516
13516
13670
13516
13516
13516
13516
13670
13670
13670
13516
13516
13516
13516
13516
13516
13516
13516
13516
13516
13516
13670
13516
13516
13516
13516
13516
13516
13516
13363
13516
13516
13516
13516
13516
13516
10475
10475
10475
10475
10475
10629
10629
10629
10629
10629
10629
10629
10629
10475
10475
10475
10475
10475
10629
10629
10629
10629
10629
10629
10629
10475
10475
10475
10475
10475
10475
10475
10475
10475
10629
10629
10629
10629
10321
10321
10475
10475
10475
10475
10475
10475
10629
10629
10629
10629
10629
10321
10475
10475
10475
10475
10475
10475
10475
10629
10629
10629
10629
10629
10629
10475
10475
10475
10475
10475
10475
10475
10475
10629
10629
10629
10629
10629
10475
10475
10475
10475
10475
10475
10475
10475
10629
10629
10629
10629
10629
10629
10475
10475
10475
10475
10475
10629
10629
10629
10629
10629
10629
10629
10629
10629
10475
10475
10475
10475
10629
10629
10629
10629
10629
10629
10629
10629
10629
10629
10629
10475
10475
10475
10475
10475
10475
10629
10629
10629
10629
10629
10629
10629
10629
10629
10629
10629
10629
10629
10629
10629
10629
10629
10629
10629
10629
10629
10629
10629
10629
10629
10629
10629
10629
10629
10629
10629
10629
10629
10629
10629
10629
10629
10629
10629
10475
10475
10475
10475
10475
10629
10629
10629
10629
10629
10629
10629
10629
10629
10629
10321
10321
10475
10475
10475
10475
10475
10475
10475
10629
10629
10629
10629
10629
10629
10629
10321
10475
10475
10475
10475
10475
10475
10475
10475
10475
10321
10321
10321
10321
10321
10321
10321
10321
10017
9863
9863
10017
10013
10167
10167
10321
10321
10321
10321
10475
10475
10475
10475
10475
10475
10321
10321
10475
10475
10475
10475
10475
10475
10475
10629
10629
10629
10629
10629
10629
10629
10629
10475
10475
10475
10475
10475
10475
10475
10629
10629
10629
10629
10629
10629
10629
10629
10629
10629
10321
10321
10475
10475
10475
10475
10475
10629
10629
10629
10629
10629
10629
10629
10629
10629
10629
10321
10475
10475
10475
10475
10475
10475
10475
10475
10629
10629
10629
10629
10629
10629
10629
10629
10475
