7557
7862
8171
8325
8633
8788
8938
9092
9246
9400
9554
9709
9709
9554
8942
8483
7869
7409
6795
6795
7255
7564
8023
8178
8483
8791
8945
9096
9250
9404
9558
9558
9404
8945
8178
7564
7103
6643
6795
7258
7564
7869
8178
8486
8637
8945
9100
9250
9404
9404
9558
9404
8791
8332
7564
7103
6643
6640
7103
7564
7872
8178
8332
8637
8791
8945
9100
9250
9404
9558
9404
9100
8791
8023
7409
6949
7258
7718
8023
8332
8486
8791
8945
9100
9250
9404
9554
9705
9700
9547
8931
8161
7391
6778
7083
7538
7843
8150
8455
8758
8912
9219
9377
9531
9680
9830
9830
9676
8912
8912
9062
9216
9365
9519
9672
9822
9975
9975
10133
10137
10291
10291
10291
9523
9219
9523
9523
9672
9826
9979
9975
10129
10129
10129
10282
10282
10440
10440
9984
9219
9219
9369
9523
9672
9826
9979
9975
10129
10129
10282
10282
10278
10278
10436
9979
9979
10133
10133
10129
10282
10282
10278
10431
10431
10431
10431
10431
10431
10585
10431
10431
10436
10440
10598
10598
10598
10598
10593
10593
10593
10593
10589
10589
10589
10436
9365
8605
7840
7686
7836
8297
8608
8762
9069
9219
9373
9523
9676
9826
9826
9979
10129
10129
9822
9212
9365
9519
9668
9668
9826
9979
10137
10133
10133
10286
10282
10282
10436
10436
10431
9822
9212
9212
9361
9515
9668
9822
9975
9979
10133
10137
10286
10286
10286
10282
10436
10436
10129
9216
8908
9212
9365
9519
9668
9668
9822
9975
10129
10133
10291
10291
10286
10440
10440
10436
9979
9216
9365
9519
9672
9822
9822
9975
10129
10129
10124
10282
10282
10440
10444
10440
10440
10440
9676
9369
9523
9672
9672
9826
9975
9975
10129
10129
10282
10278
10278
10431
10436
10440
10440
10440
9676
9216
9369
9523
9672
9826
9979
9975
10129
10129
10129
10282
10278
10278
10431
10431
10436
10440
9984
9219
9373
9523
9676
9826
9979
9979
10129
10129
10282
10282
10282
10278
10431
10431
10431
10431
9979
9979
10129
10129
10282
10282
10278
10278
10431
10431
10431
10431
10431
10585
10580
10580
10580
10580
11837
11990
12144
12293
12446
11837
11990
12144
12298
12446
12298
11990
12144
12298
12446
12446
11837
11990
12144
12298
12451
12298
11990
12144
12144
12139
12134
11975
11668
11515
11510
11510
11505
11505
11500
11500
11500
11496
11496
11496
11496
11496
11496
11649
11198
11194
11347
11347
11342
11342
11342
11342
11342
11342
11337
11491
11491
11491
11491
11491
11491
11337
11337
11644
11802
11955
12114
11965
11505
11500
11500
11500
11500
11496
11496
11496
11496
11496
11496
11496
11491
11491
11491
11491
11491
11491
11496
11802
11960
12114
12267
12267
11960
11352
11347
11347
11347
11347
11496
11496
11496
11496
11496
11496
11496
11491
11491
11491
11491
11491
11649
11500
11045
11194
11194
11194
11189
11342
11342
11342
11342
11342
11337
11337
11491
11491
11491
11491
11491
11491
11491
11491
11644
11955
12114
12267
12420
12267
11960
11045
10891
11045
11040
11040
11194
11194
11342
11342
11342
11342
11342
11342
11342
11337
11337
11491
11496
11802
11960
465
1859
3249
4482
5559
6174
7095
7862
8630
9242
9700
10158
10616
10919
11380
11529
11832
11985
12293
12441
12595
12748
12902
13050
13050
13204
13204
13204
13204
13357
13357
13357
13357
13511
13511
13511
13511
13505
13505
13659
13659
13659
13659
13659
13659
13659
13659
13659
13659
13659
13659
13659
13659
13659
13659
13659
13659
13659
13659
13659
13659
13659
13659
13659
13659
13511
13664
13664
13659
13659
13659
13659
13659
13659
13659
13659
13664
13664
13664
13664
13659
13659
13659
13659
13659
13659
13659
13659
13659
13664
13664
13659
13659
13812
13812
13812
13659
13659
13659
13659
13659
13659
13659
13659
13659
13659
13659
13659
13659
13659
13659
13659
13659
13812
13812
13812
