1853
2315
3547
4469
5389
6310
7080
7388
7231
7843
8455
8912
9369
9672
9979
10129
10282
10585
10891
11045
11194
11347
11347
11500
11649
11649
11802
11802
11802
11955
11955
11955
12109
12109
12109
11955
12104
12104
12104
12104
12104
12257
12104
12104
12104
12262
12262
12420
12272
11356
11049
11203
11198
11352
11505
11654
11654
11500
11500
11654
11654
11802
11955
11955
11955
11802
11802
11955
11955
11955
12109
12104
11955
11955
11955
12104
12104
12257
12257
12257
11950
12104
11950
11950
11950
12104
12104
12109
11960
11812
11807
11807
11807
11807
11807
11955
11955
11955
11045
10891
11040
11347
11500
11649
11649
11802
11802
11649
11802
11955
11950
12104
12257
12257
12257
12104
12257
12257
12257
12257
12257
12410
12410
12257
12257
12257
12410
12410
12415
12415
12574
11812
11203
11203
11505
11659
11654
11807
11960
12109
11807
11347
11654
11654
11802
11955
12109
12109
12109
11955
12109
12109
12262
12257
12257
12410
12410
12410
