2157
2617
3540
4461
5226
6149
6914
7529
7683
8140
8444
8751
8901
9208
9357
9511
9660
9814
10120
10427
10738
11045
11352
10743
10589
10585
10585
10734
10734
10734
10734
10729
10729
9672
9822
9822
9971
10124
10278
10274
10427
10427
10423
10423
10729
10887
11194
11505
11659
11352
10436
10436
10431
10431
10580
10580
10580
10580
10580
10729
10129
10129
10278
10278
10431
10427
10427
10580
10580
10576
10576
10576
10882
11194
11347
11654
11812
11352
10431
10585
10585
10580
10580
10734
10729
10729
10729
10729
10887
925
2002
3079
4001
4767
5534
6146
6758
7219
7676
7980
926
2160
3237
4315
5235
6002
6766
7532
7836
8448
8905
9365
9668
9975
10278
10431
10580
10887
10887
11040
11189
11342
11194
11189
11342
11496
11496
11649
11649
11649
11342
11342
11496
11649
11802
11797
11950
11950
11500
11347
11500
11500
11649
11802
11802
11955
11955
11955
12104
12104
12104
12257
12257
12257
12257
12257
12257
12257
12410
12410
12410
12410
12410
12410
12410
12410
12410
12410
12410
8938
9396
9700
10162
10466
10774
10316
9396
9092
9550
9854
10316
10620
10774
10316
9396
9092
9550
9854
10162
10466
10774
10316
9396
8938
9396
9854
10162
10466
10774
10620
9705
8784
9092
9550
9854
10316
10466
10774
10162
9242
8938
9396
9854
10162
10466
10774
10774
9854
8938
9092
9550
9854
10162
10466
10774
10620
9705
8938
9092
9550
10008
10312
10620
10769
10620
9700
8784
9092
9396
9854
10158
10466
10769
10769
9854
9088
8938
9242
9700
10008
10158
10466
10616
10000
9846
10150
10453
10602
10905
11054
11203
11356
11356
11505
11659
11654
11807
11807
11955
11802
11955
12109
12109
12109
12257
12257
12257
12104
12104
12104
12257
12257
12257
12410
12410
12257
12257
12257
12257
12257
12410
12410
12410
12257
12410
12410
12410
12415
12574
12574
12579
11510
10444
9527
9219
9676
9984
10286
10589
10743
11045
11198
11198
11347
11500
11654
11802
11955
11955
12109
12109
11955
12104
12104
12104
12257
12257
12257
12410
12257
12257
12410
12410
12410
12410
12410
12563
12563
