2160
2775
3697
4619
5387
6000
6613
7071
7683
7833
8290
8598
8901
9204
9511
9818
9967
10120
10427
10734
11045
11352
10896
10738
10891
10891
11040
11040
11194
11194
11189
11189
11189
11342
11342
11342
11342
11342
11342
11337
11337
11649
11802
11960
11960
11505
11505
11500
11500
11500
11500
11496
11496
11496
11496
11496
11496
11496
11491
11491
11491
11337
11491
11491
11649
11802
11960
12114
11352
11198
11198
11198
11347
11347
11347
11342
11342
11342
11342
11342
11342
11342
11342
11496
11491
11491
11337
11496
11802
11960
12114
12119
11960
11352
11352
11347
11347
11347
11342
11496
11496
11496
11342
11342
11337
11491
11491
11491
11491
11491
11491
10887
10887
10887
11036
11036
11189
11189
11189
11337
11189
11184
11184
11184
11337
11337
11337
11337
11337
11337
11337
11491
11802
11955
12114
12267
12420
11817
11668
11822
12129
12282
12436
12589
12288
11832
11980
12288
12441
12595
12748
12748
12902
12902
13056
13056
13209
13209
11990
11990
11990
11990
11990
11837
11837
11837
11837
11990
11837
11837
11837
11837
11837
11837
11837
11837
11837
11837
11837
11837
11837
11837
11837
11837
11837
11837
11837
11837
11837
11837
11837
11837
11837
11837
11832
11837
11832
11832
11832
11832
11837
11832
11832
11832
11832
11832
11832
11832
11832
11832
11837
11837
11837
11837
11837
11837
11837
11837
11837
11837
11837
11837
11837
11837
11837
11837
11837
11837
11837
11837
11837
11837
11837
11837
11837
11837
11837
11837
11837
11837
11837
11837
11837
11837
11837
11837
11837
11990
11990
11837
11837
11837
11837
11837
11837
11837
11683
11683
11529
11529
11375
11226
11226
11073
10919
10312
10158
10312
10312
10308
10462
10616
10769
10769
10308
10616
10765
10919
10919
11073
11226
10629
10629
10629
10629
10629
10629
10629
10629
10629
10629
10629
10629
10629
10629
10629
10629
10629
10629
10629
10629
10629
10629
10629
10629
10629
10629
10629
10629
10629
10629
10629
10629
10629
10629
10629
10629
10629
10629
10475
10629
10629
10629
10629
10629
10629
10629
10629
10629
10629
10629
10629
10629
10629
10629
10629
10629
10629
10629
10629
10629
10629
10629
10629
10629
10629
10629
10629
10629
10629
10629
10629
10629
10629
10629
10629
10629
10629
10475
10475
10629
10629
10629
10629
10629
10629
10629
10629
10629
10629
10629
10629
10629
10629
10629
10629
10629
10629
10629
10629
10629
10629
10629
10629
10629
10629
10475
10475
10475
10475
10475
10475
10629
10629
10629
10629
10629
10629
10629
10629
10629
10321
10321
10475
10475
10475
10475
10475
10475
10475
10629
10629
10629
10629
10629
10475
10475
10475
10475
10475
10475
10629
10629
10629
10629
10629
10629
10629
10629
10629
10629
10629
10629
10629
10629
10629
10629
10629
10629
10629
10629
10629
10629
10629
10629
10629
10475
10475
10475
10475
10629
10629
10629
10629
10629
10629
10629
10629
10629
10629
10629
10475
10475
10629
10629
10629
10629
10629
10629
10629
10629
10629
10629
10629
10629
10629
10629
10475
10475
10475
10475
10475
10475
10475
10629
10629
10629
10629
10629
10629
10629
10629
10629
10321
10475
10475
10475
10475
10475
10475
10629
10629
10629
10629
10629
10629
10629
10629
10629
10475
10475
10475
10475
10475
10475
10475
10475
10629
10629
10629
10629
10629
10629
10629
10629
10629
10321
10321
10475
10475
10475
10475
10475
10475
10475
10475
10475
10629
10629
10629
10629
10629
10629
10475
10475
10475
10475
10475
10475
10475
10475
10629
10629
10629
10629
10629
10629
10629
10629
10629
10321
10475
10475
10475
10475
10475
10475
10475
10629
10629
10629
10629
10629
10629
10629
10629
10629
