9692
9692
9842
9838
9992
10141
10137
10137
10286
10286
10286
10436
10436
9975
10129
10133
10291
10291
10444
10440
10440
10436
10436
10436
10436
10436
9672
9212
9365
9515
9668
9822
9975
9979
10137
10137
10286
10286
10286
10436
9826
9062
9212
9365
9519
9668
9822
9822
9975
10129
10129
10286
10286
10286
10286
9369
9216
9365
9519
9672
9822
9822
9975
9975
10129
10124
10278
10282
10286
10137
9219
9369
9523
9672
9826
9826
9975
10129
10129
10129
10282
10278
10278
10431
10278
10436
10440
10440
10440
10593
10589
10589
10589
10589
10589
10585
10585
10585
9975
9365
9515
9515
9668
9822
9979
10137
10137
10286
10286
10286
10282
10436
10436
10436
9519
9212
9365
9519
9672
9822
9822
9975
10129
10133
10291
10286
10286
10440
10440
10286
9369
9216
9365
9519
9672
9822
9822
9975
10129
10124
10124
10282
10440
10440
10440
10440
9523
9216
9365
9519
9672
9822
9822
9975
9975
10129
10124
10278
10278
10278
10436
10440
9984
9523
9676
9826
9826
9979
9975
10129
10129
10282
10282
10282
10431
10431
10431
10431
10129
10129
10286
10291
10291
10444
10444
10444
10440
10440
10593
10589
10589
10589
10589
10589
9975
9062
8297
8601
8908
9058
9216
9523
9680
9680
9830
9984
9979
10133
10133
10286
10282
10282
9975
9672
9822
9822
9975
10129
10129
10129
10282
10282
10440
10440
10440
10440
10589
10589
10589
9979
9216
9365
9519
9672
9822
9822
9975
9975
10129
10124
10278
10282
10440
10444
10440
10440
10440
9672
9216
9369
9519
9672
9826
9822
9975
10129
10124
10124
10278
10278
10278
10431
10436
10440
10593
9676
9369
9523
9672
9672
9826
9975
9975
10129
10129
10282
10278
10278
10431
10431
10431
10431
10431
10133
10129
10282
10282
10282
10431
10431
10431
10431
10431
10431
10585
10585
10585
10580
10580
10580
10431
10431
10431
10589
10589
10589
10589
10589
10585
10585
10585
10585
10585
10585
10585
10585
10585
10585
9822
12748
12748
12902
13050
12897
12595
12743
12897
12897
12897
12595
12748
12897
13050
13050
12595
12743
12897
12897
13050
12595
12748
12743
12897
13050
13050
12595
12748
12897
12897
13050
12595
12748
12902
12902
13050
13050
12595
12748
12902
12897
13050
12897
12748
12748
12902
13050
13050
12748
12748
12748
12902
12897
12897
12748
12595
12748
12902
12902
13056
12748
12748
12748
12902
13050
13050
12897
12748
12748
12902
13050
13050
13050
12595
12748
12902
12897
13050
13050
12595
12748
12748
12902
13050
13050
13050
12595
12748
12897
12897
13050
13050
12595
12748
12902
12897
13050
13050
13050
12595
12748
12902
12897
13050
13050
13050
12595
12748
12902
12897
13050
13050
13050
12595
12748
12902
12902
13050
13050
12897
8784
9088
9547
9854
10004
9393
8630
9088
9393
9700
10004
9854
8934
8934
9242
9547
9700
9700
9700
8780
8476
8780
9242
9547
9850
9700
8934
8630
8934
9239
9547
9854
9854
9088
8476
8934
9242
9547
9700
9700
9393
8476
8476
8780
9242
9547
9854
9850
9088
8322
8780
9088
9393
9700
9850
9547
8780
8476
8934
9239
9547
9696
9696
9393
8626
8322
8780
9239
9547
9547
9696
9547
8626
8167
8626
9088
9393
9547
9547
9700
8934
8171
8630
8934
9393
9700
9850
10004
9088
8476
8934
9239
9547
9700
9700
9850
9393
8630
8630
8934
9393
9547
9700
9854
9850
9088
8322
8476
8934
9242
9547
9854
10158
9547
8784
8476
8934
9242
9393
9547
9547
9700
9547
8630
8017
8322
8780
9088
9393
9700
9700
9700
8780
8017
8322
8780
9088
9547
9700
9850
9850
8934
8167
8322
8780
9088
9393
9700
9850
9850
9239
8476
8167
8626
8934
9239
9393
9547
9696
10004
9088
