9385
9535
9688
9684
9834
9988
9984
10137
10133
10286
10282
10282
10282
10129
10282
10286
10291
10291
10444
10444
10444
10440
10440
10440
10436
10282
9369
8605
8297
8601
8908
9062
9212
9523
9676
9834
9830
9984
9979
10133
10133
9523
8908
9216
9365
9519
9672
9668
9822
9975
9975
10133
10291
10291
10291
9984
9219
9216
9369
9523
9672
9826
9826
9975
9975
10129
10129
10282
10282
10440
9984
9369
9523
9672
9826
9826
9975
9975
10129
10129
10278
10278
10278
10431
10431
10278
10282
10440
10440
10440
10436
10436
10589
10589
10589
10585
10585
10585
10585
9975
9668
9822
9975
9975
10133
10137
10291
10291
10286
10286
10440
10436
10436
10436
9979
9365
9519
9672
9822
9975
9975
10129
10129
10286
10291
10291
10449
10444
10444
10444
9527
8608
7993
8301
8605
8758
9062
9216
9365
9519
9672
9822
9822
9979
10137
10137
10291
9830
8912
9066
9369
9523
9672
9672
9826
9975
9975
10129
10129
10282
10278
10278
10436
10286
9830
9830
9979
9979
10133
10129
10282
10282
10282
10282
10431
10431
10431
10431
10431
10278
9975
9975
10133
10291
10291
10286
10286
10440
10436
10436
10436
10436
10431
10585
10585
10431
9515
9212
9361
9515
9668
9822
9979
10137
10133
10133
10286
10282
10282
10436
10436
10436
10436
9672
9212
9365
9519
9668
9822
9822
9975
10129
10133
10291
10286
10286
10440
10436
10436
10436
10129
9519
9672
9822
9975
9975
10129
10129
10278
10278
10278
10436
10440
10440
10440
10593
10589
10436
9523
9216
9365
9519
9672
9826
9822
9975
9975
10129
10129
10278
10278
10278
10436
10440
10444
10444
9676
9523
9676
9826
9826
9979
10129
10129
10129
10282
10282
10282
10431
10431
10431
10431
10431
10436
465
1394
2631
3557
4329
5100
5716
6331
6792
7252
7715
8020
8328
8633
8788
9096
9246
9400
9400
9554
9709
9863
9863
10017
10013
10167
10167
10321
10321
10321
10321
10475
10475
10475
10475
13363
13363
13516
13516
13516
13363
13363
13363
13516
13516
13363
13363
13363
13516
13516
13363
13516
13516
13516
13516
13363
13516
13516
13516
13516
13516
13516
13516
13516
13511
13516
13516
13516
13516
13511
13511
13516
13511
13511
13511
13511
13357
13516
13516
13516
13516
13516
13516
13511
13511
13511
13511
13511
13516
13516
13516
13511
13511
13511
13511
13511
13511
13511
13511
13357
13516
13516
13511
13511
13511
13511
13516
13511
13516
13511
13516
13516
13363
13516
13516
13516
13516
13516
13363
13516
13516
13516
13516
13516
13516
13516
13516
13516
13516
13516
13516
13363
13363
13056
12907
12754
12600
12446
12293
11990
11837
11837
11683
11683
11683
11683
11683
11529
11529
11683
11837
11990
12139
12293
12293
13659
13659
13659
13659
13659
13659
13659
13659
13659
13659
13664
13664
13664
13659
13659
13659
13659
13659
13659
13659
13659
13659
13664
13664
13659
13664
13664
13659
13659
13659
13659
13659
13659
13664
13664
13659
13659
13659
13659
13659
13659
13659
13659
13659
13659
13659
13659
13664
13659
13659
13659
13659
13664
13664
13664
13664
13664
13664
13664
13664
13664
13664
13659
13659
13664
13659
13664
13664
13664
13659
13664
13664
13664
13659
13659
13659
13659
13664
13664
13664
13664
13659
13664
13659
13659
13659
13659
13659
13659
13664
13664
13659
13659
13659
13659
13659
13659
13659
13659
13659
13659
13659
13659
13659
13659
13659
13659
13659
13505
13659
13659
13659
13659
13659
13659
11837
11837
11837
11837
11837
11837
11837
11837
11837
11837
11837
11837
11837
11837
11837
11837
11837
11837
11837
11837
11837
11837
11837
11837
11837
11837
11837
11837
11837
11837
11837
11837
11837
11837
11837
11837
11837
11837
11837
11837
11837
11837
11837
11837
11837
11837
11837
11837
11837
11837
11837
11837
11837
11837
11837
11837
11832
11832
11832
11832
11832
11837
11832
11832
11832
11832
11832
11832
11832
11832
11832
11832
11837
11837
11837
11837
11837
11837
11837
11837
11837
11837
11837
11837
11837
11837
11837
11837
11837
11837
11837
11837
11837
11837
11837
11837
11837
11837
11837
11837
11837
11837
11837
11837
11837
11837
11837
11837
11837
11837
11837
11990
11837
11837
11837
11837
11837
11837
11837
