1860
2478
4021
5100
6177
6637
7252
8020
8630
9242
9700
10162
10466
10923
11231
11534
11688
11837
12144
12298
12446
12446
12600
12754
12907
12902
12902
13056
13056
13209
13209
13209
13209
13209
13363
13363
13363
13363
13363
13363
13363
13363
13363
13363
13363
13516
13516
13516
13363
13363
13516
13516
13516
13363
13363
13363
13516
13516
13516
13363
13516
13516
13516
13516
13516
13516
13516
13516
13516
13516
13516
13516
13516
13516
13516
13516
13516
13363
13363
13363
13516
13516
13516
13516
13516
13516
13516
13516
13516
13516
13516
13516
13516
13516
13516
13516
13516
13516
13516
13516
13516
13516
13516
13516
13516
13516
13511
13511
13511
13511
13363
13516
13516
13516
13511
13511
13511
10475
10475
10475
10475
10475
10475
10629
10629
10629
10629
10629
10629
10629
10475
10475
10475
10475
10475
10475
10475
10629
10629
10629
10629
10629
10321
10475
10475
10475
10475
10475
10475
10475
10629
10629
10629
10629
10629
10321
10475
10475
10475
10475
10475
10475
10475
10475
10629
10629
10629
10629
10321
10475
10475
10475
10475
10475
10475
10475
10475
10475
10475
10475
10629
10629
10321
10475
10475
10475
10475
10475
10475
10475
10475
10475
10629
10629
10629
10475
10475
10475
10475
10475
10475
10475
10475
10475
10629
10629
10629
10629
10629
10475
10475
10475
10475
10475
10475
10475
10475
10629
10629
10629
10629
10629
10629
10629
10321
10475
10475
10475
10475
10475
10475
10475
10629
10629
10629
10629
10629
10629
10321
10475
10475
10475
10475
10475
10475
10475
10475
10629
10629
10629
10629
10629
10629
10321
10475
10475
10475
10475
10475
10475
10475
10475
10475
10475
10475
10475
10475
10475
10321
10321
10475
10475
10475
10475
10475
10475
10475
10475
10629
10629
10629
10629
10629
10321
10321
10475
10475
10475
10475
10475
10475
10475
10475
10629
10629
10629
10629
10629
10629
10321
10475
10475
10475
10475
10475
10475
10475
10629
10629
10629
10629
10629
10629
10629
10629
10321
10475
10475
10475
10475
10475
10475
10475
10475
10629
10629
10629
10629
10629
10629
10629
10475
10475
10475
10475
10475
10475
10475
10475
10629
10629
10629
10629
10629
10629
10629
10629
10321
10321
10475
10475
10475
10475
10475
10475
10475
10475
10475
10629
10629
10629
10629
10629
10629
10321
10475
10475
10475
10475
10475
10475
10475
10629
10629
10629
10629
10629
10629
10629
10629
10629
10321
10321
10475
10475
10475
10475
10475
10475
10475
10475
10629
10629
10629
10629
10629
10629
10629
10475
10475
10475
10475
10475
10475
10475
10475
10629
10629
10629
10629
10629
10629
10629
10629
10629
12600
12600
12600
12600
12600
12600
12605
12600
12600
12600
12600
12600
12451
12446
12446
12600
12600
12600
12600
12451
12446
12600
12600
12600
12600
12446
12446
12446
12600
12600
12600
12446
12446
12446
12446
12600
12600
12600
12446
12600
12600
12600
12600
12600
12600
12446
12446
12446
12600
12600
12600
12600
12451
12451
12605
12600
12600
12600
12600
12451
12451
12451
12605
12605
12600
12600
12451
12451
12451
12451
12451
12451
12451
12451
11841
11841
11841
11841
11990
11990
11990
11990
11841
11841
11995
11990
12144
12298
12298
12446
11841
11534
11688
11837
11990
12144
12298
12298
12144
12298
12298
12446
12446
12446
12446
12446
12298
12446
12446
12446
12600
12600
12600
12600
12446
12446
12451
12451
12600
12600
12600
12600
12451
12451
12446
12446
12446
12605
12605
12600
12451
12451
12451
12605
12600
12600
12600
12600
12600
12451
12451
12451
12605
12605
12600
12600
12600
