3237
4006
4927
5695
6459
7071
7529
7987
8140
8598
8901
9208
9511
9818
10124
9365
9668
9822
9971
10124
10278
10427
10580
10734
10729
10882
10882
11036
11036
11189
10585
10734
10734
10887
10887
11036
11036
11036
11036
11189
11184
11184
11184
11337
11337
11496
11040
11040
11040
11189
11189
11189
11342
11342
11342
11337
11337
11337
11337
11337
11491
11491
10887
10887
11040
11040
11189
11189
11189
11189
11189
11036
11184
11184
11184
11337
11337
11337
11649
11040
11194
11189
11189
11189
11342
11342
11342
11337
11337
11337
11337
11337
11491
11491
11491
11644
11496
11194
11194
11194
11342
11342
11342
11342
11337
11337
11337
11337
11337
11491
11491
11491
11491
11644
11649
11194
11194
11194
11194
11189
11342
11342
11342
11337
11337
11337
11337
11491
11491
11491
11491
11491
11802
11500
10891
10891
10891
11040
11040
11194
11189
11189
11342
11342
11189
11189
11184
11184
11337
11337
11337
11496
11649
11198
11194
11194
11347
11342
11342
11342
11342
11342
11337
11337
11337
11491
11491
11491
11491
11491
11644
11802
11500
