1704
2478
3712
4791
5868
6637
6943
7712
8479
9092
9547
10008
10466
10769
11077
11380
11688
11837
12144
12298
12446
12600
12600
12754
12907
12907
12907
13061
13061
13209
13209
13209
13209
13363
13363
13363
13363
13363
13363
13363
13516
13516
13363
13516
13516
13516
13516
13516
13363
13516
13516
13516
13516
13516
13516
13516
13516
13516
13516
13516
13516
13516
13516
13516
13516
13516
13516
13511
13511
13511
13511
13516
13516
13516
13511
13511
13511
13511
13511
13511
13511
13511
13511
13511
13516
13516
13511
13511
13511
13511
13511
13511
13511
13511
13511
13511
13511
13516
13516
13516
13511
13516
13516
13516
13516
13516
13516
13516
13516
13516
13516
13516
13516
13516
13516
13516
13516
12600
12605
12605
12600
12600
12600
12605
12605
12600
12600
12600
12600
12451
12451
12605
12605
12600
12600
12600
12446
12446
12446
12446
12600
12600
12446
12446
12600
12600
12600
12600
12600
12446
12446
12446
12600
12600
12600
12451
12600
12600
12600
12600
12600
12600
12451
12451
12451
12605
12600
12600
12600
12446
12446
12446
12446
12600
12600
12600
12451
12446
12446
12446
12600
12600
12600
12446
12446
12446
12446
12600
12600
12600
12451
12451
12446
12446
12446
12446
12600
12605
12451
12451
12451
12605
12605
12600
12600
12451
12451
12451
12451
12605
12605
12605
12600
12451
12451
12605
12605
12600
12600
12605
12605
12451
12451
12605
12605
12605
12600
12600
12600
12451
12451
12451
12605
12605
12605
12605
12600
12451
12451
12451
12451
12605
12605
12605
12605
12451
12451
12605
12600
12600
12600
12600
12600
12451
12451
12451
12600
12600
12600
12600
12600
12600
10475
10475
10475
10629
10629
10629
10629
10629
10629
10629
10629
10629
10629
10475
10475
10475
10475
10475
10629
10629
10629
10629
10629
10629
10629
10475
10475
10475
10475
10475
10475
10629
10629
10629
10629
10629
10629
10629
10475
10475
10475
10475
10475
10475
10475
10629
10629
10629
10629
10629
10629
10475
10475
10475
10475
10475
10475
10475
10475
10629
10629
10629
10629
10629
10629
10475
10475
10475
10475
10475
10475
10475
10629
10629
10629
10629
10629
10629
10321
10321
10475
10475
10475
10475
10475
10475
10629
10629
10629
10629
10629
10629
10475
10475
10475
10475
10475
10475
10475
10475
10629
10629
10629
10629
10629
10629
10475
10475
10475
10475
10475
10475
10475
10475
10629
10629
10629
10629
10629
10629
10629
10475
10475
10475
10475
10475
10475
10475
10629
10629
10629
10629
10629
10629
10629
10629
10475
10475
10475
10475
10475
10475
10629
10629
10629
10629
10629
10629
10629
10629
10629
10475
10475
10475
10475
10475
10475
10475
10475
10475
10475
10629
10629
10629
10629
10629
10321
10475
10475
10475
10475
10475
10475
10475
10629
10629
10629
10629
10629
10629
10629
10475
10475
10475
10475
10475
10475
10475
10475
10629
10629
10629
10629
10629
10629
10629
10629
10475
10475
10475
10475
10475
10475
10475
10475
10629
10629
10629
10629
10629
10629
10629
10629
10475
10321
10475
10475
10475
10475
10475
10475
10475
10629
10629
10629
10629
10629
10629
10629
10629
10475
10475
10475
10475
10475
10475
10475
10475
10629
10629
10629
10629
10629
10629
10629
10629
10475
10475
10475
10475
10475
10475
10475
10475
10629
10629
10629
10629
10629
10629
10629
10629
10629
10321
10475
10475
10475
10475
10475
10475
10475
10475
10629
10629
10629
10629
10629
10629
10629
10629
10475
10321
10475
10475
10475
10475
10475
10475
10629
10629
10629
10629
10629
10629
10629
10629
10629
10629
13209
13209
13209
13209
13363
13209
13209
13209
13209
13209
13209
13209
13209
13209
13209
13209
13209
13209
13209
13363
13209
13209
13209
13209
13209
13363
13209
13209
13209
13363
13363
13209
13209
13209
13209
13209
13209
13209
13209
13209
13209
13209
13209
13209
13209
13209
13209
13209
13209
13209
13209
13209
13209
13056
13056
13056
13056
13056
13209
13209
13209
13209
13209
13209
13209
13209
13209
13209
13209
13209
13209
13209
13209
13209
13209
13363
13363
13363
13209
13209
13209
13209
13363
13363
13209
13209
13209
13209
13209
13209
13209
13209
13209
13209
13363
13363
13363
13209
13209
13209
13209
13209
13209
13363
13209
13209
13209
13363
13363
13363
13363
13209
13209
13209
13209
13363
13363
