2005
2619
3695
4617
5536
6151
6764
7225
7382
7836
8294
8601
9058
9361
9515
9818
9971
10120
10427
10576
10729
10878
11031
11184
11184
11333
11491
11644
11797
11802
11807
11045
11194
11194
11342
11342
11496
11491
11644
11644
11644
11639
11639
11639
11792
11792
11792
11792
11792
11945
12104
12257
12410
11955
11496
11496
11649
11644
11644
11797
11792
11792
11639
11639
11792
11792
11792
11792
11792
11945
11792
11792
11945
12104
12257
12415
12568
11807
11807
11807
11802
11802
11797
11797
11950
11950
11797
11792
11792
11792
11792
11945
11945
11945
11945
11792
12099
12257
12257
12415
12568
12262
11347
11347
11496
11496
11496
11644
11644
11644
11644
11797
11644
11639
11792
11792
11792
11792
11792
11792
11950
10738
10738
10887
11040
11189
11189
11337
11337
11491
11337
11337
11333
11486
11486
11639
11639
11639
11634
11787
11787
11945
12104
12257
12415
12568
12415
11960
11347
11347
11496
11496
11491
11644
11644
11644
11797
11792
11639
11639
11639
11639
11792
11792
11787
11787
11945
11950
10629
10629
10629
10629
10629
10629
10629
10629
10629
10629
10629
10629
10629
10475
10475
10475
10475
10475
10629
10629
10629
10629
10629
10629
10629
10475
10475
10475
10475
10475
10475
10629
10629
10629
10629
10629
10629
10629
10475
10475
10475
10475
10475
10475
10629
10629
10629
10629
10629
10629
10629
10321
10475
10475
10475
10475
10475
10475
10475
10475
10475
10475
10475
10629
10629
10475
10475
10475
10475
10475
10475
10629
10629
10629
10629
10629
10629
10629
10475
10475
10475
10475
10475
10475
10475
10629
10629
10629
10629
10629
10629
10629
10321
10475
10475
10475
10475
10475
10475
10629
10629
10629
10629
10629
10629
10629
10475
10475
10475
10475
10475
10475
10475
10629
10629
10629
10629
10629
10629
10629
10629
10475
10475
10475
10475
10475
10475
10475
10475
10629
10629
10629
10629
10629
10629
10629
10475
10475
10475
10475
10475
10475
10475
10629
10629
10629
10629
10629
10629
10629
10629
10475
10475
10475
10475
10475
10475
10629
10629
10629
10629
10629
10629
10629
10629
10629
10321
10475
10475
10475
10475
10475
10475
10475
10475
10629
10629
10629
10629
10629
10629
10629
10475
10475
10475
10475
10475
10475
10475
10629
10629
10629
10629
10629
10629
10629
10629
10475
10475
10475
10475
10475
10475
10629
10629
10629
10629
10629
10629
10629
10629
10629
10629
10475
10475
10475
10475
10475
10475
10475
10475
10629
10629
10629
10629
10629
10629
10629
10629
10629
10321
10321
10475
10475
10475
10475
10475
10475
10475
10475
10475
10629
10629
10629
10629
10629
10475
10475
10475
10475
10475
10475
10475
10475
10629
10629
10629
10629
10629
10629
10629
10629
10629
10321
10475
10475
10475
10475
10475
10629
10629
10629
10629
10629
10629
10629
10629
10629
10629
10629
10475
10475
10475
10475
10475
10475
10475
10475
10629
10629
10629
10629
10629
10629
10629
10629
10629
10629
11837
11837
11837
11837
11837
11837
11837
11837
11837
11837
11837
11837
11837
11837
11837
11837
11837
11837
11837
11837
11837
11837
11837
11837
11837
11837
11683
11837
11837
11837
11837
11837
11837
11837
11837
11837
11837
11837
11837
11837
11837
11837
11837
11837
11837
11837
11837
11837
11837
11837
11837
11837
11837
11837
11837
11837
11837
11837
11837
11837
11837
11837
11837
11837
11837
11837
11837
11837
11837
11837
11837
11837
11683
11683
11837
11837
11837
11837
11832
11837
11832
11832
11832
11832
11832
11837
11837
11832
11832
11832
11832
11832
11832
11832
11832
11832
11832
11832
11837
11832
11832
11832
11832
11832
11832
11832
11832
11832
11832
11832
11832
11832
11832
11832
11832
11832
11832
11832
11832
13511
13511
13511
13511
13511
13511
13511
13511
13511
13511
13516
13516
13516
13516
13516
13516
13516
13516
13516
13516
13516
13516
13516
13516
13516
13516
13516
13516
13516
13516
13516
13516
13516
13516
13516
13516
13516
13516
13516
13516
13516
13516
13516
13516
13516
13511
13511
13511
13511
13511
13511
13511
13511
13511
13511
13511
13511
13511
13511
13511
13511
13511
13516
13516
13516
13516
13516
13516
13516
13516
13516
13516
13516
13516
13516
13516
13516
13516
13516
13516
13516
13516
13516
13516
13516
13516
13516
13516
13516
13516
13516
13516
13516
13516
13516
13363
13516
13516
13516
13516
13516
13516
13516
13516
13516
13516
13516
13516
13516
13516
13516
13516
13516
13516
13516
