8601
8601
8905
9054
9208
9361
9511
9664
9822
9979
9984
10137
10133
9523
8601
7836
7836
8140
8444
8751
8901
9208
9365
9523
9672
9826
9822
9975
9822
9054
8290
8444
8747
8901
9208
9365
9519
9672
9822
9822
9971
10124
10124
9971
9357
9511
9664
9822
9975
9979
10133
10129
10282
10278
10278
10274
10427
10274
9511
9054
9208
9365
9676
9676
9826
9975
9975
10124
10124
10278
10274
10274
10120
9357
8751
8901
9208
9357
9511
9660
9814
9814
9963
9963
10116
10120
10278
10282
9822
9668
9818
9818
9971
10120
10120
10120
10269
10269
10423
10427
10431
10585
10431
10278
9822
9818
9818
9971
9967
9967
9967
9967
10120
10124
10129
10133
10282
10278
10278
10431
9971
9208
9357
9511
9660
9660
9814
9971
10124
10129
10282
10278
10278
10427
10427
10427
9967
9204
9357
9507
9660
9818
9975
9979
10133
10129
10282
10278
10278
10431
10427
10427
9967
9054
9204
9357
9511
9668
9826
9979
9975
10129
10124
10278
10278
10274
10427
10427
10427
9511
9204
9361
9519
9672
9830
9984
9979
10133
10129
10282
10278
10278
10427
10427
10427
10120
9204
8444
923
1693
2770
3692
4459
5226
5839
6451
6909
7369
7673
8134
8440
8751
8908
9216
8905
8444
7830
7523
7827
8134
8444
8751
9062
9216
9365
9519
9668
9668
9822
9971
9971
10124
10124
9975
9212
9208
9361
9515
9511
9664
9818
9818
9967
10124
10129
10282
10282
10278
10278
10431
10431
9818
9051
9204
9511
9668
9826
9826
9975
9975
10124
10124
10124
10278
10274
10274
10427
10431
10436
9975
9515
9668
9668
9818
9971
9971
10124
10120
10274
10278
10436
10436
10436
10436
10431
10431
10431
9818
9511
9664
9664
9822
9979
10133
10129
10129
10282
10278
10278
10431
10431
10427
10427
10427
10585
10282
9365
9208
9361
9515
9664
9818
9818
9971
10120
10120
10278
10282
10286
10436
10436
10436
10431
10431
9971
9511
9664
9818
9818
9975
10133
10133
10286
10282
10282
10436
10431
10431
10431
10427
10427
10427
10427
9975
12595
12748
12748
12902
12897
12595
12748
12902
12897
12897
12595
12748
12902
13050
13050
12595
12748
12902
12897
13050
12748
12748
12748
12902
13050
13050
12595
12748
12902
12897
12897
12748
12595
12748
12902
13050
13050
12595
12748
12902
12902
13050
13050
12595
12748
12902
12902
13050
13050
12595
12748
12902
12902
13050
12897
12595
12748
12902
12902
13056
13056
12595
12748
12902
12902
13050
13050
12595
12748
12902
12902
13050
13050
12595
12748
12748
12902
12897
13050
13050
12595
12748
12902
12897
13050
13050
12595
12748
12743
12897
13050
13050
13050
12595
12748
12897
12897
13050
13050
12743
12589
12743
12897
12897
13050
13050
12595
12595
12748
12897
12897
13050
13050
12595
12748
12902
12897
13050
13050
13050
