1705
2632
3714
4793
5716
6483
6637
7557
8171
8784
9396
9854
10312
10620
11077
11380
11534
11688
11990
12144
12298
12451
12600
12754
12754
12907
12907
12902
13056
13056
13056
13209
13209
13209
13209
13363
13363
13363
13363
13363
13363
13363
13363
13363
13363
13363
13363
13363
13363
13363
13363
13363
13363
13516
13363
13363
13363
13516
13516
13511
13363
13363
13363
13516
13516
13516
13363
13363
13516
13516
13516
13516
13363
13363
13363
13516
13516
13516
13516
13516
13516
13516
13516
13516
13363
13516
13516
13516
13516
13516
13516
13516
13516
13516
13516
13516
13516
13516
13516
13516
13516
13516
13511
13511
13363
13363
13516
13516
13516
13516
13363
13516
13516
13511
13511
13511
13511
13209
13209
13209
13209
13209
13209
13209
13209
13209
13209
13209
13209
13209
13209
13363
13209
13209
13209
13209
13209
13209
13209
13209
13209
13209
13209
13209
13209
13209
13209
13209
13209
13209
13209
13209
13209
13209
13209
13209
13209
13209
13209
13209
13209
13209
13209
13209
13209
13209
13209
13209
13209
13209
13209
13209
13209
13209
13363
13363
13209
13209
13209
13209
13209
13209
13209
13209
13209
13209
13209
13209
13209
13209
13209
13209
13209
13209
13209
13209
13209
13209
13209
13209
13209
13209
13209
13209
13209
13209
13209
13209
13209
13209
13209
13209
13209
13209
13209
13209
13209
13209
13209
13363
13209
13209
13209
13209
13209
13209
13363
13209
13209
13209
13209
13209
13209
13363
10475
10629
10629
10629
10629
10629
10629
10629
10629
10629
10629
10629
10629
10475
10475
10475
10475
10475
10475
10629
10629
10629
10629
10629
10629
10475
10475
10475
10475
10475
10475
10475
10629
10629
10629
10629
10629
10629
10475
10475
10475
10475
10475
10475
10475
10475
10475
10475
10475
10475
10629
10475
10475
10475
10475
10475
10475
10475
10475
10629
10629
10629
10629
10629
10629
10475
10475
10475
10475
10475
10475
10475
10475
10629
10629
10629
10629
10629
10475
10475
10475
10475
10475
10475
10475
10475
10475
10629
10629
10629
10629
10629
10321
10475
10475
10475
10475
10475
10475
10475
10629
10629
10629
10629
10629
10629
10629
10475
10475
10475
10475
10475
10475
10475
10475
10475
10629
10629
10629
10629
10629
10475
10475
10475
10475
10475
10475
10475
10475
10475
10475
10475
10629
10629
10629
10629
10475
10475
10475
10475
10475
10475
10475
10629
10629
10629
10629
10629
10629
10629
10629
10321
10475
10475
10475
10475
10475
10475
10475
10475
10629
10629
10629
10629
10629
10629
10321
10475
10475
10475
10475
10475
10475
10475
10629
10629
10629
10629
10629
10629
10629
10629
10321
10475
10475
10475
10475
10475
10475
10475
10475
10475
10629
10629
10629
10629
10629
10475
10475
10475
10475
10475
10475
10475
10475
10475
10475
10629
10629
10629
10629
10629
10629
10629
10475
10475
10475
10475
10475
10475
10475
10475
10629
10629
10629
10629
10629
10629
10629
10629
10321
10475
10475
10475
10475
10475
10475
10475
10629
10629
10629
10629
10629
10629
10629
10629
10629
10321
10475
10475
10475
10475
10475
10475
10475
10475
10475
10629
10629
10629
10629
10629
10629
10475
10475
10475
10475
10475
10475
10475
10475
10475
10629
10629
10629
10629
10629
10629
10629
10629
10629
10321
10475
10475
10475
10475
10475
10475
10475
10475
10475
10475
10475
10629
10629
10629
10629
10629
12605
12605
12605
12605
12605
12600
12451
12605
12605
12605
12605
12605
12451
12451
12605
12605
12605
12605
12605
12451
12451
12451
12605
12605
12605
12451
12605
12605
12605
12605
12605
12451
12451
12451
12605
12605
12605
12605
12451
12451
12451
12451
12451
12605
12605
12451
12451
12451
12605
12605
12600
12600
12451
12446
12446
12451
12600
12600
12600
12451
12446
12446
12600
12600
12600
12600
12446
12451
12446
12600
12600
12600
12600
12451
12451
12451
12451
12451
12605
12600
12600
12451
12451
12446
12446
12600
12600
12600
12451
12451
12446
12600
12600
12600
12600
12600
12446
12446
12446
12451
12605
12605
12605
12600
12451
12451
12451
12451
12451
12605
12605
12605
12451
12451
12605
12605
12605
12605
12605
12605
12451
12451
12451
12605
12605
12600
12600
12600
12446
12446
12446
12446
12600
12600
12600
12600
12600
12446
12446
12600
12600
12600
12600
12600
12600
