1853
2777
3854
4929
5848
6613
6917
7683
8294
8751
9208
9668
9971
10274
10580
10882
11036
11184
11337
11491
11644
11797
11945
11945
11945
12104
12257
12410
12568
12114
11960
12109
12109
12262
12257
12257
12257
12257
12257
12257
12405
12405
12252
12099
11950
11950
11797
11797
11644
11491
11491
11337
11337
11337
11337
11337
11337
11337
11184
11184
11184
11184
11184
11184
11184
11189
10576
10882
11189
11347
11654
11807
11659
10896
11049
11198
11347
11500
11649
11802
11802
11950
11950
12104
12099
12099
12252
12252
12252
12252
12405
12405
12400
12400
12400
12400
12400
12400
12553
12553
12553
12553
12553
12553
12553
12553
12553
12553
12553
12553
12553
12553
12553
12711
12711
12563
11807
11802
11955
11955
12104
12257
12257
12257
12257
12257
12252
12405
12405
12405
12405
12405
12405
12405
12405
12558
12558
12553
12553
8938
9550
9854
10158
10462
10611
10760
10453
10602
10752
11054
11208
11356
11356
11352
11505
11654
11654
11807
11807
11654
11807
11955
11955
12109
12109
12262
11955
11955
12109
12109
12109
12262
12257
12109
12109
12257
12257
12257
12257
12257
12104
12257
12257
12415
12420
12420
12119
11203
10901
11049
11198
11352
11505
11654
11807
11807
11960
12109
12109
12262
12262
12262
12109
12262
12262
12415
12410
12410
12563
12410
12563
12563
12563
12563
12563
12563
12410
12410
12410
12410
12410
12563
12563
12563
12257
12257
12410
12410
12415
12568
12574
12426
11663
10747
10747
10896
11045
11198
11505
11654
11807
11198
11198
11347
11500
11649
11802
11802
11955
11955
11955
12109
12104
12257
12257
12410
12410
12257
12410
12410
12410
12410
12563
12563
12563
12563
12410
12410
12410
12410
12410
12563
12563
12563
12563
12568
12574
12727
12732
12732
12727
12727
11965
11049
11049
11352
11505
11654
11807
11960
11955
12109
