2006
3084
4161
4927
5848
6615
7077
6923
7535
8147
8605
9062
9519
9519
9672
9822
9975
10129
10278
10278
10278
10124
10278
10431
10431
10585
10585
10580
10580
10580
10580
10734
10734
10887
11040
10887
11036
11189
11342
11496
11496
11649
11045
11194
11347
11500
11496
11649
11802
11802
11802
11797
11950
11950
11950
11950
11950
11950
12104
12104
12104
12104
12104
12104
12104
12104
12104
12104
12104
12104
12104
12104
12104
12104
12104
11950
12104
12109
12262
12420
12420
12574
11505
10743
10896
11045
11198
11352
11500
11500
11500
11654
11802
11802
11802
11955
11955
11955
11955
11955
11950
11950
12104
12104
12104
12104
12104
12104
12104
12104
12104
12257
12104
12104
12257
12252
12257
12410
12415
12420
11352
11198
11352
11500
11654
11654
11802
11802
11649
11649
11802
11802
11797
11950
11950
11950
11950
12104
12104
12104
12104
12104
12104
12104
