2315
3239
4315
5389
6308
7074
7378
7990
8601
9212
9668
9971
10274
10580
10882
11036
11337
11491
11644
11797
11945
12099
12099
12104
11496
11649
11797
11950
12104
12252
12099
12252
12252
12405
12400
12553
12400
12553
12553
12553
12706
12706
12706
12706
12706
12706
12553
12400
12252
12252
12252
12405
12405
12400
12553
12553
12553
12553
12558
12711
12870
12870
12267
11807
11955
12109
12104
12257
12257
12405
12252
12405
12405
12405
12558
12558
12558
12553
12553
12553
12706
12706
12706
12553
12553
12706
12706
12706
12706
12706
12706
12706
12706
12706
12706
12706
12706
12711
11802
11649
11797
11950
12104
12099
12252
12252
12099
12099
12252
12252
12400
12400
12553
12400
12553
12553
12553
12553
12553
12553
12706
12553
12553
12706
12706
12706
12706
12706
12553
12706
12706
12706
12706
12706
12864
12864
13204
13204
13357
13357
13357
13357
13357
13357
13357
13357
13357
13357
13198
13045
13039
12732
12732
12727
12727
12568
12568
12415
12415
12415
12415
12415
12410
12257
12257
12257
12257
12257
12257
12257
12104
12104
12257
12257
12257
12257
12104
12104
12257
12257
12257
12257
12257
12104
12262
12262
12420
12574
12574
11659
10747
10896
11045
11198
11352
11500
11654
11500
11654
11802
11802
11802
11955
11955
11955
11955
11955
12109
12104
12104
12104
12104
12104
12104
12104
12104
12104
12257
12104
12257
12257
12257
12257
12257
12257
11352
11347
11500
11654
11649
11802
11802
11802
11496
11649
11649
11797
11797
11950
11950
11797
11950
11950
11950
12104
12104
12104
12104
11950
11950
12104
12104
12104
12104
12104
12257
12104
12104
12104
12104
12104
12104
12257
12109
11654
11807
11802
11955
11955
11955
11950
12104
10154
10308
10462
10457
10457
10611
10611
10611
10611
10611
10765
10765
10765
10765
10765
10765
10765
10765
10765
10760
10607
10602
10598
10598
10593
10593
10593
10589
10436
10436
10436
10431
10431
10431
10585
10585
10278
10431
10431
10431
10431
10427
10427
10427
10278
10431
10427
10427
10427
10580
10580
10427
10431
10427
10427
10427
10427
10431
10585
10589
9676
9826
9979
9979
10129
10129
10129
10282
10282
10129
10129
10278
10278
10278
10431
10431
10431
10124
10278
10278
10278
10431
10431
10431
10431
10585
10278
10278
10278
10431
10431
10431
10431
10585
10580
10431
10431
10431
10427
10431
10585
10589
10589
10440
9527
9066
9369
9523
9672
9826
9826
9975
9975
10129
9975
9975
10129
10129
10278
10278
10278
10431
10431
10124
10278
10278
10278
10431
10431
10431
10427
10427
10427
10427
10427
10427
10427
10427
10580
10580
10580
10580
10427
10427
10585
10585
10589
10589
10593
10589
10743
10436
9523
8908
9216
9365
9519
9668
9822
9822
9975
10124
10124
10124
10124
10278
10278
10278
10431
10431
10431
10431
10431
