2161
3239
4315
5389
6308
6920
7378
7990
8598
9054
9515
9818
10120
10427
10729
10882
11184
11337
11491
11639
11792
11792
11945
11945
12099
12099
12252
12247
12247
12247
12400
12400
12400
12558
12716
12109
12109
12257
12257
12257
12405
12252
12405
12405
12405
12405
12553
12553
12553
12553
12553
12553
12553
12553
12553
12553
12553
12553
12553
12553
12553
12553
12553
12553
12553
12553
12553
12553
12553
12553
12711
12864
12870
12875
12109
12109
12262
12257
12257
12410
12410
12410
12405
12405
12558
12558
12558
12558
12558
12405
12405
12405
12405
12405
12252
12252
12252
12252
12252
12405
12405
12252
12099
12099
11945
11950
11950
11797
11797
11797
11649
11654
11505
10896
11045
11198
11500
11649
11649
11802
11950
11950
12104
12099
12099
12252
12252
12252
12252
12252
12252
12400
12400
12400
12400
12553
12139
12293
12441
12441
12595
12595
12748
12748
12902
12902
12902
12902
13050
13050
13050
13050
13050
13050
13050
13050
13056
13050
13204
13050
12891
12891
12732
12579
12574
12574
12574
12415
12415
12415
12415
12262
12257
12257
12257
12257
12257
12257
12257
12257
12257
12104
12257
12257
12257
12257
12104
12104
12104
12104
12104
12104
12257
12257
12104
12104
12257
12262
12415
12415
12262
11347
11500
11654
11649
11649
11802
11802
11802
11802
11802
11955
11955
11950
11950
11950
11950
11950
12104
12104
12104
12104
12104
11950
12104
12104
12104
12104
12104
12104
12104
12104
12104
12104
12104
12104
12262
12109
11654
11807
11807
11802
11955
11955
11955
11950
11950
11950
12104
12104
12104
12104
12104
12104
12104
12104
12104
12104
12104
12104
12104
12104
12104
12104
12104
12104
12104
12104
12104
13050
13050
13050
13050
13050
12891
12891
12732
12579
12574
12574
12420
12420
12415
12262
12262
12262
12262
12257
12104
12104
12104
12104
12104
12104
12104
12104
12104
11950
11950
11950
11950
12104
12104
11950
11950
12104
12104
12104
12104
11950
11950
11950
12109
12262
12267
12119
11659
11659
11807
11807
11807
11802
11802
11955
11955
11955
11955
11955
11955
11955
11950
11950
11950
11950
11950
12104
11950
12104
12104
12104
12104
12104
12104
11950
11950
11950
11950
12104
12104
12104
11950
11950
12104
12104
12104
12104
12262
11654
11654
11654
11807
11802
11802
11955
11955
11802
11950
11950
11950
11950
11950
11950
11950
11950
11950
11950
12104
12104
12104
11950
11950
11950
11950
12104
12104
12104
12104
11950
11950
12104
12104
11950
12104
12104
12104
11950
11950
11950
12109
12262
12267
12420
11965
