1852
2468
3546
4621
5543
6308
7074
7225
7686
8297
8755
9212
9672
9975
10129
10278
10585
10734
10887
11194
11352
10589
10896
11045
11198
11347
11500
11500
11500
11654
11649
11802
11955
11955
11955
11955
11955
12109
12109
12109
12104
12104
12109
12109
12109
12109
12109
12104
12104
11955
11955
11950
11950
12104
12104
12104
12104
11950
11950
12109
12267
12267
12267
12272
11515
10444
9531
9069
9373
9676
9979
10286
10589
10743
10891
10891
11198
11198
11347
11500
11654
11654
11802
11649
11802
11802
11955
11955
11955
12109
11955
12109
12109
12109
12109
12104
12104
12104
12104
11955
12104
12104
12109
12262
12267
12267
12119
11054
10137
9680
9676
9979
10286
10589
10743
11045
11198
10738
10585
10891
11045
11194
11347
11500
11649
11802
11649
11802
11955
11955
11955
12109
12109
12262
12109
12109
12109
12104
12257
12257
12257
12257
12257
12109
12109
12257
12262
12267
12420
12426
12426
12124
11054
10141
9223
9527
9830
10133
10440
10743
10891
11198
11352
10589
