2005
2466
3235
4003
4617
5384
5844
6302
6764
6917
7375
7683
7987
8137
8444
8594
8747
8901
9051
9051
9204
9357
9357
9507
9507
9507
9660
9660
9814
9971
10278
9672
9515
9668
9668
9668
9818
9818
9818
9818
9818
9814
9814
9967
9967
9967
9967
9967
9967
9967
9967
10120
10278
10585
10436
9519
9519
9519
9668
9668
9668
9818
9818
9818
9664
9818
9818
9818
9814
9814
9967
9967
9967
9967
9967
10278
10431
10589
10743
10137
1077
1846
2768
3537
4150
4763
5224
5685
6144
6451
6758
7062
7216
7369
7983
8444
8751
9062
9216
9216
9062
8448
7680
7830
7983
8137
8287
8440
8594
8747
9054
9361
9062
8448
8444
8598
8751
8751
8747
8901
8901
9054
9054
9051
9051
8905
8905
8905
8905
9054
9054
9054
9054
9051
9204
9204
9204
9204
9051
9357
9668
9975
10129
10440
10440
9523
8755
7987
7680
7833
7983
8137
8290
8440
8594
8905
9365
9519
9062
8755
8905
8905
8905
9054
9054
9054
9054
9054
9208
9204
9204
8755
8751
8905
8905
9054
9054
9054
9054
9051
9204
9204
9204
9204
9051
9511
9668
9975
10133
10133
9979
9979
9826
9515
9208
8747
