2932
3701
4623
5543
6310
6920
6920
7378
7836
8448
8908
9212
9515
9822
10124
10278
10580
10734
10887
11036
11189
11189
11342
11496
11342
11496
11649
11649
11644
11802
11045
11045
11045
11194
11194
11347
11496
11347
11342
11496
11496
11649
11644
11644
11649
11797
11797
11797
11950
11950
11797
11950
11950
11950
11950
11950
11950
11950
11950
11950
12104
12104
12104
11950
11950
12109
12267
12267
12426
12579
11663
11505
11659
11659
11807
11807
11807
11802
11802
11802
11955
11955
11955
11950
11950
11950
11950
11950
11950
12104
12104
12104
12104
12104
12104
12104
12104
12104
12104
11950
12104
12104
12104
12104
12257
12262
12267
11352
11505
11500
11654
11654
11807
11802
11955
11802
11802
11955
11955
11955
11950
11950
11950
11950
11950
12104
12104
12104
12104
12104
12104
12104
12104
12104
12104
12104
12104
12104
12897
12897
12897
12897
13050
12897
13050
13050
13050
13050
13050
13050
13050
12897
12891
12738
12732
12579
12574
12420
12420
12267
12262
12262
12262
12262
12262
12109
12104
12104
12104
12104
12104
12104
12104
12104
12104
12104
12104
12104
12104
12104
12104
12104
12104
12104
12104
12104
12104
12104
12262
12267
11659
11654
11654
11807
11807
11802
11802
11649
11649
11802
11802
11802
11955
11955
11802
11802
11797
11950
11950
11950
11950
11950
11950
11950
11950
11950
11950
11950
11950
11950
11950
11950
12104
12104
12104
11950
11950
12109
12262
12267
12267
12114
11198
11198
11347
11500
11500
11500
11649
11496
11496
11649
11649
11802
11802
11802
11802
11797
11950
11950
11950
11950
11950
11950
11950
11950
11950
11950
11950
11950
11950
11950
11950
11950
11950
11950
11950
12104
12262
12262
