3086
3393
4315
5391
6156
6923
7535
7840
8297
8755
9212
9519
9822
10129
10278
10585
10738
11040
11194
11347
11496
11342
11496
11649
11649
11802
11955
11802
11955
11955
12109
12104
12104
12257
11500
11654
11654
11807
11807
11802
11955
11802
11802
11955
11955
11955
11955
11955
12109
11955
11955
11950
12104
12104
12104
12104
11950
11950
11950
11950
12104
12104
12104
12104
11950
11950
11950
12104
12104
12104
12104
12104
12109
12104
12104
12104
12262
12262
12267
11812
10747
10137
10440
10589
10896
11045
11198
11347
11500
11194
11347
11500
11654
11649
11802
11802
11955
11802
11955
11955
12109
12109
12109
12257
12257
12257
12257
12257
12257
12257
12410
12410
12410
12257
12257
12257
12257
12410
12410
12410
12410
12257
12262
12262
12420
12426
12426
12426
12426
12272
11203
10286
10593
10743
10896
11045
11198
11352
11500
11654
11500
11654
11807
11802
11955
11955
12109
12109
12262
12109
12109
12262
12257
12257
12257
12257
12257
12257
8630
8934
9242
9393
9547
9547
8780
8322
8780
9088
9393
9393
9547
8780
8171
8630
8934
9242
9393
9547
9088
8322
8476
8780
9242
9547
9547
9242
8476
8476
8780
9242
9547
9854
9547
8630
8784
9088
9393
9700
9850
9700
8784
8476
8934
9242
9547
9547
9700
9242
8476
8322
8780
9088
9393
9547
9547
9242
8476
8167
8626
9088
9393
9700
9696
9239
8476
8322
8780
9239
9547
9547
9696
9393
8476
8322
8780
9088
9393
9700
9850
9393
8630
8476
8934
9242
9393
9547
9547
9700
8934
8171
8167
8630
9088
9242
9393
9547
9700
8780
8017
8322
8780
9088
9393
9547
9700
9547
8630
8017
8476
8934
9242
9393
9547
9547
9547
8630
8017
8476
8780
9242
9547
9700
9700
9700
8780
8017
8476
8780
9242
9393
9547
9547
9700
9088
8322
8171
8630
9088
9396
9393
9547
9700
9547
8630
8017
8322
8780
9088
9239
9393
9547
9700
9242
8322
8167
8630
9088
9242
9393
9547
9700
9700
8934
8171
