9100
9250
9404
9558
9558
9713
9709
9863
9863
9863
10017
10017
10017
9863
9404
8637
8023
8178
8332
8637
8791
8945
9254
9250
9404
9558
9713
9713
9863
9713
9100
8637
8178
7564
7258
7564
7869
8178
8486
8637
8945
9100
9250
9404
9404
9558
9713
9713
9558
9100
8332
8178
8486
8637
8791
9100
9254
9404
9558
9558
9713
9867
9863
9863
9863
9404
8791
8023
7409
7258
7718
8023
8178
8486
8791
8945
9100
9250
9404
9558
9558
9713
9713
9558
9250
8637
8023
8178
8486
8637
8945
9100
9254
9404
9558
9558
9713
9713
9867
9863
9863
9713
9100
8486
7872
8027
8178
8486
8637
8945
9100
9250
9404
9558
9558
9709
9863
9863
9863
9709
9250
8637
8178
8023
8178
8483
8791
8945
9096
9250
9404
9558
9558
9709
9709
9863
9863
9863
9558
8945
8486
7872
7718
8023
8178
8486
8791
8945
9100
9250
9404
9558
9558
9713
9713
9867
9863
9554
9092
8476
7705
7856
8161
8462
8766
8923
9231
9385
9535
9684
9834
9830
9979
9979
10129
9975
9523
9066
9216
9365
9519
9668
9822
9818
9971
9971
10124
10282
10286
10282
10436
10436
10124
9208
9054
9204
9361
9519
9672
9830
9834
9984
9984
10133
10133
10282
10282
10278
10278
9975
9365
8444
7833
7983
8290
8594
8901
9054
9208
9365
9523
9676
9834
9984
9979
10133
10129
10129
9822
8901
8137
7833
8137
8444
8747
8901
9204
9357
9511
9664
9660
9818
9975
10133
10129
10129
10282
9971
9511
9664
9818
9818
9967
10124
10129
10286
10286
10282
10282
10436
10431
10431
10431
10431
10124
9361
9058
9361
9515
9664
9664
9818
9971
9967
10120
10120
10274
10278
10282
10436
10436
10431
10431
9511
9357
9511
9664
9660
9818
9975
10133
10133
10133
10282
10282
10278
10278
10431
10431
10431
10274
9511
9058
9208
9361
9515
9664
9664
9818
9967
9967
9967
10120
10278
10282
10436
10436
10431
10431
10278
9357
9051
9204
9357
9511
9664
9822
9979
9979
10129
10129
10129
10278
10278
10278
10278
10427
10427
10120
9515
9361
9515
9515
9664
9818
9818
9967
10120
10120
10120
10274
10274
10431
10436
10436
10436
10436
10278
9361
9092
9550
10008
10316
10620
10928
10316
9396
9092
9396
9854
10316
10620
10928
10008
9092
8938
9396
9859
10162
10620
10928
10162
9242
9092
9550
9854
10312
10620
10923
10316
9396
8938
9396
9854
10158
10466
10769
10620
9700
8784
9242
9700
10008
10312
10620
10923
10162
9242
8784
9242
9705
10008
10312
10620
10928
10162
9246
9092
9550
9854
10162
10466
10774
11077
10008
9092
9092
9550
9854
10162
10466
10774
11077
10008
9246
9092
9550
9854
10162
10466
10774
11077
10162
9242
8784
9242
9705
10162
10466
10620
10923
10620
9705
8784
9092
9550
10008
10316
10620
10928
11077
10162
9242
8784
9242
9705
10008
10316
10620
10928
11077
10008
9092
8938
9396
9854
10162
10466
10774
11077
10774
9854
8938
8784
9242
9547
10008
10312
10620
10923
10774
9854
9092
9242
9700
10162
10466
10769
10923
11231
10769
9854
8938
8630
8784
9088
9547
10008
10312
10620
10616
10008
9242
8476
8938
9396
9854
10158
10620
10923
11077
10620
9705
8784
9092
9550
10008
10312
10620
10923
11231
11077
10008
9092
8633
9092
9550
10008
10312
10620
10923
11231
10774
9854
8938
8472
8780
9085
9393
9543
9547
8780
8472
8780
9085
9393
9543
9543
8780
8472
8780
9085
9393
9543
9696
8780
8626
8934
9239
9547
9696
9850
8934
8476
8780
9239
9393
9696
9850
9085
8476
8780
9088
9393
9700
9850
9393
8630
8630
8934
9239
9547
9696
9850
9088
8322
8780
9088
9393
9696
10004
9547
8626
8626
8934
9239
9700
9850
10004
9239
8476
8780
9085
9547
9696
10004
9850
8934
8472
8934
9239
9547
9850
9850
9696
8934
8322
8780
9088
9393
9700
10004
9854
8934
8476
8934
9242
9547
9850
10004
9850
9088
8476
8780
9242
9547
9854
10004
10158
9242
8476
8780
9242
9547
9700
9854
9850
9700
8780
8167
8630
8934
9393
9700
9850
10158
9393
8630
8630
8934
9239
9547
9696
9850
9850
9239
8476
8167
8626
9088
9393
9700
9696
9850
9547
8630
8171
8630
8934
9393
9700
9850
10158
9700
8780
8476
8934
9393
9700
9850
10158
10308
9700
8780
