7872
8178
8486
8637
8945
9100
9250
9250
9404
9558
9713
9709
9863
9713
9404
8791
8178
8023
8178
8486
8791
8945
9100
9250
9404
9558
9558
9713
9713
9867
9558
9100
8486
8027
7409
7409
7718
8023
8332
8637
8791
8945
9100
9250
9404
9558
9713
9713
9404
8791
8332
7872
7412
7103
7409
7718
8023
8332
8637
8791
8945
9096
9250
9404
9558
9558
9713
9404
8945
8483
7869
8023
8332
8637
8791
8942
9096
9250
9404
9554
9709
9863
9863
10017
9709
9404
8637
8637
8945
9096
9250
9404
9404
9558
9709
9709
9863
9863
9863
10017
9863
9558
8942
8637
8023
7409
7103
7255
7564
7869
8178
8483
8637
8945
9100
9250
9404
9404
9558
9713
9713
9404
9250
8637
7869
8178
8332
8637
8791
8945
9100
9250
9404
9558
9558
9713
9867
9867
9863
9558
9100
8637
8178
7564
7103
6643
7103
7409
7718
8023
8328
8630
8780
9081
9231
9381
9531
9680
9834
9834
9684
8916
8147
7529
7683
8140
8444
8755
8908
9219
9369
9519
9672
9668
9822
9822
9971
9971
9822
9365
9212
9361
9515
9668
9818
9818
9971
9967
10124
10129
10286
10282
10436
10436
10431
9818
9204
9204
9357
9511
9668
9826
9979
9975
10129
10124
10278
10278
10274
10274
10274
10427
10129
9515
9511
9511
9664
9660
9660
9660
9814
9818
9975
9979
9975
10129
10124
10124
10120
10274
10274
9967
9357
9054
9361
9511
9664
9664
9814
9967
9967
10120
10120
10120
10278
10282
10286
10444
10444
9830
8908
8140
7526
7830
8137
8444
8755
9062
9216
9369
9519
9672
9668
9822
9971
9971
9971
10124
10124
9672
9058
9208
9361
9511
9664
9664
9818
9967
9967
10120
10124
10282
10286
10436
10436
10436
10431
9818
9204
9357
9511
9664
9818
9975
10133
10133
10129
10282
10282
10278
10278
10431
10431
10427
10427
9818
9208
9361
9511
9664
9664
9814
9967
9967
10120
10120
10269
10274
10431
10436
10436
10431
10431
9971
9357
9511
9660
9660
9814
9967
9971
10129
10282
10282
10282
10278
10431
10431
10427
10427
10427
10427
9507
8747
8901
9208
9357
9511
9664
9660
9814
9967
9967
10120
10116
10120
10278
10436
10436
10436
10431
9818
