2156
2925
3848
4769
5844
6766
7378
7382
7532
7836
8294
8598
8751
9054
9208
9511
9511
9511
9971
10431
10738
11045
11049
10436
10436
10431
10585
10585
10580
10580
10734
10734
10729
9822
9822
9975
10124
10124
10274
10274
10427
10423
10423
10269
10269
10734
11040
11194
11505
11352
10589
10743
10738
10738
10734
10734
10734
10729
10729
10729
10882
10278
10278
10274
10427
10427
10423
10576
10576
10576
10729
10729
10576
10882
11189
11500
11654
11812
11198
10436
10589
10585
10585
10580
10734
10734
10729
10729
10729
10729
10124
10278
10274
10427
10427
10423
10576
10576
10576
10576
10729
10725
10882
11189
11500
11654
11807
11654
11194
10585
10734
10734
10734
10734
10729
10729
10729
10729
10882
11036
1691
3074
3995
4761
5836
6758
7526
8140
7987
7680
7983
8290
8594
8901
9051
9357
9511
9818
10278
10282
10129
10278
10278
10431
10427
10427
10580
10580
10580
10576
10887
10431
10431
10431
10427
10580
10580
10580
10580
10729
10729
10729
11040
10431
10431
10580
10580
10580
10580
10580
10729
10729
10729
10729
11040
10129
10278
10278
10431
10427
10427
10580
10580
10576
10576
10576
10887
9979
9975
10129
10129
10278
10278
10427
10427
10427
10580
10580
10734
10734
