9239
9085
9242
9396
9550
9705
9705
9859
9859
10013
10013
10013
10167
9859
9246
8633
8023
7406
7560
7869
8174
8483
8637
8945
9096
9250
9404
9558
9558
9713
9713
9558
9100
8486
8332
8483
8791
8945
9100
9250
9404
9558
9558
9713
9713
9863
9863
9558
9250
8791
8178
7564
7258
7564
7872
8178
8486
8637
8945
9100
9250
9404
9558
9558
9713
9713
9250
8945
8332
8178
8332
8637
8791
8945
9096
9250
9404
9558
9713
9713
9863
9863
9867
9404
8945
8332
7718
7103
6949
7409
7718
8023
8332
8486
8791
8945
9100
9250
9404
9558
9558
9713
9713
9254
8637
8023
7409
7409
7718
8023
8332
8486
8791
8945
9096
9250
9404
9558
9558
9709
9709
9404
9096
8637
8332
7715
7715
8023
8328
8637
8791
8945
9096
9250
9404
9558
9713
9709
9863
9863
9713
9250
8637
8178
7564
6949
6640
6949
7409
7718
8023
8332
8483
8791
8945
9100
9250
9404
9558
9558
9713
9713
9250
8945
8486
8332
8483
8791
8945
9096
9250
9404
9558
9558
9709
9709
9863
9863
9863
9863
9863
9863
9558
9100
8637
8023
7409
7255
7564
7869
8178
8483
8637
8945
9096
9250
9404
9404
9558
9709
9709
9863
9709
9404
8945
8483
8023
7718
8023
8332
8637
8791
8945
9100
9250
9404
9558
9558
9713
9867
9863
9863
9863
9863
9404
8637
8023
7409
6949
7255
7564
7869
8178
8483
8637
8945
9096
9250
9404
9558
9558
9709
9709
9863
9863
9554
9096
8637
7869
7869
8174
8476
8780
8931
9081
9385
9535
9531
9680
9834
9984
9984
10133
10133
10137
9373
9527
9523
9676
9826
9979
9979
10129
10129
10282
10282
10278
10278
10431
10431
10436
10440
9676
9216
9369
9523
9672
9826
9826
9975
9975
10129
10129
10282
10278
10278
10431
10436
10440
10291
9527
9369
9523
9676
9672
9826
9979
9975
10129
10129
10282
10282
10278
10278
10436
10440
10593
10291
9527
9676
9676
9826
9979
9979
10129
10129
10282
10282
10282
10436
10431
10431
10436
10589
10593
10286
9373
9523
9676
9826
9826
9979
9975
10129
10129
10282
10278
10278
10431
10431
10431
10436
10593
10593
9676
9369
9523
9672
9672
9826
9975
9975
10129
10129
10282
10278
10278
10278
10431
10436
10440
10440
10291
9527
8322
8784
9088
9393
9700
9547
8784
8476
8780
9242
9547
9854
9393
8630
8476
8934
9242
9393
9547
9393
8630
8476
8934
9239
9393
9547
9696
8780
8167
8626
9088
9239
9547
9696
9085
8322
8626
8934
9239
9547
9700
9547
8780
8322
8780
9088
9239
9547
9696
9239
8476
8476
8934
9088
9393
9547
9850
9088
8322
8476
8934
9242
9393
9547
9850
9088
8322
8630
8934
9239
9547
9700
9850
9088
8322
8476
8934
9242
9393
9700
9850
9242
8476
8476
8934
9242
9547
9700
9700
9547
8630
8017
8476
8934
9242
9393
9547
9700
9242
8476
8171
8630
9088
9393
9547
9700
9700
9088
8322
8167
8630
8934
9239
9393
9547
9850
9088
8322
8322
8784
9088
9393
9700
9850
9850
8934
8167
8476
8780
9085
9547
9700
9850
9850
9088
8322
8167
8476
8780
9085
9393
9696
9547
8934
8322
8626
8934
9239
9393
9547
9543
9696
9547
8626
8017
8167
8626
9085
9393
9547
9543
9850
9239
8476
12441
12595
12595
12748
12748
12441
12441
12595
12748
12748
12595
12595
12595
12748
12902
12748
12441
12595
12748
12902
12902
12441
12595
12748
12748
12902
12595
12441
12595
12748
12902
12902
12441
12595
12748
12748
12902
12902
12441
12595
12748
12748
12902
12595
12441
12595
12748
12897
12897
12441
12441
12595
12748
12743
12897
12441
12441
12595
12748
12743
12743
12595
12441
12595
12748
12748
12902
12902
12441
12595
12748
12748
12902
12897
12441
12595
12748
12748
12902
12902
12595
12441
12595
12748
12748
12902
12902
12441
12595
12748
12902
12902
12897
12748
12441
12595
12748
12902
12748
12595
12441
11985
12293
12441
12441
12595
12595
12441
12293
12441
12595
12748
12748
12748
12595
12288
12441
12595
12748
12743
12595
12595
