2015
2787
4023
5100
6177
6637
7097
7866
8633
9242
9700
10162
10466
10923
11231
11534
11688
11990
12144
12298
12446
12446
12600
12754
12907
12907
12907
13061
13056
13209
13209
13209
13209
13209
13209
13363
13363
13363
13363
13363
13363
13363
13363
13363
13363
13363
13516
13516
13363
13516
13516
13511
13511
13511
13511
13511
13511
13516
13516
13516
13516
13516
13516
13516
13516
13363
13516
13516
13516
13516
13516
13516
13516
13516
13516
13516
13516
13516
13516
13516
13516
13516
13516
13516
13516
13516
13516
13516
13516
13516
13516
13516
13516
13516
13516
13516
13516
13516
13516
13516
13516
13516
13516
13516
13516
13516
13516
13511
13511
13511
13511
13511
13511
13511
13511
13511
13511
10629
10629
10629
10629
10629
10629
10629
10629
10629
10629
10629
10629
10475
10475
10475
10475
10475
10475
10475
10475
10629
10629
10629
10629
10629
10475
10475
10475
10475
10475
10475
10475
10475
10629
10629
10629
10629
10629
10321
10475
10475
10475
10475
10475
10475
10475
10475
10475
10629
10629
10629
10321
10321
10321
10475
10475
10475
10475
10475
10475
10475
10629
10629
10629
10475
10475
10475
10475
10475
10475
10475
10475
10475
10629
10629
10629
10629
10629
10475
10475
10475
10475
10475
10475
10475
10475
10629
10629
10629
10629
10629
10629
10321
10475
10475
10475
10475
10475
10475
10475
10629
10629
10629
10629
10629
10629
10321
10475
10475
10475
10475
10475
10475
10629
10629
10629
10629
10629
10629
10629
10629
10321
10475
10475
10475
10475
10475
10475
10475
10475
10475
10475
10475
10629
10629
10629
10475
10475
10475
10475
10475
10475
10475
10629
10629
10629
10629
10629
10629
10629
10629
10475
10475
10475
10475
10475
10475
10475
10629
10629
10629
10629
10629
10629
10629
10629
10475
10475
10475
10475
10475
10475
10475
10629
10629
10629
10629
10629
10629
10629
10629
10475
10475
10475
10475
10475
10475
10475
10475
10629
10629
10629
10629
10629
10629
10629
10629
10475
10475
10475
10475
10475
10475
10475
10629
10629
10629
10629
10629
10475
10475
10475
10475
10475
10171
10171
10171
10171
10171
10167
10167
10167
10167
10167
10321
10321
10321
10321
10475
10475
10475
10475
9863
9554
9709
9863
10017
10013
10167
10167
10167
10321
10321
10321
10321
10475
10475
10475
10475
10475
10475
10475
10475
10475
10475
10475
10475
10629
10629
10629
10629
10629
10629
10629
10629
10629
10475
10475
10629
10629
10629
10629
10629
10629
10629
10629
10629
10629
10629
10629
10629
10629
10629
10475
10629
10629
10629
10629
10629
10629
10629
10629
10629
10629
10629
10629
10629
10629
10629
10629
10321
10919
10919
10919
10919
10919
10919
10765
10919
10919
10919
10919
10919
10765
10919
10919
10919
10919
10919
10765
10765
10919
10919
10919
10919
10765
10765
10919
10919
10919
10919
10765
10765
10765
10765
10919
10919
10765
10765
10765
10765
10765
10919
10919
10765
10765
10919
10919
10919
10919
10765
10765
10765
10919
10919
10919
10919
10765
10765
10919
10919
10919
10919
10765
10765
10765
10919
10919
10919
10919
10765
10765
10765
10765
10919
10919
10919
10765
10765
10919
10919
10919
10919
10919
10919
10765
10765
10919
10919
10919
10919
10919
10765
10765
10919
10919
10919
10919
10919
10765
10765
10765
10919
10919
10919
10919
10919
10765
10765
10765
10919
10919
10919
10919
10765
10765
10765
10919
10919
10919
10919
10919
10765
10765
10765
10765
10765
10765
10919
10919
10765
10765
10765
10765
10919
10919
10919
10919
