2005
2619
3697
4617
5384
6149
6761
7222
7372
7830
8598
9058
9519
9826
9523
9672
9975
10129
10278
10431
10580
10580
10580
10734
10887
10882
11036
11036
11189
11189
11189
11189
11342
11496
11807
11807
11505
11500
11500
11500
11500
11496
11496
11496
11496
11496
11496
11496
11491
11491
11491
11491
11491
11491
11491
11649
11802
11960
12114
11352
11352
11347
11347
11500
11500
11496
11496
11496
11342
11342
11496
11496
11496
11491
11491
11491
11491
11491
11491
11649
11807
11960
12114
11812
11049
10896
10896
10891
11045
11040
11040
11040
11040
11189
10734
10882
10882
11036
11036
11036
11184
11184
11184
11337
11496
11802
11807
11812
11812
11663
11208
1850
2620
3544
4465
5233
5844
6456
7068
7529
7833
8444
8905
617
1852
3083
4315
5235
6154
6920
7532
7683
8294
8755
9212
9672
10133
10440
10440
10286
10593
10743
10891
11198
11347
11500
11347
11500
11654
11649
11802
11955
11955
11950
11950
12104
12104
12104
12257
12257
12257
12257
