2615
3075
3843
4458
5070
5529
5990
6451
6755
6909
1385
2307
3075
3843
4458
5070
5529
5990
6451
6607
6912
7219
7526
7676
7830
7983
8134
8287
8440
8440
8440
8901
9208
9365
9519
9519
8751
8444
8598
8598
8747
8747
8901
8901
8901
9054
9208
8905
8905
8905
9054
9054
9054
9054
9208
9204
9204
9204
9204
9204
9511
9822
9975
10286
9979
9212
8751
8751
8905
8905
8901
9054
9054
9054
9054
9361
8150
8301
8455
8451
8605
8755
8755
8905
8905
8905
9054
8747
8901
9208
9519
9826
10133
10137
9219
8451
7836
7990
8140
8294
8294
8444
8598
8598
8751
9058
9062
8601
8601
8755
8751
8905
8905
8905
9054
9054
9054
9054
9054
9054
9208
9515
9826
9979
9826
9826
9672
9519
8751
8290
8444
8598
8594
8747
8747
8901
9054
9361
9519
9369
8908
8908
8905
9058
9058
9058
9054
9054
9208
9208
9208
9208
9208
9515
9668
9979
10133
10137
9984
9830
9672
9062
8448
8444
8444
8598
8751
8747
8901
8901
9054
9361
9519
9216
465
1240
2323
3404
4329
5098
5868
6483
6635
6940
7400
8013
8476
8780
9239
9547
9543
9850
10154
10308
10462
10616
10765
10629
10629
10629
10629
10629
10629
10629
10629
10629
10629
10629
10629
10475
10475
10475
10475
10475
10475
10475
10475
10629
10629
10629
10629
10629
10475
10475
10475
10475
10475
10475
10475
10629
10629
10629
10629
10629
10629
10475
10475
10475
10475
10475
10475
10475
10475
10629
10629
10629
10629
10629
10475
10475
10475
10475
10475
10475
10475
10629
10629
10629
10629
10629
10629
10475
10475
10475
10475
10475
10475
10475
10475
10629
10629
10629
10629
10629
10629
10475
10475
10475
10475
10475
10475
10475
10475
10475
10475
10475
10475
10629
10629
10321
10321
10321
10321
10475
10475
10475
10475
10475
10475
10475
10475
10629
10629
10321
10475
10475
10475
10475
10475
10475
10475
10629
10629
10629
10629
10629
10629
10629
10321
10321
10475
10475
10475
10475
10475
10475
10475
10629
10629
10629
10629
10629
10629
10475
10475
10475
10475
10475
10475
10475
10475
10629
10629
10629
10629
10629
10629
10629
10475
10475
10475
10475
10475
10475
10475
10629
10629
10629
10629
10629
10629
10629
10629
10321
10475
10475
10475
10475
10475
10475
10475
10475
10475
10475
10475
10629
10629
10629
10475
10321
10475
10475
10475
10475
10475
10475
10475
10629
10629
10629
10629
10629
10629
10629
10475
10475
10475
10475
10475
10475
10475
10629
10629
10629
10629
10629
10629
10629
10629
10629
10321
10475
10475
10475
10475
10475
10475
10475
10475
10629
10629
10629
10629
10629
10629
10629
10629
10321
10475
10475
10475
10475
10475
10475
10629
10629
10629
10629
10629
10629
10629
10629
10629
10321
10475
10475
10475
10475
10475
10475
10475
10475
10629
10629
10629
10629
10629
10629
10629
10629
10321
10321
10321
10321
10475
10475
10475
10475
10475
10475
10475
10629
10629
10629
10629
10629
10629
10475
10475
10475
10475
10475
10475
10475
10475
10475
10629
10629
10629
10629
10629
10629
10629
10629
10629
