2161
3084
4161
5083
6002
6615
7074
7686
8144
8601
9058
9365
9668
9971
10278
10431
10580
10891
9979
10129
10282
10585
10738
10891
10738
10887
11040
11040
11189
11342
11342
11496
11496
11649
11649
11644
11797
11797
11797
11797
11797
11950
11950
11797
11950
11950
11950
11950
11950
11950
11950
11950
12109
12109
12267
12119
11356
11352
11505
11500
11500
11654
11654
11500
11500
11654
11649
11802
11802
11802
11802
11802
11802
11802
11955
11955
11955
11955
11950
11950
11950
11950
11950
11950
11950
11950
11950
11950
12104
12104
12109
11198
11194
11347
11500
11500
11649
11649
11649
11649
11802
11802
11797
11797
11950
11950
11797
11950
11950
11950
11950
11950
12104
11950
11950
11950
11950
11950
12104
12104
12104
11950
12104
12104
12104
12104
12104
12262
11659
11654
11807
11807
11802
11955
11955
11955
12748
12902
12902
12902
13050
12902
13050
13050
13050
13050
13050
13204
13204
13204
13204
13204
13204
13204
13204
13204
13204
13204
13204
13204
13357
13357
13204
13045
12891
12886
12732
12727
12574
12574
12574
12568
12415
12415
12262
12262
12257
12257
12257
12257
12257
12257
12257
12257
12257
12257
12257
12104
12104
12104
12104
12257
12257
12257
12104
12104
12104
12104
12257
12262
12415
11659
11505
11654
11654
11807
11802
11955
11955
11802
11955
11955
11950
11950
12104
12104
12104
12104
12104
12104
12104
12104
12257
12104
12104
12104
12104
12104
12257
12257
12104
12104
12104
12104
12104
12104
12257
12257
12104
12262
12262
12420
12420
12420
12420
11960
11045
11198
11352
11500
11654
11654
11807
11802
11802
11802
11955
11955
11955
12109
12109
12104
11955
12109
12104
12104
12104
12104
12104
12104
