2306
3228
3995
4763
5685
6607
7222
7836
7529
7068
7526
7833
8137
8444
8747
8901
9208
9357
9515
9058
9212
9361
9515
9664
9818
9971
9971
10120
10120
9967
10120
10427
10738
10891
11198
11356
10743
9822
9361
9515
9664
9818
9971
9971
10124
10278
10585
10282
10129
10129
10278
10278
10278
10431
10431
10427
10427
10427
10427
10580
10738
11045
11198
11510
11510
11203
10282
9361
9361
9515
9664
9818
9818
9971
10124
10431
10743
10286
9822
9822
9975
9971
10124
10124
10124
10278
10278
10274
10427
9672
9822
9975
9971
10124
10124
10124
10274
10274
10274
10427
10274
10427
10734
10891
11198
11352
11505
11352
11045
10124
9361
9511
9664
9664
9818
9971
9967
10278
10585
10896
10593
10129
10282
10282
10278
10278
10431
10431
10427
10427
10427
10580
10580
10580
10891
11198
11352
11510
11663
11663
11054
10137
9216
8448
8140
8290
8444
8751
8901
9208
9668
9975
10440
10440
9826
9212
9365
9515
9668
9822
9818
9971
9971
10124
10124
10278
10585
10129
10282
10282
10278
10278
10431
10431
10427
10427
10427
10427
10580
10427
10427
10734
11040
11198
11505
11659
11817
11822
10756
9842
925
1849
2772
3694
4615
5228
5995
6453
7065
7369
7830
8287
8598
8140
8444
8747
9054
9204
9357
9511
9660
9814
9814
10120
10427
10278
12748
12743
12743
12584
12426
12426
12267
12267
12109
12109
11950
11950
11950
12257
12109
11960
11505
11500
11500
11649
11649
11644
11644
11644
11639
11639
11486
11639
11797
12104
12257
12415
11505
11347
11500
11496
11496
11491
11644
11644
11639
11639
11337
11333
11644
11950
12109
12415
12415
11654
11500
11496
11649
11644
11644
11644
11644
11792
11792
11486
11644
11797
12104
12109
11960
11960
11352
10891
11045
11194
11189
11342
11337
11337
11491
11491
11486
11486
10734
10729
10882
11031
11031
11184
11180
11333
11333
11486
11333
11180
11333
11644
11797
12104
12262
12109
11045
10738
10887
11040
11036
11189
11184
11337
11337
11491
11486
11486
10734
10882
11036
11036
11184
11184
11333
11333
11486
11486
11486
11481
11333
11639
11792
12104
12257
12415
12415
11347
10734
10887
11036
11036
11189
11184
11337
11337
11491
11486
11486
11644
10580
10734
10882
10882
11031
11184
11184
11333
11333
11486
11486
11486
11333
11486
11792
11950
12257
12415
12568
12114
11045
11045
11040
11194
11189
11342
11342
11491
11491
11491
11639
11639
11486
10427
10427
10576
10729
10882
11031
11184
11184
11333
11333
11333
11486
11333
11333
11644
11950
12104
12262
12415
12568
11659
