2007
2624
3701
4623
5697
6461
7228
7382
7990
8451
9062
9519
9822
10129
10129
10431
10585
10887
11040
11194
11040
11194
11496
11496
11649
11802
11802
11649
11802
11802
11950
12109
12114
12119
11203
10896
11203
11352
11505
11654
11654
11654
11500
11654
11807
11955
11955
12109
12109
12109
12262
12257
12257
12410
12410
12262
12410
12410
12410
12563
12563
12563
12563
12410
12410
12410
12410
12410
12410
12563
12410
12410
12410
12410
12568
12568
12574
12119
11054
10901
11049
11203
11352
11505
11654
11807
11654
11654
11802
11955
11955
12109
12109
12109
11955
11955
11955
11955
11955
11955
11955
11955
11955
11802
11040
11194
11347
11342
11496
11496
11649
11649
11802
10887
10738
10887
11040
11194
11500
11659
11812
11812
11203
10593
10743
11049
11198
11352
11500
11654
11654
11654
11347
11500
11654
11802
11802
11955
12109
12104
11955
12104
12104
12104
12257
12257
12410
12410
12410
12257
12257
12257
12257
12257
12257
12410
12410
12257
12144
12298
12451
12600
12600
12144
12298
12446
12600
12600
11990
12144
12451
12446
12600
12451
12144
12298
12446
12600
12600
11990
12144
12451
12600
12600
12600
12144
12298
12446
12600
12600
12298
12144
12298
12451
12600
12754
12144
12144
12298
12446
12600
12600
11990
12144
12293
12446
12600
12754
12144
12144
12293
12446
12600
12600
12293
12144
12293
12446
12600
12754
12754
12144
12298
12446
12446
12600
12754
11990
12144
12298
12446
12600
12754
12600
12144
12298
12451
12600
12600
12754
12298
12144
12298
12451
12600
12754
12754
11990
12144
12298
12451
12600
12754
12754
11990
12144
12298
12446
12600
12600
12754
11990
12144
12298
12446
12600
12754
12754
11990
12144
12298
12451
12600
12754
12754
11990
12144
12298
12451
12600
12600
12754
12298
8780
9088
9393
9700
10004
9547
8630
8934
9393
9700
9850
10004
9088
8784
9088
9393
9700
10004
9700
8780
8934
9242
9547
9854
10158
9393
8630
8934
9242
9547
9850
10004
9393
8630
8934
9242
9547
9850
10158
9393
8630
8780
9242
9547
9854
10004
9700
8784
8784
9088
9393
9700
9854
9850
9242
8476
8630
8934
9239
9547
9850
9850
8934
8476
8934
9242
9547
9854
10004
9547
8784
8476
8934
9242
9547
9850
10004
9393
8630
8780
9242
9547
9850
9850
10004
9547
8626
8476
8934
9239
9547
9850
10004
9696
8780
8476
8934
9239
9547
9850
10004
9850
9088
8630
8934
9393
9700
10004
10158
9850
9088
8626
9088
9393
9700
10004
10158
10158
9239
8476
8934
9239
9547
9854
10158
10312
9700
8934
8780
9088
9393
9700
10004
10158
10312
9393
8630
8934
9242
9547
9850
10158
10158
10158
9242
8476
8784
9088
9393
9700
10004
10158
10158
9242
