8178
8486
8637
8945
9100
9250
9404
9404
9558
9713
9713
9867
9863
9404
8945
8332
7718
7564
7258
7409
7718
8023
8178
8486
8637
8791
8945
9096
9250
9404
9404
9558
9709
9558
9250
8483
7869
7255
6795
6486
6949
7409
7718
8023
8332
8483
8791
8945
9096
9250
9404
9558
9404
8945
8486
8023
7564
6949
7103
7409
7718
8023
8332
8637
8791
9100
9250
9404
9404
9558
9713
9404
8945
8178
7564
7103
6643
6488
6949
7409
7718
8023
8332
8486
8791
8945
9100
9250
9404
9558
9558
9100
8637
8178
7718
7255
7409
7718
8023
8332
8637
8791
8945
9096
9250
9404
9558
9709
9709
9709
9404
8945
8328
7715
7715
8023
8328
8637
8791
8942
9096
9250
9404
9558
9709
9709
9863
9863
9709
9404
8791
8178
7564
7100
7255
7718
8023
8178
8483
8637
8945
9100
9250
9404
9558
9558
9713
9713
9250
8791
8486
8023
7718
7718
8023
8332
8486
8791
8945
9100
9250
9404
9558
9558
9713
9713
9863
9863
9713
9250
8486
7872
7255
7718
8023
8332
8486
8791
8945
9100
9250
9404
9558
9558
9713
9713
9867
9863
9863
9404
8945
9100
9250
9250
9404
9558
9713
9713
9867
9863
9863
10017
10017
10017
10017
10171
10171
9713
9100
9100
9250
9404
9558
9558
9709
9709
9863
9863
10017
10017
10017
10017
10171
10171
9709
9250
8791
8328
7869
7409
7255
7564
7869
8178
8483
8637
8945
9096
9250
9404
9558
9558
9713
9713
9863
9863
9713
9250
8637
7872
7409
6795
6488
6795
7258
7564
7872
8178
8486
8637
8791
9100
9096
9250
9404
9558
9713
9713
9713
9250
8791
8486
8023
7564
7103
7409
7718
8023
8332
8641
8791
8945
9100
9250
9404
9558
9558
9713
9867
9863
9863
9404
8945
8486
8178
7718
7103
7412
7718
8023
8332
8486
8791
8945
9100
9250
9404
9558
9558
9713
9713
9867
9863
9867
9558
9100
8486
8023
7718
8023
8332
8641
8791
8945
9100
9250
9404
9558
9713
9709
9863
9863
10017
10017
10017
9863
9558
8945
8332
7718
7564
7869
8178
8483
8637
8945
9096
9250
9404
9404
9558
9558
9709
9709
9863
9863
10017
10017
9713
9100
8332
7718
7258
6643
6949
7409
7718
8023
8332
8641
8791
8945
9100
9250
9404
9558
9558
9713
9713
9867
9863
9713
9558
9254
8791
8178
8332
8486
8791
8945
9100
9250
9404
9558
9558
9713
9709
9863
10008
10004
10154
10146
10141
9988
9373
8608
7843
11529
11837
11990
12144
12293
11688
11837
11990
12144
12293
11990
11837
11990
12144
12298
12451
11688
11990
12144
12298
12451
12144
11841
11990
12144
12298
12451
11990
11841
11990
12298
12298
12293
11985
11371
11366
11361
11208
11203
11198
11198
11198
11194
11352
10896
10891
10891
10891
10887
10887
10887
10882
10882
10882
10882
10278
10278
10431
10427
10580
10580
10576
10729
10729
10729
10729
616
1541
2617
3540
4461
5536
6459
7071
7535
7378
7683
8140
8448
8751
9054
9208
9511
9664
9814
9967
9967
9967
10274
10580
10891
11198
11505
11352
10589
10585
10585
10734
10734
10734
10734
10734
10729
10882
10882
10882
10729
11040
11347
11500
11812
11965
11663
10752
1076
2306
3228
4148
4917
5683
6297
6914
7529
8140
7990
7680
8140
8444
8747
9054
9208
9357
9664
9818
10278
10436
10129
10282
10278
10431
10431
10427
10580
10580
10580
10580
10734
10887
10585
10585
10585
10580
10734
10734
10734
10734
10729
10729
10729
11040
10585
10585
10585
10738
10734
10734
10734
10734
10729
10729
10729
11036
10282
10431
10431
10431
10580
10580
10580
10580
10734
10729
10729
11040
8784
9242
9550
9854
10158
10466
10008
9088
8784
9242
9700
10158
10466
10769
10158
9242
8630
8934
9550
9854
10312
10620
10466
9550
9088
9550
10008
10312
10620
10923
10620
9547
8777
8927
9073
9377
9527
9527
9676
9826
9826
10286
9830
9979
9979
10133
10129
10129
10278
10278
10278
10274
10427
10427
10734
10891
11198
11352
11505
11352
10738
9975
9361
9357
9511
9664
9818
9971
10278
10585
10743
10436
9668
9822
9822
9971
9971
10124
10124
10274
10274
10274
10580
10129
10124
10278
10278
10278
10427
10427
10427
10427
10427
10427
10274
10580
10887
11045
11352
11505
11663
11510
10593
9672
8751
8137
8444
8747
8901
9208
9668
9975
10436
10743
10286
9519
9365
9515
9668
9822
9818
9971
10124
10124
10120
10585
10585
10129
10129
10282
10278
10278
10431
10431
10427
10427
10427
10427
10427
10580
10887
11045
11352
11510
11663
11817
11663
10896
9826
8905
8137
8137
8287
8594
9054
9515
9975
10286
10593
10593
9979
9365
8598
8747
9054
9204
9357
9511
9660
9814
10278
10585
10738
10282
9361
9511
9664
9818
9971
9967
10120
10120
10120
10274
10274
10580
10431
10129
10124
10278
10278
10278
10427
10427
10427
10427
10427
10427
10576
10423
9818
9818
9971
9971
10120
10120
10120
10274
10274
10274
10423
10423
10423
10274
