1852
2623
3852
4929
5697
6310
6772
6772
7382
7993
8605
9062
9365
9519
9822
10124
10427
10734
11036
11036
11342
11491
11644
11797
11797
11797
11945
12099
12099
12252
12252
12252
12252
12405
12405
12405
12405
12405
12405
12553
12553
12558
12558
11802
11955
11955
12104
12257
12257
12252
12252
12405
12405
12405
12405
12405
12405
12405
12553
12553
12553
12553
12553
12553
12553
12553
12553
12553
12553
12553
12553
12553
12553
12553
12553
12553
12553
12553
12558
12711
12716
12568
12415
11807
11807
11960
11955
12109
12109
12257
12257
12257
12257
12410
12405
12405
12405
12405
12405
12405
12558
12558
12558
12558
12558
12558
12553
12553
12553
12553
12553
12553
12553
12553
12553
12553
12706
12706
12706
12711
11649
11649
11649
11649
11649
11649
11649
11649
11649
11496
11496
11496
11496
11496
11491
11491
11491
11491
11491
8934
9239
9547
9696
10004
9696
8934
8934
9239
9547
9850
10004
9239
8476
8780
9085
9393
9696
10004
9088
8322
8780
9088
9547
9700
9850
9088
8476
8780
9242
9547
9854
10004
9088
8322
8780
9088
9393
9700
10004
9242
8476
8784
9088
9393
9700
10004
9547
8784
8476
8934
9242
9547
9854
10004
9242
8322
8780
9088
9393
9700
10004
9700
8780
8476
8780
9242
9547
9850
10004
9547
8626
8626
8934
9393
9700
9850
10158
9393
8476
8476
8934
9239
9547
9850
10004
9393
8626
8630
8934
9239
9547
9850
10004
9547
8780
8322
8630
9088
9393
9547
9850
10004
9088
8322
8322
8780
9088
9393
9700
9854
9700
8934
8171
8322
8630
9088
9393
9700
9850
9700
8780
8322
8630
9088
9393
9700
10004
10158
9393
8630
8476
8780
9242
9547
9854
10004
10158
9239
8476
8476
8934
9242
9547
9700
9850
10004
9393
8630
8171
8630
8934
9239
9547
9854
10158
9700
8934
11990
12139
12139
12288
12282
11975
12124
12124
12119
12272
12267
12267
12267
12262
12415
12415
12415
12410
12410
12410
12410
12410
12410
12410
12410
12410
12410
12410
12410
12410
12410
12410
12563
12563
12563
12410
12410
12410
12410
12563
12568
11965
12114
12114
12114
12262
12262
12262
12109
12109
12104
12257
12257
12257
12257
12257
12257
12257
12257
12410
12410
12257
12257
12257
12410
12410
12410
12410
12410
12410
12410
12410
12410
12410
12410
12410
12410
12410
12410
12563
12563
12415
11812
11807
11960
12114
12109
12109
12262
11955
12109
12104
12257
12257
12257
12257
12257
12257
12410
12410
12410
12410
12405
12405
12405
12405
12405
12405
12405
12405
12558
12405
12405
12405
12405
12405
12405
12405
12405
12410
12410
12563
12568
12568
12420
12426
12272
11356
11203
11352
11505
11659
11654
11807
11960
11802
9088
9550
10008
10312
10620
10923
10162
9242
9088
9550
10008
10312
10620
10769
10008
9242
9092
9550
9854
10316
10620
10774
10162
9242
9085
9389
9692
9992
10299
10602
10752
10752
10901
11049
11203
11352
11505
11500
11347
11500
11654
11654
11807
11802
11955
11649
11802
11802
11955
11955
11955
12109
11802
11955
11955
11955
12109
12109
12104
12104
11955
11955
12109
12109
12267
12267
12426
11663
10747
10901
11049
11203
11352
11505
11654
11807
11807
11960
11955
11955
11955
11955
11955
11955
11500
11500
11500
11649
11649
11649
11802
11802
11802
11496
11496
11649
11802
11802
11955
11950
11950
11040
11194
11342
11496
11649
11802
11802
11955
11807
11352
11505
11654
11654
11802
11955
11955
11955
11955
12109
12109
12104
12257
12257
12257
12257
12257
12257
12257
12257
12410
12410
12410
12410
12410
12257
12257
12257
12410
12410
12410
12410
12410
12410
12410
12410
12410
12410
12410
12410
12410
12410
11659
11654
11654
11807
11802
11955
11955
11955
11955
11802
