8332
8332
8637
8791
8945
9096
9250
9404
9558
9558
9709
9863
9863
9713
9250
8945
8332
8023
8178
8483
8637
8945
9100
9250
9404
9558
9558
9713
9713
9863
9863
9250
8637
8023
7409
7409
7718
8023
8332
8637
8791
8945
9096
9250
9404
9558
9713
9713
9713
9254
8641
8486
8637
8791
8945
9254
9404
9404
9558
9713
9713
9863
9863
10017
9709
9404
8791
8178
7564
7103
7258
7564
7869
8178
8486
8637
8945
9100
9250
9404
9404
9558
9558
9709
9709
9404
8945
8637
8483
8791
8945
9096
9250
9404
9558
9558
9709
9709
9863
9863
10017
10017
9863
9558
8791
8178
7869
8178
8483
8637
8791
8945
9096
9250
9404
9558
9713
9709
9863
9863
9863
9558
8942
8332
7718
7564
7869
8178
8328
8637
8791
8942
9096
9250
9404
9558
9713
9709
9863
9863
9709
9096
8483
8023
8332
8637
8791
8945
9100
9250
9404
9558
9558
9713
9713
9863
9863
10017
9863
9558
8945
8178
7718
7872
8023
8332
8637
8791
8945
9100
9250
9404
9558
9713
9713
9867
9863
9713
9558
9100
8483
8023
7409
7255
7564
7869
8178
8483
8637
8791
9096
9250
9250
9404
9558
9554
9709
9709
9863
9709
9404
8791
8637
8791
8942
9096
9250
9404
9558
9558
9709
9709
9863
9863
10017
10017
10017
9863
9558
9100
8483
8023
7564
7872
8178
8486
8637
8945
9100
9254
9404
9404
9558
9713
9709
9863
9863
9863
9709
9250
8791
8328
8023
7409
7564
7715
8023
8332
8637
8791
8945
9096
9250
9404
9558
9558
9713
9709
9863
9863
9713
9404
8791
8023
7409
6949
6488
6025
6177
6637
7095
7551
8007
8311
8458
8762
8912
9219
9377
9531
9684
9834
9830
9826
9369
8448
8755
8905
9208
9365
9523
9676
9830
9826
9979
10129
10129
10124
10278
10274
10274
10431
9979
9058
8905
9058
9208
9361
9511
9664
9818
9967
9971
10129
10133
10282
10282
10278
10431
10431
10274
9361
9357
9511
9668
9672
9830
9984
9984
10137
10133
10286
10282
10282
10278
10431
10427
10427
10431
9826
8908
8144
8294
8598
8751
9054
9208
9357
9511
9664
9822
9979
9975
10129
10124
10278
10278
10274
10274
9664
9357
9507
9664
9822
9826
9984
9984
10133
10133
10129
10282
10278
10278
10431
10427
10427
10427
10431
9519
8755
11990
12144
12298
12446
12446
12144
11990
12298
12451
12600
12600
11990
12144
12298
12446
12600
11990
12144
12298
12451
12600
12600
11990
12144
12298
12446
12600
12144
11990
12298
12451
12600
12600
11990
12144
12298
12446
12600
12600
11990
12144
12293
12446
12600
12600
11990
12144
12293
12446
12600
12600
11990
12144
12293
12446
12600
12754
11990
12144
12293
12446
12600
12600
12298
12144
12298
12446
12600
12600
12754
11990
12144
12298
12446
12600
12600
12298
12144
12298
12451
12600
12600
12754
11990
12144
12298
12451
12600
12600
12600
11990
12144
12298
12446
12600
12600
12600
11990
12144
12298
12446
12600
12600
12600
11990
12144
12298
12446
12600
12754
12600
11990
12144
12298
12451
12600
12600
12600
11990
12144
12298
12451
12600
12754
12754
12144
