2162
2777
3700
4469
5235
5848
6461
6615
7074
7532
7990
8294
8601
8751
8905
9054
9361
9515
9668
9818
9818
9971
9971
10124
10278
10274
10274
10274
10427
10427
10427
10580
10580
9971
9971
10124
10124
10124
10282
10282
10286
9830
9826
9979
9979
9979
9975
9975
10129
9822
9975
9975
10124
10278
10278
10431
10278
10427
10427
10580
10580
10580
10734
10580
10734
10734
10734
10734
10887
10887
10734
10734
10734
10887
10887
10887
10887
10887
10887
10887
10887
11040
11045
10896
10133
9979
10129
10282
10282
10431
10431
10585
10278
10278
10431
10431
10580
10580
10734
10580
10734
10734
10734
10729
10729
10882
10887
10887
10887
10887
10887
10882
10882
10882
10887
10882
10882
10887
10887
10887
10887
10882
10887
10887
11045
11045
11203
11203
11203
11049
10286
9672
9826
9975
10129
10278
10278
10431
10431
10431
10580
10580
10580
10734
10734
10734
10734
