2002
2618
3849
4927
6002
6615
923
1845
2767
3689
4609
5222
5987
6448
6906
7213
7219
7523
7980
8287
8594
8897
9051
9357
9507
9507
9507
9660
9814
10274
10580
10891
10743
10133
10129
10282
10278
10431
10431
10427
10580
10580
10580
10580
10576
10576
10887
11194
11500
11659
11203
10589
10585
10738
10738
10738
10734
10734
10734
10734
10734
10580
10580
11040
11194
11505
11505
11510
11203
10282
10129
10278
10278
10431
10431
10580
10580
10580
10580
10580
10129
10124
10278
10278
10427
10427
10580
10580
10580
10576
10576
10576
10576
10729
11040
11347
11500
11807
11352
10585
10585
10585
10585
10580
10580
10734
10734
10734
10734
10729
10576
1389
2623
3700
4775
5695
6615
7228
7532
7990
8601
9058
9519
9822
10124
10278
10585
10887
11040
11189
11342
11496
11649
11649
11802
11802
11950
11950
12104
12104
12104
12104
12104
12257
12257
12415
12568
11965
11659
11812
11807
11960
11955
11955
12109
12109
12109
12109
12104
12257
12257
12257
12257
12257
12257
12257
12257
12410
12410
12410
12410
