7683
8140
8444
8598
8901
9054
9365
9519
9676
9672
9826
9975
9975
9212
8444
8751
8901
9054
9361
9519
9672
9826
9826
9975
9975
10124
10124
9818
8901
9208
9357
9515
9668
9826
9979
9979
10129
10129
10278
10278
10278
10124
9208
9054
9361
9519
9672
9826
9826
9975
9975
10124
10124
10274
10274
10274
9664
9054
9208
9519
9676
9672
9822
9975
9971
10124
10120
10120
10274
10274
10269
9664
9361
9511
9511
9660
9814
9814
9967
10116
10116
10269
10269
10269
10431
10436
9975
9668
9822
9971
9971
10120
10120
10274
10274
10269
10269
10427
10431
10436
10589
9822
9212
9361
9515
9664
9818
9818
9967
9967
10120
10124
10282
10282
10436
10436
10282
9365
9212
9361
9515
9664
9818
9818
9967
10120
10124
10282
10286
10282
10436
10431
10124
9208
9208
9361
9511
9664
9818
9967
9971
10129
10129
10282
10278
10278
10431
10427
10274
9361
9357
9511
9664
9814
9818
9975
10129
10133
10282
10282
10278
10431
10427
10427
10427
9664
9204
9357
9507
9664
9818
9975
9975
10129
10124
10278
10274
10274
10274
10427
10423
10269
9357
9204
9357
9668
9672
9830
9830
9988
9992
10146
10150
10150
10308
10308
10308
10312
10312
9547
8784
8938
9246
9400
9554
9705
9705
9859
10013
10013
10167
10167
10167
10321
10321
10321
10017
10017
10171
10167
10321
10321
10321
10321
10475
10475
10475
10475
10475
10475
10629
10629
10475
10321
10321
10321
10321
10475
10475
10475
10475
10475
10475
10629
10629
10629
10629
10629
10629
10321
10321
10475
10475
10475
10475
10475
10475
10475
10629
10629
10629
10629
10629
10629
10629
10629
10321
10475
10475
10475
10475
10475
10475
10629
10629
10629
10629
10629
10629
10629
10629
10629
10629
10321
10321
10321
10475
10475
10475
10475
10475
10475
10475
10629
10629
10629
10629
10629
10629
10629
10321
10321
10321
10475
10475
10475
10475
10475
10475
10629
10629
10629
10629
10629
10629
10629
10629
13204
13204
13204
13352
13352
13357
13357
13505
13505
13505
13505
13505
13659
13659
13659
13659
13659
13659
13659
13812
13659
13659
13659
13659
13659
13659
13659
13659
13659
13812
13812
13659
13659
13659
13659
13659
13659
13659
13659
13659
13659
13659
13659
13659
13659
13659
13659
13659
13659
13659
13659
13659
13659
13659
13659
13659
13659
13659
13659
13659
13659
13659
13659
13659
13659
13659
13659
13659
13659
13659
13659
13659
13659
13659
13659
13659
13659
13659
13659
13659
13659
13659
13812
13659
13659
13659
13812
13812
13812
13659
13659
13659
13659
13659
13659
13659
13659
13659
13812
13812
13812
13812
13812
13812
13812
13812
13812
13812
13812
13659
13659
13659
13659
13659
13659
12600
12600
12600
12600
12600
12600
12446
12600
12600
12600
12600
12600
12605
12600
12600
12600
12600
12600
12451
12451
12605
12605
12605
12605
12600
12451
12605
12605
12600
12600
12600
12451
12605
12605
12605
12600
12600
12600
12451
12451
12446
12600
12605
12605
12605
12451
12605
12605
12600
12600
12600
12600
12451
12451
12605
12605
12605
12605
12600
12451
12451
12605
12600
12600
12600
12605
12451
12451
12605
12605
12600
12600
12600
12451
12451
12451
12605
12605
12605
12605
12605
12451
12451
12605
12600
12600
12600
12600
12451
12451
12605
12605
12600
12600
12600
12600
12451
12451
12451
12605
12605
12605
12600
12600
12451
12451
12446
12446
12600
12600
12600
12600
12446
12600
12600
12600
12600
12600
12600
12600
12446
12446
12600
12600
12600
12600
12600
12600
12446
12446
12600
12600
12600
12600
12600
12600
12451
12605
12605
12600
12600
12600
12600
12600
12600
13516
13516
13516
13516
13516
13516
13516
13516
13516
13516
13516
13516
13516
13516
13516
13516
13516
13516
13516
13516
13516
13516
13516
13516
13516
13516
13516
13516
13516
13516
13516
13516
13516
13516
13516
13516
13516
13511
13511
13511
13511
13511
13516
13516
13516
13511
13511
13511
13511
13511
13511
13511
13511
13516
13516
13516
13516
13670
13670
13516
13516
13516
13516
13516
13516
13516
13516
13516
13516
13516
13670
13516
13516
13516
13516
13516
13516
13516
13516
13516
13516
13516
13516
13516
13516
13516
13516
13516
13516
13363
13363
13363
13516
13516
13516
13516
13363
13363
13516
13516
13516
13516
13516
13516
13516
13516
13516
13516
13516
13363
13516
13516
13516
13516
13516
13516
