3697
4311
4923
5690
6302
6914
7372
7830
8137
8287
8594
9208
9668
10129
10282
10133
9672
9668
9822
9971
10124
10120
10274
10274
10427
4000
4459
5536
6456
7225
7993
8147
8144
8448
8755
9058
9208
9361
9511
9664
9814
9967
9361
9361
9515
9664
9818
9967
10120
10120
10269
10269
10269
10274
10734
11040
11347
11505
11356
10440
10286
10282
10282
10431
10431
10580
10580
10580
10576
10576
9822
9975
9971
10124
10278
10274
10427
10427
10423
10576
10576
10423
10729
11040
11347
11505
11812
11659
10891
10891
10891
10887
10887
10887
10887
10882
10882
10882
11036
10431
10431
10580
10580
10580
10580
10729
10729
10729
10729
10729
10576
11036
11194
11500
11654
11659
11659
11505
10891
10278
10431
10427
10580
10580
10580
10576
10576
10729
11040
11045
10738
10738
10738
10734
10734
10734
10734
10729
10729
10729
10729
10882
10729
11036
11347
11500
11654
11654
11654
11500
11194
10427
10427
10427
10427
10580
10576
10576
10729
10882
11194
11347
10738
10585
10738
10734
10734
10734
10734
10729
10729
10729
10729
10729
10729
10278
10278
10274
10427
10427
10423
10576
10576
10576
10576
10576
10725
10725
9971
10120
10120
10274
10269
10423
10423
10423
10576
10576
10571
10725
10725
7255
7560
8023
8328
8637
8791
9096
9250
9400
9547
9696
9688
9838
8919
8150
8301
8605
8908
9058
9212
9523
9676
9680
9830
9979
9979
10129
9822
8905
9054
9208
9357
9511
9660
9818
9975
9979
10133
10129
10282
10278
10278
9361
9054
9357
9511
9507
9660
9814
9971
10129
10133
10282
10282
10278
10278
9971
9054
9208
9357
9511
9660
9814
9967
9971
10129
10129
10282
10278
10278
10274
9818
9054
9357
9511
9660
9660
9814
9967
9971
10129
10133
10291
10291
10295
10299
9842
8927
771
1388
2312
3082
4003
4771
5538
6151
6610
7071
7529
7990
8301
8608
8758
8297
7686
7228
7686
7990
8297
8601
8755
9058
9212
9365
9515
9668
9822
9822
9975
9979
9676
9672
9826
9975
9975
10129
10129
10129
10278
10278
10278
10278
10431
10431
10431
10278
10278
10282
10440
10440
10440
10440
10440
10589
10589
10589
10589
10585
10585
10585
9668
9365
9515
9668
9822
9822
9971
10129
10133
10286
10286
10286
10286
10436
10436
10436
9826
9212
9365
9519
9668
9822
9822
9975
9971
10124
10124
10278
10282
10440
10440
10440
10436
9672
9369
9519
9672
9826
9975
9975
10129
10129
10282
10278
10278
10278
10431
10431
10431
10286
9979
9979
10133
10129
10282
10282
10282
10278
10431
10431
10431
10431
10431
10431
10585
10580
10124
10124
10278
10282
10440
10440
10440
10436
10589
10589
10589
10589
10585
10585
10585
10585
10129
9212
9361
9515
9668
9822
9818
9971
10129
10133
10286
10286
10286
10436
10436
10436
10436
10436
9822
9212
9365
9519
9668
9822
9822
9975
10129
10124
10124
10278
10282
10440
10444
10440
10440
10436
9826
9216
9365
9519
9672
9822
9975
9975
10129
10124
10278
10278
10278
10431
10431
10431
10436
10589
9984
9523
9676
9672
9826
9979
9975
10129
10129
10282
10282
10278
10278
10431
10431
10431
10431
10431
10278
10278
10436
10440
10440
10440
10440
10589
10589
10589
10589
10589
10585
10585
10585
10585
10585
10585
9822
