2153
2768
3689
4458
5224
5836
6451
6909
7369
7827
7833
8137
8290
8598
8747
9054
9208
9357
9511
9664
9664
9818
9967
10278
10585
10738
10896
10436
9668
9208
9515
9515
9664
9818
9971
9971
10124
10120
10278
9826
9975
9975
10124
10124
10124
10278
10278
10274
10274
10274
10427
10427
10734
11045
11198
11356
11203
10589
9822
9361
9515
9664
9818
9818
9971
10124
10124
10431
10589
10129
10282
10282
10278
10431
10431
10431
10427
10427
10427
10580
10427
10427
10734
10891
11045
11203
11356
11356
10589
9822
9515
9668
9668
9818
9971
9971
10124
10120
10431
10738
10282
10129
10129
10278
10278
10278
10431
10427
10427
10427
10427
10427
10427
10580
10738
11045
11203
11203
11203
11203
11049
10436
9668
9668
9822
9818
9971
9971
10124
10124
10431
10738
10896
10286
9979
9975
10129
10129
10278
10278
10278
10431
10431
10427
10427
10427
10585
10891
11045
11203
11356
11663
11822
11366
10453
9539
463
1543
2622
3854
4777
5699
6624
7237
7849
7545
6932
6315
5856
6161
6926
7538
8150
8608
9066
9523
9826
9826
10129
10282
10589
10738
10891
11045
11194
11347
11347
11500
11500
11654
11649
11802
11802
11802
11802
11802
11802
11802
11955
11955
11955
11955
11955
11955
11955
