2922
3996
4609
5378
5990
6451
6909
7369
7676
7980
7827
8287
8747
9208
9672
9979
10286
9826
9058
8751
8901
9208
9357
9511
9664
9971
10278
10282
9519
9515
9668
9822
9818
9971
10124
10120
10120
10274
9975
10124
10124
10124
10274
10274
10274
10427
10427
10427
10423
10580
10887
11045
11352
11505
11352
11045
10124
9357
9511
9664
9818
9814
9967
10274
10585
10738
10436
9668
9822
9971
9971
10124
10120
10120
10274
10274
10274
10580
10129
10129
10124
10278
10278
10274
10427
10427
10427
10427
10427
10120
10580
10738
11045
11198
11198
11045
10891
10891
10585
9818
9204
9357
9511
9664
9818
10278
10585
10743
11049
10282
9519
9515
9668
9822
9818
9971
10124
10124
10120
10427
10738
10436
10129
10278
10278
10278
10431
10427
10427
10427
10427
10427
10580
10427
9822
9971
10124
10124
10274
10274
10274
10274
10427
10427
10423
10423
10427
10734
11045
11198
11352
11352
11198
11194
11040
10580
9818
9357
9511
9660
9660
9967
10278
10585
10891
11049
10896
10129
9515
9668
9818
9818
9971
9971
10120
10120
10274
10427
10734
10585
9822
9515
9668
9818
9818
9971
9967
10120
10120
10274
10274
10274
10427
9975
10129
10124
10278
10278
10274
10274
10427
10427
10427
10427
10423
10576
10423
10734
11040
11198
11352
11510
11510
11663
11510
10747
9826
8905
8137
11688
11990
12144
12298
12451
11688
11534
11841
11990
12144
12298
11688
11837
12144
12298
12451
11837
11837
12144
12298
12446
12446
11683
11990
12144
12293
12446
12293
11837
11990
12298
12293
12446
12144
11990
12144
12298
12446
12600
11990
11990
12144
12298
12446
12446
12144
11990
12144
12298
12446
12600
12298
11990
12144
12298
12446
12446
12600
11837
12144
12298
12451
12600
12600
11837
11990
12144
12298
12446
12600
12298
11837
12144
12298
12451
12600
12600
11837
11990
12144
12298
12451
12600
12600
11841
11990
12144
12298
12446
12600
12446
11841
11990
12144
12298
12446
12600
12451
11837
11990
12144
12298
12446
12600
12451
11841
11990
12298
12451
12600
12451
12298
11534
11226
11534
11841
11990
12144
12298
12298
11534
11841
11990
12144
12298
12446
12446
11688
