1853
2468
3700
4621
5543
6308
7074
7228
7840
8455
8912
9373
9680
9984
9523
8912
9216
9676
9979
10282
10589
10891
10738
10891
11040
11194
11347
11496
11649
11347
11496
11649
11802
11802
11955
11950
11802
11797
11950
12104
12104
12257
12109
12104
12257
12257
12257
12410
12415
12114
11807
11960
12114
12114
12262
12262
12262
12109
12109
12262
12262
12262
12262
12262
12262
12262
12257
12257
12410
12410
12257
12257
12104
12257
12257
12257
12257
12257
12257
12257
12257
12257
12257
12257
12257
12410
12415
11960
11659
11654
11807
11960
11955
11955
12109
12109
11654
11802
11955
12109
12109
12262
12257
12257
12257
12257
12410
12410
12410
12563
12563
12410
12410
12563
12563
12558
12558
12558
12558
12410
12563
12563
12563
12558
12563
12568
12568
12420
11356
11356
11505
11659
11807
11960
11960
12109
12109
11955
12109
12109
12262
12262
12257
12410
12410
12257
12257
12410
12410
12410
12410
12410
12410
12410
12595
12748
12748
12902
12902
12595
12595
12748
12902
12902
12595
12595
12748
12902
12902
12748
12595
12748
12902
12897
12897
12595
12748
12748
12902
12902
12595
12748
12748
12902
12897
12897
12595
12748
12748
12902
12902
12595
12595
12748
12902
12897
12897
12595
12595
12748
12902
12902
12902
12595
12748
12748
12902
12897
12897
12595
12595
12748
12902
12897
12897
12595
12748
12748
12897
12897
12897
12441
12595
12748
12897
12897
13050
12595
12139
12288
12441
12595
12748
12748
12288
12441
12595
12748
12902
12902
12897
12595
12748
12748
12897
13050
13050
12441
12595
12748
12902
12902
13050
12897
12595
12595
12748
12902
12902
13050
12902
12595
12595
12748
12902
12897
12897
12897
12595
12595
12441
12288
12139
12139
11985
11832
8476
8780
9242
9547
9850
9700
8780
8630
9088
9393
9700
9850
9239
8476
8780
9242
9547
9854
10004
9088
8476
8934
9239
9547
9854
9854
8934
8630
9088
9393
9700
9850
9854
8934
8476
8934
9242
9547
9850
10004
9088
8630
8934
9393
9547
9850
10158
9242
8476
8780
9242
9547
9854
10004
9547
8784
8780
9088
9547
9700
9854
9850
9393
8476
8476
8934
9242
9393
9547
9700
9393
8630
8171
8630
8934
9393
9700
9854
9547
8780
8167
8630
9088
9393
9700
10004
9700
8934
8476
8780
9242
9547
9854
10004
9854
8934
8322
8780
9088
9393
9696
9850
10004
9239
8476
8322
8780
9085
9393
9696
10004
9696
8934
8322
8780
9088
9393
9696
10004
10004
9393
8630
8322
8780
9088
9547
9854
10004
10158
9242
8476
8630
9088
9393
9700
9850
10004
10004
9088
8322
8476
8934
9242
9547
9850
10004
10004
9088
8322
8630
9088
9393
9547
9700
9854
9850
9547
8630
