462
462
617
771
1079
1849
2464
3078
3692
4152
4611
4919
5224
5529
5836
5987
6294
5531
5839
5990
6297
6448
6602
6755
6752
6906
7059
7059
7210
7210
7210
7363
6602
6602
6752
6906
7059
7059
7213
7210
7210
7363
7363
7363
7363
7516
7516
5527
5680
5987
6138
6292
6445
6599
6749
6903
6903
7056
7210
7213
7216
7366
4917
5222
5529
5680
5987
6141
6292
6445
6599
6752
6909
6912
7065
7065
7219
7216
5531
5836
5990
6294
6448
6602
6752
6752
6906
7059
7062
7219
7216
7216
7369
7366
5529
5836
5987
6294
6448
6602
6752
6752
6906
7062
7062
7216
7216
7213
7366
7366
5529
5836
5987
6294
6448
6599
6752
6755
6912
7062
7062
7216
7213
7213
7366
7366
7366
5376
5683
5987
6141
6294
6448
6604
6758
6909
6909
7062
7059
7213
7213
7366
7366
7366
5376
5683
5834
6141
6297
6451
6604
6755
6909
6909
7059
7059
7213
7213
7366
7366
7363
4917
5073
5382
5690
5995
6149
6300
6451
6604
6755
6909
6909
7059
7059
7213
7213
7363
5680
5836
6144
6297
6448
6602
6755
6909
6906
7059
7059
7213
7213
7363
7363
7363
7363
7516
6294
6448
6602
6752
6906
6906
7059
7056
7210
7210
7363
7363
7363
7363
7516
7516
7513
7513
461
614
921
1689
2304
2917
3531
3990
4448
4909
5215
5520
5673
5980
6131
6437
6591
6591
6744
5676
5982
6133
6287
6440
6593
6744
6897
6897
7050
7050
7204
7201
7354
7354
7354
7354
7507
7507
4600
4909
5218
5522
5676
5980
6133
6287
6437
6591
6744
6897
7050
7047
7201
7201
7201
7354
7354
6133
6287
6440
6591
6744
6897
6897
7050
7050
7201
7201
7354
7354
7354
7354
7507
7507
7507
7507
4600
4907
5213
5522
5673
5980
6133
6284
6591
6591
6744
6897
7050
7050
7201
7201
7201
7354
7354
5371
5676
5829
6133
6287
6440
6593
6744
6897
6897
7050
7050
7204
7201
7354
7354
7354
7507
7507
7507
6443
6599
6758
6761
6917
7074
7077
7234
7237
7237
7394
7397
7397
7397
7554
7554
7554
7554
7557
7557
7095
7249
7400
7554
7708
7708
7862
8017
8017
7095
7246
7400
7554
7708
7862
7862
8017
8017
7246
7400
7400
7554
7708
7862
7862
8017
8017
7249
7400
7554
7554
7708
7862
7862
8017
8017
8171
7249
7403
7554
7554
7708
7862
7862
8017
8017
8171
7249
7403
7554
7554
7708
7862
7862
8017
8017
8171
7249
7403
7554
7708
7708
7862
7862
8017
8017
8171
7249
7403
7554
7708
7708
7862
7862
8017
8017
8171
7249
7403
7554
7708
7708
7862
7862
8017
8017
8171
8171
7249
7403
7554
7708
7708
7862
7862
8017
8017
8171
8171
7249
7400
7554
7708
7708
7862
7862
8017
8017
8171
8167
7246
7400
7554
7708
7708
7862
7862
8017
8013
8167
8167
7246
7400
7554
7708
7708
7862
8017
8017
8013
8167
8167
7246
7400
7554
7708
7708
7862
8017
8017
8017
8171
8171
7249
7400
7554
7708
7862
7862
8017
8017
8017
8171
8171
8171
7403
7400
7554
7708
7862
7862
8017
8017
8017
8171
8171
8171
7403
7403
7554
7708
7862
7862
8017
8017
8017
8171
8171
8171
7403
7403
7554
7708
7862
7862
8017
8017
8017
8171
8171
8171
7403
7403
7554
7708
7862
7862
8017
8017
8017
8171
8171
8171
7403
7557
7554
7708
7862
7862
8017
8017
8171
8171
8171
8171
8325
