6144
6448
6599
6906
7056
7210
7363
7513
7667
6752
6906
7059
7213
7363
7516
7670
7820
7820
5987
6292
6445
6755
6909
7219
7372
7526
7526
4919
4919
5070
5529
5836
6141
6451
6758
6912
7065
6456
6607
6912
7062
7216
7366
7520
7670
7823
7823
6141
6448
6602
6912
7062
7216
7366
7520
7670
7823
5987
6292
6599
6749
6903
7213
7366
7523
7526
7680
6607
6758
7065
7216
7366
7520
7673
7670
7823
7973
6602
6906
7056
7210
7363
7513
7667
7667
7817
7970
7970
6138
6294
6602
6906
7059
7210
7363
7513
7667
7667
7817
5220
5529
5839
6146
6451
6755
6906
7059
7363
7516
7516
5680
5985
6292
6602
6755
7062
7216
7366
7520
7670
7670
5834
6141
6445
6599
6903
7059
7213
7363
7516
7670
7820
5834
6138
6443
6749
6903
7053
7207
7363
7516
7670
7820
5680
5985
6292
6596
6749
7053
7207
7360
7516
7670
7670
7820
5680
5987
6292
6599
6749
7056
7210
7360
7513
7670
7673
7823
5836
6141
6445
6599
6903
7056
7210
7360
7513
7667
7820
7823
5068
5529
5834
6138
6445
6749
6903
7053
7207
7360
7513
7667
6909
7062
7213
7366
7516
7670
7820
7820
7973
7970
8123
8123
5985
6294
6448
6752
6906
7210
7363
7513
7513
7667
7820
7820
7970
7853
8157
8311
8615
8769
7853
8157
8465
8769
8923
8007
8311
8619
8773
8923
8007
8311
8619
8769
9077
8157
8311
8619
8769
9077
8157
8465
8619
8923
9077
8157
8465
8619
8923
9077
9231
8161
8465
8619
8923
9077
9231
8161
8465
8773
8927
9077
9231
8315
8465
8773
8927
9077
9231
8315
8465
8773
8927
9077
9231
8315
8619
8773
8927
9077
9385
8315
8619
8773
8923
9231
9385
8311
8619
8773
9077
9231
9385
8311
8619
8769
9077
9231
9385
8311
8619
8769
9077
9231
9385
8465
8619
8923
9077
9231
9385
9539
8465
8462
8304
8147
8144
7987
7987
7983
7827
7827
7827
5836
5987
6294
6755
7062
7213
7366
7366
7363
7363
5529
5834
5985
6138
6292
6443
6596
6749
6903
7363
7516
7538
7846
8150
8304
8458
7538
7846
8150
8304
8458
7696
7846
8154
8304
8612
7696
8000
8154
8304
8301
8147
6149
6146
6297
6297
6448
6448
6599
6599
6596
6749
5220
5680
6141
6602
6752
6752
6749
5066
5373
5524
5678
5829
5982
6136
6133
6287
6440
5524
5985
6138
6289
6289
6443
6443
6593
6593
4913
5064
5371
5524
5676
5829
5982
6289
6596
5066
5220
5371
5678
5831
5829
5982
6136
6289
6287
6440
4759
5220
5680
5831
5985
6136
6136
6289
6289
6440
4913
5064
5371
5524
5676
5829
5982
6136
6289
6749
461
616
616
924
1385
2000
2460
3074
3380
3841
4147
4452
4759
4911
4148
4456
4761
4913
5066
5371
5524
5522
5676
5829
5982
5980
6133
3836
4143
4448
4909
5369
5676
5829
5829
5982
5980
6133
4297
4757
5064
5218
5369
5522
5676
5829
5827
5980
5980
6133
5066
5218
5371
5522
5676
5829
5829
5980
5980
6133
6133
6287
6287
3990
4142
4448
4602
5062
5522
5829
5829
5982
5982
6133
6133
4143
4604
5064
5218
5369
5522
5676
5829
5827
5980
5980
6133
5064
5369
5369
5522
5676
5829
5827
5980
5980
6133
6133
6287
6287
6287
