6783
6783
6937
7092
7092
7246
7246
7246
7403
7403
7403
7403
7403
7557
7557
6786
6786
6940
7095
7095
7249
7249
7249
7403
7403
7403
7403
7403
7557
7557
6786
6786
6940
7095
7095
7249
7249
7249
7403
7403
7403
7403
7403
7557
7557
6786
6940
6940
7095
7095
7249
7249
7249
7403
7403
7403
7403
7403
7557
7557
6786
6940
6940
7095
7095
7249
7249
7249
7403
7403
7400
7400
7554
7554
7554
7554
6629
6780
6935
6935
7089
7092
7246
7246
7246
7400
7400
7400
7400
7554
7554
7554
6786
6940
6937
7092
7092
7246
7246
7246
7403
7403
7403
7403
7403
7557
7557
7557
6786
6940
6940
7095
7095
7249
7249
7249
7403
7403
7403
7403
7403
7557
7557
7557
7557
6786
6940
6940
7095
7095
7249
7249
7249
7403
7403
7403
7403
7403
7557
7557
7557
7557
6786
6940
6940
7095
7095
7249
7249
7249
7403
7403
7403
7403
7403
7557
7557
7557
7557
6786
6940
6940
7095
7095
7249
7249
7249
7403
7403
7403
7400
7554
7554
7554
7554
7554
7554
6786
6940
6940
7095
7095
7249
7249
7246
7400
7400
7400
7400
7554
7554
7554
7554
7554
7554
6786
6940
6940
7095
7095
7249
7249
7246
7400
7400
7400
7400
7554
7554
7554
7554
7554
7554
6786
6940
6940
7095
7095
7249
7249
7246
7403
7403
7403
7403
7557
7557
7557
7557
7557
7557
7557
6786
6940
6940
7095
7095
7249
7249
7249
7403
7403
7403
7403
7557
7557
7554
7554
7554
7554
7554
6786
6940
6940
7095
7095
7249
7246
7246
7400
7400
7400
7400
7554
7554
7554
7554
7554
7554
7554
6786
6940
6940
7095
7095
7249
7246
7246
7400
7400
7400
7400
7554
7554
7554
7554
7554
7554
7554
6786
6940
6940
7095
7095
7249
7249
7249
7400
7400
7400
7400
7554
7554
7554
7548
7542
7538
7535
5541
5846
5997
6149
6453
6604
6604
6755
6909
7062
7059
7213
7213
7210
7363
7363
7363
7363
7513
7513
5220
5529
5680
5987
6138
6292
6443
6596
6749
6903
7056
7053
7207
7207
7207
7360
7360
7360
7360
7513
6618
7080
7385
7692
7846
7080
7388
7692
8000
8150
7388
7692
8000
8154
8458
7542
7846
8154
8308
8458
7696
7846
8154
8308
8612
7696
8000
8154
8462
8458
8147
7993
5224
5224
5378
5531
5683
5836
5987
5987
6141
6138
4608
4915
5066
5220
5373
5524
5678
5831
5831
5982
5982
5527
5527
5680
5831
5831
5985
5985
6136
6136
6289
6289
6289
4613
5228
5841
6302
6764
6308
6766
7074
7382
7689
7993
7077
7385
7689
7997
8150
8455
7538
7846
7997
8304
8458
8608
7692
8000
8150
8458
8612
8762
7846
8000
8304
8458
8612
8766
7846
8154
8308
8458
8150
7993
7683
7529
7375
7219
5224
5529
5683
5834
5834
5987
5985
6138
6138
6138
6289
6289
6289
3840
3840
4147
4454
4761
5376
5527
5680
5680
5834
5985
5985
4300
4761
4913
5220
5373
5524
5678
5678
5831
5985
5985
6136
6136
5373
5527
5680
5831
5831
5985
5985
6136
6136
6136
6289
6289
6289
6443
