462
616
771
1387
2155
2924
3538
4150
4763
5068
4456
4609
4915
5373
5680
6138
6292
6602
6906
5222
5527
5834
6138
6445
6749
6903
7056
7207
5527
5987
6297
6451
6758
6912
7062
7369
7366
7520
5683
5987
6294
6599
6752
7056
7210
7360
7513
7667
461
615
768
1383
2151
2764
3377
3991
4450
4909
5215
5522
3529
3531
3684
4143
4604
5062
5369
5673
5980
6287
6437
6591
5678
5985
6289
6443
6593
6747
6900
7050
7204
7204
7357
7510
5990
6300
6610
6764
6920
7231
7385
7542
7542
7696
7853
6932
7086
7240
7394
7548
7705
7705
7859
7859
8013
8013
7092
7246
7400
7554
7708
7862
7862
8017
8017
8017
8171
7249
7400
7554
7708
7708
7862
7862
8017
8017
8171
8171
7249
7400
7554
7708
7708
7862
7862
8017
8017
8171
8171
7246
7400
7554
7708
7708
7862
8017
8017
8017
8167
8167
7246
7400
7554
7708
7708
7862
8017
8017
8017
8171
8171
8171
7403
7400
7554
7708
7862
7862
8017
8017
8017
8171
8167
8167
7400
7400
7554
7708
7862
7862
8017
8017
8013
8167
8167
8167
7400
7400
7554
7708
7862
7862
8017
8017
8017
8171
8171
8171
7403
7554
7554
7708
7862
7862
8017
8017
8017
8171
8171
8171
7403
7403
7554
7708
7862
7862
8017
8017
8017
8171
8171
8171
8325
6635
6789
6943
6943
7097
7097
7252
7252
7252
7406
7406
7406
7406
7406
7560
6637
6792
6946
6946
7100
7100
7252
7249
7243
7394
7388
7385
7378
7529
7526
6453
6604
6758
6755
6906
7059
7056
7210
7207
7207
7360
7360
7357
7510
7510
5369
5676
5980
6133
6287
6437
6591
6744
6897
6897
7050
7050
7201
7201
7354
5062
5369
5673
5980
6133
6284
6437
6591
6744
6897
6897
7050
7201
7201
7201
7354
5062
5369
5673
5980
6133
6284
6437
6591
6744
6897
6897
7047
7047
7201
7201
7354
5062
5371
5680
5839
6149
6305
6461
6618
6775
6775
6932
7086
7089
7089
7246
7246
6478
6632
6786
6940
6943
7097
7097
7252
7252
7252
7406
7406
7406
7406
7560
7560
7560
6792
6792
6946
7100
7100
7097
7252
7252
7406
7406
7406
7406
7406
7560
7560
7560
7560
6792
6792
6946
7100
7100
7255
7255
7255
7406
7406
7406
7406
7406
7560
7560
7560
7560
6792
6792
6946
7100
7100
7255
7255
7255
7409
7406
7406
7406
7406
7560
7560
7560
7560
7560
6792
6792
6946
7097
7097
7252
7252
7252
7406
7406
7406
7406
7406
7560
7560
7560
7560
7560
6792
6789
6943
7097
7097
7252
7252
7252
7406
7406
7406
7406
7406
7560
7560
7560
7560
7560
6792
6792
6946
7100
7100
7255
7252
7252
7406
7406
7406
7406
7406
7560
7560
7560
7560
7560
6792
6946
6946
7100
7100
7255
7255
7255
7406
7406
7406
7406
7406
7560
7560
7560
7560
7560
7560
6792
6946
6946
7100
7100
7255
7255
7255
7409
7409
7406
7406
7406
7560
7560
7560
7560
7560
7560
6792
6946
6946
7100
7100
7255
7255
7252
7406
7406
7406
7406
7406
7560
7560
7560
7560
7560
7560
6792
6943
6943
7097
7097
7252
7252
7252
7406
7406
7406
7406
7406
7560
7560
7560
7560
7560
7560
7560
6792
6943
6943
7097
7097
7249
7249
7249
7403
7403
7403
7403
7557
7557
7557
7557
7557
7557
7557
7560
6789
6789
6943
7097
7097
7252
7252
7252
7406
7406
7406
7406
7406
7560
7560
7560
7560
7560
7560
7560
