6172
6326
6326
6483
6483
6483
6637
6637
6637
6637
6792
6792
6792
6792
6792
6792
6792
6789
6786
6935
6929
6926
6923
6923
6920
6917
6914
6914
6912
6909
6909
6909
6906
6906
5990
5987
6141
6292
6292
6445
6445
6596
6596
6596
6596
6749
6749
6749
6747
6747
6747
6900
6900
6900
6900
6900
6900
6900
6900
6900
6900
6900
6900
6900
6900
6900
6900
6900
4759
4913
5220
5373
5524
5831
5831
5985
6138
6289
6289
6443
6443
6596
6596
6596
6593
6747
6747
6747
6747
6747
6747
6900
6900
6900
6900
6900
6900
6900
6900
6900
6900
6900
5831
5985
5985
6136
6289
6289
6443
6443
6596
6593
6593
6593
6747
6747
6747
6747
6747
6747
6900
6900
6900
6900
6900
6900
6900
6900
6900
6900
6900
6900
6900
6900
6900
6900
6900
5220
5371
5524
5678
5829
5982
6136
6289
6292
6451
6453
6459
6615
6618
6621
6624
6780
6783
6783
6786
6786
6789
6789
6789
6792
6946
6946
6946
6946
6949
6949
6949
6949
6949
6949
6949
6334
6334
6488
6488
6488
6643
6643
6643
6643
6797
6797
6797
6797
6797
6797
6797
6797
6797
6952
6952
6952
6952
6952
6952
6952
6952
6952
6952
6952
6952
6952
6952
6952
6952
6952
6952
6952
6334
6334
6488
6488
6488
6643
6643
6643
6643
6797
6797
6797
6797
6797
6797
6797
6797
6797
6797
6952
6952
6952
6952
6952
6952
6952
6952
6952
6952
6952
6952
6952
6952
6952
6952
6952
6952
6952
6334
6334
6488
6488
6488
6643
6643
6643
6643
6797
6797
6797
6797
6797
6797
6797
6797
6797
6797
6952
6952
6952
6952
6952
6952
6952
6952
6952
6952
6952
6952
6952
6952
6952
6952
6952
6952
6952
6952
6334
6334
6488
6488
6488
6643
6643
6643
6643
6797
6797
6797
6797
6797
6797
6797
6797
6797
6797
6952
6952
6952
6952
6952
6952
6952
6952
6952
6952
6952
6952
6952
6952
6952
6952
6952
6949
6952
6952
6334
6334
6488
6488
6488
6643
6643
6643
6643
6797
6797
6797
6797
6797
6797
6797
6797
6797
6797
6952
6952
6952
6952
6952
6952
6952
6952
6952
6952
6952
6952
6952
6952
6952
6952
6952
6952
6952
6952
6952
6334
6334
6488
6488
6488
6643
6643
6643
6643
6797
6797
6797
6797
6797
6797
6797
6797
6797
6797
6952
6952
6952
6952
6952
6952
6952
6952
6952
6952
6952
6952
6952
6952
6952
6952
6952
6952
6952
6952
6952
6952
6334
6334
6488
6488
6488
6643
6643
6643
6643
6643
6797
6797
6797
6797
6797
6797
6797
6797
6797
6952
6952
6952
6952
6952
6952
6952
6952
6952
6952
6952
6952
6952
6952
6952
6952
6952
6952
6952
6952
6952
6952
6334
6334
6488
6488
6488
6643
6643
6643
6643
6797
6797
6797
6797
6797
6797
6797
6797
6797
6797
6797
6952
6952
6952
6952
6952
6952
6952
6952
6952
6952
6952
6952
6952
6952
6952
6952
6952
6952
6952
6952
6952
6952
6334
6334
6488
6488
6488
6643
6643
6643
6643
6797
6797
6797
6797
6797
6797
6797
6797
6797
6797
6952
6952
6952
6952
6952
6952
6952
6952
6952
6952
6952
6952
6952
6952
6952
6952
6952
6952
6952
6952
6952
6952
6952
6952
6334
6334
6488
6488
6488
6643
6643
6643
6643
6797
6797
6797
6797
6797
6797
6797
6797
6797
6797
6952
6952
6952
6952
6952
6952
6952
6952
6952
6952
6952
6952
6952
6952
6952
6952
6952
6952
6952
6952
6952
6952
6952
6952
6952
6334
6334
6488
6486
6486
6640
6637
6637
6637
6792
6792
6795
6795
6795
6795
6795
6795
6795
6795
6795
6949
6949
6949
6949
6949
6949
6949
6949
6949
6949
6952
6952
6952
6952
6952
6952
6952
6952
6952
6952
6952
6952
6952
6952
6334
6334
6488
6488
6488
6643
6643
6643
6643
6797
6797
6797
6797
6797
6797
6797
6797
6797
6797
6797
6952
6952
6952
6952
6952
6952
6952
6952
6952
6952
6952
6952
6952
6952
6952
6952
6952
6952
6952
6952
6952
6952
6952
6952
6952
6334
6334
6488
6488
6488
6643
6643
6643
6643
6643
6797
6797
6797
6797
6797
6797
6797
6797
6797
6952
6952
6952
6952
6949
6949
6952
6952
6949
6949
6952
6949
6952
6952
6952
6952
6952
6952
6952
6952
6952
6952
6952
6952
6952
6952
6952
6179
6334
6334
6488
6488
6643
6643
6643
6643
6643
6797
6797
6797
6797
6797
6797
6797
6797
6797
6797
6952
6952
6952
6952
6952
6952
6952
6952
6952
6952
6952
6952
6952
6952
6952
6952
6952
6952
6952
6952
6952
6952
6952
6952
6952
6952
6952
6334
6334
6488
6488
6488
6643
6643
6643
6643
6643
6797
6797
6797
6797
6797
6797
6797
6797
6797
6797
6952
6952
6952
6952
6952
6952
6952
6952
6952
6952
6952
6952
6952
6952
6952
6952
6952
6952
6952
6952
6952
6952
6952
6952
6952
6952
6952
7849
8000
8308
8458
7846
8000
8308
8458
7849
8000
8308
8458
8612
7846
8154
8308
8458
8766
7846
8154
8308
8612
8766
8000
8154
8304
8612
8766
7846
8154
8304
8612
8766
7846
8154
8304
8612
8766
8000
8154
8458
8612
8766
8000
8308
8458
8612
8766
7846
8154
8308
8458
8612
8766
8000
8308
8462
8612
8766
8000
8308
8462
8612
8766
8000
8308
8462
8612
8766
8919
8000
8308
8458
8612
8766
8919
8154
8308
8458
8612
8766
8919
8154
8308
8458
8612
8766
8919
8154
8308
8458
8612
8766
8919
8154
8308
8612
8766
8919
8919
8154
8308
8458
8612
8766
8919
7249
7403
7554
7554
7708
7862
7862
8017
8017
7249
7403
7554
7554
7708
7862
7862
8017
8017
7249
7400
7554
7708
7708
7862
7862
8017
8017
7400
7400
7554
7708
7862
7862
8017
8017
8017
7400
7400
7554
7708
7862
7862
8017
8017
8017
7246
7400
7554
7708
7708
7862
8017
8017
8017
8171
7249
7400
7554
7708
7862
7862
8017
8017
8017
8171
7249
7400
7554
7708
7708
7862
8017
8017
8017
8171
7403
7554
7554
7708
7862
7862
8017
8017
8017
8167
7400
7400
7554
7708
7862
7862
8013
8013
8013
8167
7400
7400
7554
7708
7862
7862
8017
8017
8017
8171
8171
7400
7554
7554
7708
7862
7862
8017
8017
8017
8171
8171
7400
7554
7554
7708
7862
7862
8017
8017
8013
8167
8167
7400
7554
7708
7708
7862
7862
8017
8013
8167
8167
8167
7400
7554
7708
7708
7862
7862
8017
8013
8167
8167
8167
7400
7554
7708
7708
7862
7862
8017
8017
8171
8171
8171
7403
7554
7554
7708
7862
7862
8017
8017
8171
8171
8171
8171
7403
7554
7708
7708
7862
7862
8017
8017
8171
8171
8167
8167
7400
7554
7708
7708
7862
8017
8017
8017
8167
8167
8167
8167
7400
7554
7708
7708
7862
7862
8017
8017
8171
8167
8167
8167
8322
6792
6943
6943
7097
7097
7252
7252
7252
7406
7406
7406
7406
7406
7560
6792
6946
6946
7100
7100
7255
7252
7252
7406
7406
7406
7406
7406
7560
6792
6792
6946
7100
7100
7255
7255
7255
7252
7406
7406
7406
7406
7560
7560
6792
6792
6946
7100
7100
7255
7255
7255
7255
7406
7406
7406
7406
7406
7560
6792
6946
6946
7100
7100
7255
7255
7255
7409
7406
7406
7406
7406
7560
7560
6792
6946
6946
7100
7100
7252
7252
7252
7406
7406
7406
7406
7406
7560
7560
7560
6792
6789
6943
7097
7097
7252
7252
7252
7252
7406
7406
7406
7406
7406
7560
7560
6792
6946
6946
7100
7100
7255
7255
7252
7406
7406
7406
7406
7406
7560
7560
7560
6792
6946
6946
7100
7100
7255
7255
7255
7409
7406
7406
7406
7406
7560
7560
7560
7560
6792
6946
6946
7100
7100
7255
7255
7255
7409
7409
7406
7406
7406
7560
7560
7560
7560
6792
6946
6946
7100
7100
7255
7255
7255
7406
7406
7406
7406
7406
7560
7560
7560
7560
6792
6946
6946
7100
7100
7255
7255
7255
7406
7406
7406
7406
7406
7560
7560
7560
7560
6792
6946
6946
7097
7097
7252
7252
7252
7406
7406
7406
7406
7406
7560
7560
7560
7560
7560
6792
6946
6943
7097
7097
7252
7252
7252
7406
7406
7406
7406
7406
7560
7560
7560
7560
7560
6792
6946
6946
7100
7100
7255
7255
7252
7406
7406
7406
7406
7406
7560
7560
7560
7560
7560
7560
6792
6946
6946
7100
7100
7255
7255
7255
7406
7406
7406
7406
7406
7560
7560
7560
7560
7560
7560
6792
6946
6946
7100
7100
7255
7255
7255
7409
7409
7406
7406
7406
7560
7560
7560
7560
7560
7560
6792
6946
6946
7100
7100
7255
7255
7255
7409
7406
7406
7406
7406
7560
7560
7560
7560
7560
7560
6792
6946
6943
7097
7097
7252
7252
7252
7406
7406
7406
7406
7406
7560
7560
7560
7560
7560
7560
7560
6792
6946
6946
7100
7097
7252
7252
7252
7406
7406
7406
7406
7406
7560
7560
7560
7560
7560
7560
7560
