7222
7529
7833
8140
8294
7532
7836
7990
8297
8451
7686
7840
8147
8297
8605
7689
7993
8301
8455
8605
7843
7993
8301
8455
8608
7843
8150
8301
8455
8608
7843
8150
8301
8455
8762
7843
8150
8301
8608
8762
7843
8150
8301
8608
8762
7997
8150
8301
8455
8762
8758
7843
8150
8301
8455
8608
8758
7843
8150
8301
8608
8762
8912
7997
8150
8455
8608
8762
8912
7997
8147
8455
8608
8758
8912
7997
8301
8455
8608
8758
8912
7993
8301
8455
8605
8758
8912
7993
8301
8455
8608
8758
8912
7997
8301
8455
8608
8758
8912
8150
8301
8455
8608
8758
8912
8150
8301
8455
8608
8758
8912
