462
462
617
925
1387
2156
2771
3386
3846
4306
4765
5070
5378
5683
5990
6141
5224
5531
5683
5990
6141
6294
6448
6599
6752
6906
6906
7056
7210
7210
7210
5834
5990
6297
6451
6602
6755
6755
6909
7059
7059
7213
7213
7213
7363
7363
5529
5836
5992
6297
6451
6602
6755
6755
6909
7059
7059
7213
7213
7213
7363
5529
5683
5990
6144
6297
6448
6602
6755
6906
6906
7059
7213
7213
7210
7363
7363
5683
5836
6146
6297
6451
6602
6755
6755
6906
7059
7059
7213
7213
7210
7363
7363
5376
5683
5839
6144
6297
6448
6602
6752
6906
6906
7059
7059
7210
7210
7363
7363
5529
5683
5992
6149
6305
6461
6618
6775
6929
6932
7089
7089
7243
7246
7246
7400
7400
465
465
620
620
775
775
775
930
930
929
929
929
1084
1084
1084
1084
1084
1084
1084
1084
1084
1084
1084
1239
1394
2013
2631
3249
3712
4174
4638
4945
5255
5561
5870
5407
5561
5868
6022
6177
6331
6486
6637
6792
6946
6946
7100
7100
7255
7255
7255
7409
6637
6637
6792
6946
6946
7100
7100
7255
7255
7255
7409
7406
7406
7406
7406
7560
7560
7560
6792
6792
6946
6946
7100
7100
7252
7252
7252
7406
7406
7406
7406
7406
7560
7560
7560
7560
6792
6792
6943
6943
7097
7097
7252
7252
7252
7406
7406
7406
7406
7560
7560
7560
7560
7560
6792
6792
6946
7100
7100
7100
7252
7252
7406
7406
7406
7406
7406
7560
7560
7560
7560
7560
6792
6792
6946
7100
7100
7100
7255
7255
7409
7406
7406
7406
7406
7560
7560
7560
7560
7560
7560
6792
6792
6946
7100
7100
7255
7255
7255
7409
7406
7406
7406
7406
7560
7560
7560
7560
7560
7560
6792
6792
6946
7100
7100
7255
7255
7255
7409
7406
7406
7406
7406
7560
7560
7560
7560
7560
7560
6792
6792
6946
7100
7100
7255
7252
7252
7406
7406
7406
7406
7406
7560
7560
7560
7560
7560
7560
7560
6792
6789
6943
7097
7097
7252
7252
7252
7406
7406
7406
7406
7406
7560
7560
7560
7560
7560
7560
7560
6792
6946
6946
7100
7100
7255
7255
7255
7406
7406
7406
7406
7406
7560
7560
7560
7560
7560
7560
7560
7548
7853
8161
8465
8619
7853
8161
8311
8619
8773
7853
8161
8465
8773
8927
8007
8315
8619
8773
8927
8007
8311
8619
8773
9077
8161
8311
8619
8773
9077
8161
8465
8619
8927
9077
9231
8161
8465
8619
8927
9077
9231
8161
8465
8619
8927
9077
9231
8157
8465
8773
8923
9077
9231
8311
8465
8773
8923
9077
9231
8311
8465
8773
8923
9077
9231
8311
8007
8161
8465
8619
8927
8007
8315
8619
8773
8927
9231
8161
8465
8773
8927
9077
9231
8315
8619
8773
8923
9077
9231
8311
8619
8773
8927
9231
9385
9385
8311
8619
8773
9081
9231
9385
9539
8465
8619
8927
9077
9231
9385
9539
8465
8619
8927
9077
9231
9385
9539
