7686
7993
8301
8455
8758
7689
7997
8304
8608
8762
7997
8304
8458
8762
8916
8000
8304
8612
8766
9073
8154
8308
8612
8766
9073
8154
8462
8612
8919
9073
8154
8308
8615
8766
9073
9227
8154
8462
8612
8919
9073
9227
8154
8462
8612
8919
9073
9227
8308
8462
8766
8919
9073
9227
8308
8462
8766
8919
9073
9227
8308
8462
8766
8919
9073
9227
8308
8462
8766
8919
9073
9227
8308
8615
8766
9073
9227
9377
8308
8462
8766
8919
9073
9227
8462
8615
8766
9073
9227
9377
8308
8615
8766
8919
9073
9227
9377
8308
8615
8766
8919
9227
9381
9377
8308
8612
8766
8919
9223
9377
9531
8458
8612
8919
9069
9223
9377
9531
