7237
7391
7545
7699
7699
7853
7853
8007
8007
7240
7394
7548
7702
7702
7856
7856
8010
8010
7240
7394
7548
7702
7702
7856
8010
8010
8010
7243
7397
7551
7702
7702
7856
8010
8010
8010
8164
7243
7397
7551
7705
7856
7856
8010
8010
8010
8164
7397
7397
7551
7705
7859
7856
8010
8010
8010
8164
7397
7397
7551
7705
7859
7856
8010
8010
8164
8164
7397
7551
7551
7705
7859
7856
8010
8010
8164
8164
7397
7551
7551
7705
7859
7856
8010
8010
8164
8164
8164
7397
7551
7551
7705
7859
7856
8010
8010
8164
8164
8164
7397
7551
7551
7705
7859
7856
8010
8010
8164
8164
8164
7397
7551
7705
7705
7859
7856
8010
8010
8164
8164
8164
7397
7551
7702
7702
7856
7856
8010
8010
8164
8164
8164
7397
7548
7702
7702
7856
7856
8010
8010
8164
8164
8164
8318
7397
7551
7705
7705
7856
7856
8010
8007
8161
8161
8157
8311
7394
7545
7545
7699
7853
7853
8007
8007
8161
8161
8161
8315
7394
7548
7548
7702
7856
7856
8010
8010
8164
8164
8164
8318
7397
7551
7705
7702
7856
7856
8010
8010
8164
8164
8164
8318
7397
7551
7551
7705
7859
7856
8010
8010
8164
8164
8164
8318
7397
7551
7705
7705
7856
7856
8010
8010
8164
8164
8164
8318
8318
7689
7997
8147
8455
8608
7689
7997
8147
8455
8608
7689
7997
8301
8455
8608
7843
7686
7375
7219
7219
7065
6909
6909
6752
6752
6752
4145
4452
4759
5220
5371
5524
5678
5829
5829
4452
4913
5064
5218
5371
5522
5676
5829
5827
5980
5218
5371
5522
5676
5829
5827
5980
5980
6133
6133
6287
3990
4143
4602
5064
5524
5676
5676
5829
5980
5980
4297
4757
5064
5218
5369
5522
5676
5673
5827
5980
5980
5064
5218
5369
5522
5676
5829
5827
5980
5980
6133
6133
6287
4295
4448
4602
4755
4909
5215
5676
5982
5982
6136
6136
3990
4452
4913
5064
5371
5524
5522
5676
5829
5982
5980
4757
5064
5218
5369
5522
5676
5829
5827
5980
5980
6133
6133
5524
5678
5829
5829
5982
5980
6133
6133
6287
6287
6287
6284
6440
4142
4448
4602
4909
5060
5369
5829
6136
6136
6136
6287
3990
4299
4759
5064
5218
5369
5522
5676
5676
5827
5980
4452
5066
5218
5371
5522
5676
5829
5829
5980
5980
6133
6133
5218
5371
5522
5676
5676
5829
5980
5980
6133
6133
6133
6287
6284
3070
3224
3838
4452
5066
5527
5987
465
620
620
774
929
929
929
1084
1084
1083
1238
1238
1238
1238
1238
1392
1392
1392
1392
1392
1392
1392
1392
1392
6179
6334
6334
6488
6488
6488
6643
6643
6643
6643
6797
6797
6797
6797
6797
6797
6797
6797
6952
6952
6952
6952
6952
6952
6952
6952
6952
6952
6952
6952
6952
6952
6952
6952
6179
6334
6334
6488
6488
6488
6643
6643
6643
6643
6797
6797
6797
6797
6797
6797
6797
6797
6797
6952
6952
6952
6952
6952
6952
6952
6952
6952
6952
6952
6952
6952
6952
6952
6179
6334
6334
6488
6488
6488
6643
6643
6643
6643
6797
6797
6797
6797
6797
6797
6797
6797
6797
6952
6952
6952
6952
6952
6952
6952
6952
6952
6952
6952
6952
6952
6952
6952
6952
6179
6334
6334
6488
6488
6488
6643
6643
6643
6643
6797
6797
6797
6797
6797
6797
6797
6797
6797
6952
6952
6952
6952
6949
6952
6952
6949
6952
6952
6952
6952
6952
6952
6952
6952
6952
6179
6334
6334
6488
6488
6488
6643
6643
6643
6643
6797
6797
6797
6797
6797
6797
6797
6797
6797
6952
6952
6952
6952
6952
6952
6952
6952
6952
6952
6952
6952
6952
6952
6952
6952
6952
6952
6179
6334
6334
6488
6488
6488
6643
6643
6643
6643
6797
6797
6797
6797
6797
6797
6797
6797
6797
6952
6952
6952
6952
6952
6952
6952
6952
6952
6952
6952
6952
6952
6952
6952
6952
6952
6952
6179
6334
6334
6488
6488
6488
6643
6643
6643
6643
6797
6797
6797
6797
6797
6797
6797
6797
6797
6952
6952
6952
6952
6952
6952
6952
6952
6952
6952
6952
6952
6952
6952
6952
6952
6952
6952
6952
6179
6334
6334
6488
6488
6488
6643
6643
6643
6643
6797
6797
6797
6797
6797
6797
6797
6797
6797
6952
6952
6952
6952
6952
6952
6952
6952
6952
6952
6952
6952
6952
6952
6952
6952
6952
6952
6952
6952
6179
6334
6334
6488
6488
6488
6643
6643
6643
6643
6797
6797
6797
6797
6797
6797
6797
6797
6797
6952
6952
6952
6952
6952
6952
6952
6952
6952
6952
6952
6952
6952
6952
6952
6952
6952
6952
6952
6952
6179
6334
6334
6488
6488
6488
6643
6643
6643
6643
6797
6797
6797
6797
6797
6797
6797
6797
6797
6952
6952
6952
6952
6952
6952
6952
6952
6952
6952
6952
6952
6952
6952
6952
6952
6952
6952
6952
6952
6952
6179
6334
6334
6488
6488
6488
6643
6643
6643
6643
6797
6797
6797
6797
6797
6797
6797
6797
6797
6952
6952
6952
6952
6952
6952
6952
6952
6952
6952
6952
6952
6952
6952
6952
6952
6952
6952
6952
6952
6952
6952
6179
6334
6334
6488
6488
6488
6643
6643
6643
6643
6797
6797
6797
6797
6797
6797
6797
6797
6797
6952
6952
6952
6952
6952
6952
6952
6952
6952
6952
6952
6952
6952
6952
6952
6952
6952
6952
6952
6952
6952
6952
6952
6179
6334
6334
6488
6488
6488
6643
6643
6643
6643
6797
6797
6797
6797
6797
6797
6797
6797
6797
6952
6952
6952
6952
6952
6952
6952
6952
6952
6952
6952
6952
6952
6952
6952
6952
6952
6952
6952
6952
6952
6952
6952
6179
6334
6334
6488
6488
6488
6643
6643
6643
6643
6797
6797
6797
6797
6797
6797
6797
6797
6797
6952
6952
6952
6952
6952
6952
6952
6952
6952
6952
6952
6952
6952
6952
6952
6952
6952
6952
6952
6952
6952
6952
6952
6952
6179
6334
6334
6488
6488
6488
6643
6643
6643
6643
6797
6797
6797
6797
6797
6797
6797
6797
6797
6952
6952
6952
6952
6952
6952
6952
6952
6952
6952
6952
6952
6952
6952
6952
6952
6952
6952
6952
6952
6952
6952
6952
6949
6952
6179
6334
6334
6488
6488
6488
6643
6643
6643
6643
6797
6797
6797
6795
6795
6795
6797
6797
6797
6952
6949
6952
6952
6952
6952
6949
6952
6952
6952
6949
6952
6949
6952
6949
6952
6952
6952
6952
6952
6952
6949
6949
6952
6949
6949
6179
6334
6334
6488
6488
6488
6643
6643
6643
6643
6797
6797
6797
6797
6797
6797
6797
6797
6797
6952
6952
6952
6952
6952
6952
6952
6952
6952
6952
6952
6952
6952
6952
6952
6952
6952
6952
6952
6952
6952
6952
6952
6952
6952
6949
6179
6334
6334
6488
6488
6488
6643
6643
6643
6643
6797
6795
6797
6797
6795
6797
6797
6795
6797
6952
6952
6949
6952
6949
6952
6952
6952
6952
6952
6949
6952
6949
6949
6949
6952
6952
6952
6952
6952
6952
6949
6952
6952
6952
6952
6952
6179
6334
6334
6488
6488
6488
6643
6643
6643
6643
6797
6797
6797
6797
6797
6797
6797
6797
6797
6952
6952
6952
6952
6952
6952
6952
6952
6952
6952
6952
6949
6949
6949
6949
6949
6949
6946
6949
6949
6949
6949
6949
6949
6949
6949
6949
6949
6177
6331
6331
6486
6488
6486
6643
6643
6643
6643
6797
6797
6797
6797
6797
6797
6797
6797
6797
6952
6952
6952
6952
6952
6952
6952
6952
6952
6952
6952
6952
6952
6952
6952
6952
6952
6952
6952
6952
6952
6952
6952
6952
6952
6952
6952
6952
