462
616
1232
1847
2617
3233
3695
4159
4617
4923
5228
5534
5841
5992
6297
4765
5070
5376
5683
5992
6146
6297
6451
6604
6755
6909
6909
7059
7059
7213
5376
5683
5836
6146
6297
6451
6604
6755
6909
6909
7059
7059
7213
7213
7366
5683
5839
6146
6297
6451
6602
6755
6909
6906
7059
7059
7213
7213
7366
7363
6144
6294
6602
6599
6752
6906
7059
7059
7210
7210
7210
7363
7363
7363
7363
7516
5376
5680
5987
6138
6292
6445
6599
6749
6903
6903
7056
7210
7213
7216
7366
7366
5376
5683
5990
6141
6294
6448
6599
6752
6906
6906
7059
7062
7216
7216
7369
7366
5376
5683
5834
6141
6294
6445
6599
6752
6906
6909
7062
7059
7213
7213
7366
7366
7363
5529
5683
5987
6141
6294
6445
6599
6755
6912
6909
7062
7216
7213
7213
7366
7366
7366
5376
5683
5834
6141
6294
6451
6604
6755
6909
6909
7059
7059
7213
7213
7366
7366
7363
5529
5834
5987
6144
6451
6604
6758
6755
6909
7062
7059
7213
7213
7213
7366
7363
7363
5680
5990
6146
6297
6451
6602
6755
6909
7062
7059
7213
7213
7213
7366
7363
7363
7516
7516
6294
6448
6602
6752
6752
6906
7059
7059
7210
7210
7210
7363
7363
7363
7516
7516
7516
7516
5834
6141
6292
6445
6599
6752
6903
6903
7056
7056
7210
7210
7363
7363
7363
7363
7520
7526
460
614
768
1538
2154
2925
3387
3851
4313
4777
5085
5393
5704
5858
6167
6321
6478
6632
6786
6786
6172
6326
6480
6635
6789
6943
6943
7097
7097
7252
7252
7252
7406
7406
7406
7406
7406
7560
7560
6792
6792
6943
7097
7097
7097
7252
7252
7406
7406
7406
7406
7406
7560
7560
7560
7560
7560
7560
6792
6946
6946
7097
7097
7252
7252
7252
7406
7406
7406
7406
7560
7560
7560
7560
7560
7560
7560
7560
6792
6946
6946
7100
7100
7255
7255
7252
7406
7406
7406
7406
7560
7560
7560
7560
7560
7560
7560
7560
6792
6946
6946
7100
7100
7255
7255
7255
7406
7406
7406
7406
7560
7560
7560
7560
7560
7560
7560
7560
7092
7246
7400
7554
7708
7862
7862
8017
8017
7246
7400
7400
7554
7708
7862
7862
8017
8017
7246
7400
7400
7554
7708
7862
7862
8017
8017
7246
7400
7554
7554
7708
7862
7862
8017
8013
8167
7246
7400
7554
7554
7708
7862
7862
8017
8013
8167
7246
7400
7554
7554
7708
7862
7862
8017
8017
8171
7249
7400
7554
7708
7708
7862
7862
8017
8017
8171
7249
7403
7554
7708
7708
7862
7862
8017
8017
8171
7249
7403
7554
7708
7708
7862
7862
8017
8017
8171
8171
7249
7403
7554
7708
7708
7862
7862
8017
8017
8171
8171
7249
7403
7554
7708
7708
7862
7862
8017
8017
8171
8171
7249
7403
7554
7708
7708
7862
8017
8017
8017
8171
8171
7249
7403
7554
7708
7708
7862
8017
8017
8017
8171
8171
7249
7403
7554
7708
7708
7862
8017
8017
8017
8171
8171
7249
7400
7554
7708
7862
7862
8017
8017
8017
8167
8167
8167
7246
7400
7554
7708
7862
7862
8017
8017
8017
8171
8171
8171
7403
7400
7554
7708
7862
7862
8017
8017
8017
8171
8171
8171
7403
7403
7554
7708
7862
7862
8017
8017
8171
8171
8171
8171
7403
7403
7554
7708
7862
7862
8017
8017
8017
8171
8171
8171
7403
7403
7554
7708
7862
7862
8017
8017
8017
8171
8171
8171
8325
8007
8311
8465
8773
8923
8007
8311
8619
8773
8923
8007
8311
8619
8773
8923
8007
8311
8619
8773
9077
8161
8311
8619
8773
9077
8161
8311
8465
8619
8773
8927
7853
8007
8315
8465
8619
8773
7699
8007
8161
8311
8465
8619
7699
8007
8161
8311
8465
8619
7699
8007
8161
8311
8465
8619
7699
8007
8161
8311
8465
8619
7699
8007
8161
8311
8465
8619
7853
8007
8161
8311
8465
8619
7853
8007
8161
8311
8619
8619
7699
8007
8161
8311
8465
8619
7853
7699
7699
8007
8311
8465
8769
7853
8157
8465
8619
8923
9077
9231
8157
8465
8619
8923
9077
9231
9385
8311
8619
8773
8923
9231
9385
9385
8465
8619
8773
9077
9231
9385
9539
