462
616
924
1693
2461
3384
3998
3692
3998
4458
4763
5068
5222
5373
5680
5831
4454
4759
5066
5218
5371
5676
5829
5982
5680
5831
5985
6138
6289
6289
6443
6440
6440
4759
5064
5218
5522
5676
5829
6136
6443
462
615
923
1539
2153
2922
3537
3843
4148
4456
3073
3074
3380
3687
4147
4454
4606
4913
5066
5218
5371
4454
4759
4913
5066
5218
5371
5524
5678
5829
5829
5982
5982
5373
5527
5678
5678
5831
5985
5982
5982
6136
6136
6289
6289
5527
5987
6448
6912
7219
6764
7071
7378
7686
7990
8144
7382
7689
7843
8147
8301
8608
7692
7843
8150
8304
8608
8762
7846
8000
8304
8458
8612
8762
7846
8154
8304
8458
8612
8762
7846
8154
8304
8458
8766
8762
7846
8154
8304
8458
8766
8916
8000
8154
8304
8612
8766
8916
8000
8154
8458
8612
8766
8916
8000
8154
8458
8612
8766
8916
6635
6789
6943
6943
7097
7097
7252
7252
7252
7406
7406
7406
7406
7406
7560
6637
6789
6943
6943
7097
7097
7252
7252
7252
7406
7406
7406
7406
7406
7560
6637
6792
6946
6946
7100
7100
7255
7255
7252
7406
7406
7406
7406
7406
7560
6637
6792
6946
6946
7100
7100
7255
7255
7255
7406
7406
7406
7406
7560
7560
6637
6792
6946
6946
7100
7100
7255
7255
7255
7409
7409
7406
7406
7560
7560
7560
6792
6792
6946
6946
7100
7100
7255
7255
7255
7409
7409
7406
7406
7560
7560
7560
6792
6792
6946
6946
7100
7100
7255
7255
7252
7406
7406
7406
7406
7560
7560
7560
6637
6792
6946
6943
7097
7097
7252
7252
7252
7406
7406
7406
7406
7560
7560
7560
7560
6792
6792
6943
6943
7097
7097
7252
7252
7252
7406
7406
7406
7406
7560
7560
7560
7560
6792
6792
6946
6946
7100
7100
7255
7252
7252
7406
7406
7406
7406
7560
7560
7560
7560
6792
6792
6946
7100
7100
7255
7255
7255
7409
7409
7406
7406
7406
7560
7560
7560
7560
7560
6792
6792
6946
7100
7100
7100
7255
7255
7255
7409
7406
7406
7406
7560
7560
7560
7560
7560
6792
6792
6946
7100
7100
7255
7255
7255
7409
7409
7406
7406
7406
7560
7560
7560
7560
7560
6792
6792
6946
7100
7100
7255
7255
7255
7409
7409
7406
7406
7406
7560
7560
7560
7560
7560
7560
6792
6792
6946
7100
7100
7252
7252
7252
7406
7406
7406
7406
7406
7560
7560
7560
7560
7560
7560
6792
6792
6946
7097
7097
7252
7252
7252
7406
7406
7406
7406
7406
7560
7560
7560
7560
7560
7560
6792
6792
6946
7100
7100
7255
7255
7255
7409
7409
7406
7406
7406
7560
7560
7560
7560
7560
7560
6792
6792
6946
7100
7100
7255
7255
7255
7409
7409
7409
7406
7406
7560
7560
7560
7560
7560
7560
7560
6792
6946
6946
7100
7100
7252
7246
7243
7391
7388
7385
7382
7532
7529
7529
7529
7526
7523
7523
7676
5070
5380
5685
5839
6144
6294
6448
6602
6752
6906
6906
7059
7059
7213
7210
7363
7363
7363
7360
7513
