6626
6780
6783
6937
7092
7092
7092
7246
7246
7400
7400
7400
7400
7400
7554
6632
6786
6786
6940
7095
7095
7249
7249
7249
7403
7403
7403
7403
7403
7557
6632
6786
6786
6940
7095
7095
7095
7249
7249
7403
7403
7403
7403
7403
7557
6632
6786
6786
6940
7095
7095
7095
7246
7240
7388
7385
7378
7529
7526
7523
4759
5066
5371
5678
5829
6133
6287
6437
6591
6744
6894
6894
7047
7047
7201
7198
6133
6440
6591
6591
6744
6897
7047
7047
7201
7201
7201
7354
7351
7351
7504
7504
5977
6284
6437
6588
6741
6741
6894
7047
7047
7198
7198
7198
7351
7351
7351
7504
5829
5985
6297
6453
6610
6613
6769
6926
6929
7083
7086
7240
7243
7397
7397
7400
7400
6632
6786
6786
6940
7095
7095
7095
7252
7252
7406
7406
7406
7406
7406
7560
7560
7560
6792
6792
6946
7097
7097
7097
7252
7252
7406
7406
7406
7406
7406
7560
7560
7560
7560
6792
6792
6946
7100
7100
7255
7255
7255
7406
7406
7406
7406
7406
7560
7560
7560
7560
7560
6792
6792
6946
7100
7100
7255
7255
7255
7406
7406
7406
7406
7406
7560
7560
7560
7560
7560
6792
6792
6946
7100
7100
7255
7255
7255
7406
7406
7406
7406
7406
7560
7560
7560
7560
7560
6792
6946
6943
7097
7097
7252
7252
7252
7406
7406
7406
7406
7406
7560
7560
7560
7560
7560
6792
6792
6946
7100
7100
7252
7252
7252
7406
7406
7406
7406
7406
7560
7560
7560
7560
7560
7560
6792
6946
6946
7100
7100
7255
7255
7255
7406
7406
7406
7406
7406
7560
7560
7560
7560
7560
7560
6792
6946
6946
7100
7100
7255
7255
7255
7409
7406
7406
7406
7406
7560
7560
7560
7560
7560
7560
6792
6946
6946
7100
7100
7255
7255
7255
7406
7406
7406
7406
7406
7560
7560
7560
7560
7560
7560
7560
6792
6946
6943
7097
7097
7252
7252
7252
7406
7406
7406
7406
7406
7560
7560
7560
7560
7560
7560
7560
6789
6943
6943
7097
7097
7252
7252
7252
7406
7406
7406
7406
7406
7560
7560
7560
7560
7560
7560
7560
