6629
6783
6937
6937
7092
7092
7240
7237
7231
7382
7378
7372
7523
7523
4757
5066
5371
5676
5829
6133
6287
6437
6591
6744
6894
6894
7047
7047
7198
5827
5980
6131
6437
6588
6741
6741
6894
7044
7044
7198
7198
7351
7351
7351
5980
6133
6284
6591
6588
6741
6894
7047
7047
7198
7198
7198
7351
7351
7351
6131
6284
6435
6588
6741
6894
6891
7044
7198
7198
7198
7351
7351
7351
7504
7501
5977
6131
6284
6435
6588
6741
6894
7044
7044
7198
7198
7198
7351
7351
7348
7501
5827
5977
6131
6437
6588
6741
6741
6891
7044
7044
7198
7198
7351
7351
7351
7351
5671
5977
6131
6281
6588
6588
6741
6891
7044
7044
7198
7198
7351
7348
7348
7348
5671
5824
6128
6281
6435
6585
6738
6891
6891
7044
7198
7198
7198
7351
7348
7348
7501
5518
5824
6128
6281
6435
6588
6738
6891
6891
7044
7044
7198
7198
7351
7348
7348
7501
5367
5678
5834
6146
6302
6459
6615
6772
6775
6929
7086
7086
7243
7243
7246
7400
7400
7400
461
614
768
1536
2150
2763
3377
3990
4450
4755
5062
5367
5673
5980
6131
6284
6437
6591
6744
3836
4145
4450
4911
5215
5522
5829
5980
6287
6440
6591
6744
6744
6897
7050
7050
7204
7204
6289
6443
6593
6747
6900
7050
7050
7204
7204
7204
7357
7357
7354
7507
7507
7507
7507
7507
6593
6747
6900
7053
7050
7204
7204
7204
7354
7354
7354
7507
7507
7507
7507
7507
7507
7660
7660
6443
6596
6747
6900
7053
7050
7204
7204
7204
7357
7357
7357
7507
7507
7507
7507
7507
7507
7660
6443
6593
6747
6900
7050
7050
7204
7204
7204
7357
7357
7357
7507
7507
7507
7507
7507
7507
7660
6593
6747
6747
6897
7050
7050
7204
7201
7354
7354
7354
7354
7507
7507
7507
7507
7507
7507
7660
6440
6599
6604
6761
6917
6920
7077
7080
7237
7237
7394
7394
7397
7397
7554
7554
7554
7554
7557
7557
6789
6943
6943
7097
7097
7252
7252
7252
7406
7406
7406
7406
7560
7560
7560
7560
7560
7560
7560
7560
7095
7249
7400
7554
7708
7862
7862
8017
8017
7095
7249
7400
7554
7708
7862
7862
8017
8017
7249
7403
7400
7554
7708
7862
7862
8017
8017
7249
7403
7400
7554
7708
7862
7862
8017
8017
8171
7249
7403
7557
7554
7708
7862
7862
8017
8017
8171
7249
7400
7554
7554
7708
7862
7862
8017
8017
8167
7246
7400
7554
7708
7708
7862
7862
8017
8017
8167
7246
7400
7554
7708
7708
7862
7862
8017
8013
8167
7246
7400
7554
7708
7708
7862
7862
8017
8017
8171
8171
7249
7403
7554
7708
7708
7862
7862
8017
8017
8171
8171
7249
7403
7554
7708
7708
7862
7862
8017
8017
8171
8171
7249
7400
7554
7708
7708
7862
7862
8017
8017
8171
8171
7249
7403
7554
7708
7708
7862
7862
8017
8017
8171
8171
7249
7403
7554
7708
7708
7862
8017
8017
8017
8171
8171
7249
7403
7554
7708
7708
7862
8017
8017
8017
8171
8171
8171
7249
7403
7554
7708
7708
7862
8017
8017
8017
8171
8171
8171
7249
7403
7554
7708
7862
7862
8017
8017
8017
8171
8167
8167
7400
7554
7554
7708
7862
7862
8017
8017
8167
8167
8167
8167
7400
7400
7554
7708
7862
7862
8017
8017
8171
8171
8171
8171
7400
7400
7554
7708
7862
7862
8017
8017
8017
8167
8167
8167
8322
6179
6334
6334
6488
6488
6488
6643
6643
6643
6643
6797
6797
6797
6797
6797
6797
6797
6797
6797
6952
6952
6952
6952
6952
6952
6952
6952
6952
6952
6952
6952
6952
6952
6952
6179
6334
6334
6488
6488
6488
6643
6643
6643
6643
6797
6797
6797
6797
6797
6797
6797
6797
6797
6952
6952
6952
6952
6952
6952
6952
6952
6952
6952
6952
6952
6952
6952
6952
6179
6334
6334
6488
6488
6488
6643
6643
6643
6643
6797
6797
6797
6797
6797
6797
6797
6797
6797
6952
6952
6952
6952
6952
6952
6952
6949
6952
6952
6949
6952
6952
6952
6952
6949
6179
6334
6334
6488
6488
6488
6643
6643
6643
6643
6797
6797
6797
6797
6797
6797
6797
6797
6797
6952
6952
6952
6952
6952
6952
6952
6952
6952
6952
6952
6952
6952
6952
6952
6952
6952
6179
6334
6334
6488
6488
6488
6643
6643
6643
6643
6797
6797
6797
6797
6797
6797
6797
6797
6797
6952
6952
6952
6952
6952
6952
6952
6952
6949
6949
6949
6952
6949
6949
6949
6949
6949
6949
6179
6334
6334
6488
6488
6488
6643
6643
6643
6643
6797
6797
6797
6797
6797
6797
6797
6797
6797
6952
6952
6952
6952
6952
6952
6952
6952
6949
6949
6949
6952
6949
6952
6952
6949
6949
6952
6179
6334
6334
6488
6488
6488
6643
6643
6643
6643
6797
6795
6797
6795
6797
6797
6797
6797
6797
6952
6952
6952
6952
6952
6952
6952
6952
6952
6952
6952
6952
6952
6952
6952
6952
6952
6952
6952
6179
6334
6334
6488
6488
6488
6643
6643
6643
6643
6797
6797
6797
6797
6797
6797
6797
6797
6797
6952
6952
6952
6952
6952
6952
6952
6952
6949
6952
6952
6952
6952
6952
6952
6952
6952
6952
6952
6952
6179
6334
6334
6488
6488
6488
6643
6643
6643
6643
6797
6797
6797
6797
6797
6797
6797
6797
6797
6952
6952
6952
6952
6952
6952
6952
6952
6952
6952
6952
6952
6952
6952
6952
6952
6952
6952
6952
6952
6179
6334
6334
6488
6488
6488
6643
6643
6643
6643
6797
6797
6797
6797
6795
6797
6797
6797
6797
6952
6952
6952
6952
6952
6952
6952
6952
6952
6952
6952
6952
6952
6952
6952
6952
6952
6952
6952
6952
6952
6179
6334
6334
6488
6488
6488
6643
6643
6643
6643
6797
6797
6797
6797
6797
6797
6797
6797
6797
6952
6952
6952
6952
6952
6952
6949
6949
6949
6952
6952
6952
6952
6952
6952
6952
6952
6952
6952
6952
6952
6952
6179
6334
6334
6488
6488
6488
6643
6643
6643
6643
6797
6797
6797
6797
6797
6797
6797
6797
6797
6952
6952
6952
6952
6952
6952
6949
6949
6949
6952
6949
6949
6952
6952
6952
6949
6952
6952
6952
6952
6952
6949
6949
6179
6334
6334
6488
6488
6488
6643
6643
6643
6643
6797
6797
6797
6797
6797
6797
6797
6797
6797
6952
6952
6952
6952
6952
6952
6952
6952
6952
6952
6952
6952
6952
6952
6952
6952
6952
6952
6952
6952
6952
6952
6952
6179
6334
6334
6488
6488
6488
6643
6643
6643
6643
6797
6797
6797
6797
6797
6795
6797
6795
6795
6952
6952
6952
6952
6952
6952
6952
6952
6952
6952
6952
6952
6952
6952
6952
6952
6952
6952
6952
6952
6952
6952
6952
6952
6179
6334
6334
6488
6488
6488
6643
6643
6643
6643
6797
6797
6797
6797
6797
6797
6797
6797
6797
6952
6952
6952
6952
6952
6952
6952
6952
6952
6952
6952
6952
6952
6952
6952
6949
6952
6949
6949
6952
6952
6952
6952
6952
6952
6179
6334
6334
6488
6488
6488
6643
6643
6643
6643
6797
6797
6797
6797
6797
6797
6797
6797
6797
6952
6952
6952
6952
6952
6952
6952
6952
6952
6952
6952
6952
6952
6952
6952
6952
6952
6952
6952
6952
6952
6952
6952
6952
6952
6952
6179
6334
6334
6488
6488
6488
6643
6643
6643
6643
6797
6797
6797
6797
6797
6797
6797
6797
6797
6952
6952
6952
6952
6952
6952
6952
6952
6952
6952
6952
6952
6952
6952
6952
6952
6952
6949
6949
6949
6949
6949
6949
6949
6949
6949
6177
6331
6331
6486
6486
6486
6640
6640
6640
6640
6795
6795
6795
6795
6795
6795
6795
6795
6795
6949
6952
6952
6952
6952
6952
6949
6952
6949
6952
6949
6952
6949
6952
6952
6949
6952
6952
6952
6949
6952
6952
6952
6949
6949
6952
6952
6179
6334
6334
6488
6488
6488
6643
6643
6643
6643
6797
6797
6797
6797
6797
6797
6797
6797
6797
6952
6952
6952
6952
6952
6952
6952
6952
6952
6952
6952
6949
6952
6952
6952
6949
6952
6949
6949
6949
6952
6949
6952
6952
6949
6949
6949
6949
6179
6334
6334
6488
6488
6488
6643
6643
6643
6643
6797
6797
6797
6797
6797
6797
6797
6797
6797
6952
6952
6952
6952
6952
6952
6952
6952
6952
6952
6952
6952
6952
6952
6949
6952
6952
6952
6952
6952
6949
6952
6949
6952
6952
6952
6952
6952
