462
616
925
1542
2313
3083
3698
4313
4771
5231
4154
4152
4611
5070
5529
5834
6141
6448
6755
6149
6453
6758
6909
7062
7213
7363
7516
7670
5680
5985
6292
6602
6752
7059
7210
7363
7513
7667
5680
5985
6292
6596
6749
7053
7207
7366
7516
7670
5529
5834
6138
6445
6749
6903
7056
7360
7360
7513
6752
7059
7210
7363
7513
7667
7667
7820
7817
7970
4915
5068
5378
5841
6149
6453
6604
6909
7062
7213
5376
5683
5987
6292
6599
6749
7059
7216
7366
7520
7670
5834
6141
6445
6752
6903
7056
7363
7360
7513
7667
7820
6906
7059
7210
7363
7516
7667
7820
7820
7973
7970
8123
6138
6445
6596
6906
7059
7213
7363
7516
7670
7820
7820
5680
5985
6292
6596
6903
7056
7210
7363
7520
7670
7670
5834
6141
6445
6749
6903
7056
7207
7360
7513
7667
7820
7062
7213
7366
7516
7670
7667
7820
7973
7970
7970
8123
6138
6443
6596
6903
7059
7210
7363
7516
7667
7820
7820
7970
6138
6289
6596
6903
7053
7207
7360
7513
7667
7667
7820
7973
5834
6138
6445
6596
6903
7056
7207
7360
7513
7667
7820
7823
5987
6294
6599
6752
7056
7210
7363
7513
7667
7667
7820
7970
6292
6448
6752
6906
7210
7363
7516
7513
7667
7820
7820
7970
7970
8007
8311
8619
8773
8923
8007
8311
8619
8773
8923
8007
8311
8619
8773
9077
8161
8311
8619
8773
9077
8161
8465
8619
8927
9077
8161
8465
8619
8927
9077
8161
8465
8619
8927
9077
9231
8161
8465
8773
8927
9077
9231
8315
8465
8773
8927
9077
9231
8315
8465
8773
8927
9077
9231
8315
8465
8773
8927
9077
9231
8315
8619
8773
8927
9231
9385
8311
8619
8773
8923
9231
9385
8311
8619
8773
9077
9231
9385
8311
8619
8773
9077
9231
9385
8465
8619
8769
9077
9231
9385
8465
8619
8923
9077
9231
9385
9535
8465
8619
8923
9077
9231
9385
9539
8465
8619
8927
9077
9231
9385
9539
8465
8773
8927
9077
9231
9385
9539
6637
6792
6946
6943
7097
7097
7252
7252
7252
7406
7406
7406
7406
7560
7560
6637
6789
6943
6943
7097
7097
7252
7252
7252
7406
7406
7406
7406
7560
7560
6637
6792
6946
6946
7097
7097
7252
7252
7252
7406
7406
7406
7406
7560
7560
6637
6789
6943
6943
7097
7097
7252
7252
7252
7406
7406
7406
7406
7560
7560
6637
6789
6943
6943
7097
7097
7252
7252
7252
7406
7406
7406
7406
7560
7560
7560
6637
6789
6943
6943
7097
7097
7252
7252
7252
7406
7406
7406
7406
7560
7560
7560
6792
6792
6946
6946
7100
7100
7255
7252
7252
7406
7406
7406
7406
7560
7560
7560
6792
6792
6946
7100
7100
7100
7255
7252
7252
7406
7406
7406
7406
7560
7560
7560
7560
6792
6789
6943
7097
7097
7097
7252
7252
7406
7406
7406
7406
7406
7560
7560
7560
7560
6792
6792
6946
7100
7097
7097
7252
7252
7406
7406
7406
7406
7406
7560
7560
7560
7560
6789
6789
6943
7097
7097
7252
7252
7252
7406
7406
7406
7406
7406
7560
7560
7560
7560
7560
6792
6792
6946
7100
7100
7255
7255
7255
7406
7406
7406
7406
7406
7560
7560
7560
7560
7560
6792
6792
6946
7100
7100
7255
7255
7255
7406
7406
7406
7406
7406
7560
7560
7560
7560
7560
6792
6946
6946
7100
7100
7255
7255
7255
7406
7406
7406
7406
7406
7560
7560
7560
7560
7560
6792
6946
6946
7097
7097
7252
7252
7252
7406
7406
7406
7406
7560
7560
7560
7560
7560
7560
7560
6792
6946
6946
7100
7097
7252
7252
7252
7406
7406
7406
7406
7406
7560
7560
7560
7560
7560
7560
6792
6946
6946
7100
7100
7255
7252
7252
7406
7406
7406
7406
7406
7560
7560
7560
7560
7560
7560
6792
6946
6946
7100
7100
7255
7255
7255
7406
7406
7406
7406
7560
7560
7560
7560
7560
7560
7560
7560
6792
6946
6946
7100
7100
7255
7255
7252
7406
7406
7406
7406
7406
7560
7560
7560
7560
7560
7560
7560
6792
6946
6946
7100
7100
7255
7255
7252
7406
7406
7406
7406
7406
7560
7560
7560
7560
7560
7560
7560
7542
7846
8154
8308
8458
7542
7846
8154
8308
8612
7696
7846
8154
8308
8612
7696
8000
8154
8462
8612
7696
8000
8154
8462
8612
7696
8000
8308
8462
8612
7696
8000
8308
8458
8612
7849
8000
8308
8458
8612
7849
8000
8308
8458
8612
7849
8000
8308
8458
8612
7846
8000
8308
8458
8612
8766
7846
8154
8304
8458
8612
8766
7846
8154
8304
8458
8766
8919
7846
8154
8308
8612
8766
8919
7846
8154
8308
8612
8766
8919
8000
8154
8308
8612
8766
8919
8000
8154
8462
8612
8766
8919
8000
8154
8462
8612
8766
8919
8000
8154
8462
8612
8766
8919
8000
8308
8462
8612
8766
8919
