6172
6172
6326
6326
6480
6480
6637
6637
6637
6637
6792
6792
6789
6783
6778
6772
6923
6920
6917
6914
6912
6909
6909
6906
6906
6903
6903
6900
6900
6900
6900
6897
6897
5522
5676
5827
5980
6133
6131
6284
6437
6437
6437
6591
6588
6588
6741
6741
6741
6741
6741
6894
6894
6894
6894
6894
6894
6894
6894
6894
6894
6894
6894
6894
6894
6894
6894
4757
5062
5215
5522
5673
5827
5980
6133
6133
6284
6284
6437
6437
6591
6591
6591
6744
6744
6741
6741
6741
6894
6894
6894
6894
6894
6894
6894
6894
6894
6894
6894
6894
6894
5827
5980
5980
6133
6287
6284
6437
6437
6591
6591
6591
6741
6741
6741
6741
6741
6894
6894
6894
6894
6894
6894
6894
6894
6894
6894
6894
6894
6894
6894
6894
6894
6894
6894
6894
4909
5220
5378
5534
5690
5848
6005
6159
6161
6318
6321
6475
6478
6632
6632
6635
6635
6789
6789
6792
6792
6792
6792
6792
6795
6949
6949
6949
6949
6949
6949
6949
6949
6949
6949
6949
1228
1995
2609
3069
3528
3988
4293
4600
4907
5213
5364
5518
5671
5824
5977
6131
6284
6281
6435
6435
6588
6588
6588
6588
6741
6741
6741
6741
6741
6894
6894
6894
6894
6894
6894
6894
6894
4909
5218
5369
5522
5676
5827
5980
6133
6284
6284
6437
6437
6591
6588
6591
6744
6744
6741
6741
6741
6894
6894
6894
6894
6894
6894
6894
6894
6894
6894
6894
6894
6894
6894
6894
6894
6894
6894
4600
4909
5215
5367
5520
5673
5827
5980
6131
6284
6284
6437
6437
6591
6591
6588
6741
6744
6744
6744
6741
6894
6894
6894
6894
6894
6894
6894
6894
6894
6894
6894
6894
6894
6894
6894
6894
6894
5673
5827
5980
6131
6131
6284
6284
6437
6440
6599
6604
6607
6613
6769
6772
6775
6778
6780
6780
6783
6937
6940
6940
6943
6943
6943
6946
6946
6946
6946
6946
6949
6949
6949
6949
6949
6949
6949
6949
1230
1998
2458
3073
3532
3993
4299
4606
4913
5064
5371
5524
5678
5829
5982
6136
6289
6289
6443
6443
6596
6596
6593
6593
6747
6749
6749
6747
6747
6900
6900
6900
6900
6900
6900
6900
6900
6900
6900
6900
5373
5527
5680
5831
5985
6138
6138
6292
6443
6443
6443
6596
6596
6596
6749
6749
6747
6747
6749
6903
6903
6903
6900
6900
6900
6900
6900
6900
6903
6903
6900
6900
6900
6900
6900
6900
6900
6903
6903
6903
6903
4452
4761
5068
5220
5527
5680
5834
5985
6138
6138
6292
6445
6443
6443
6596
6596
6596
6749
6749
6749
6749
6749
6903
6903
6903
6900
6900
6900
6900
6900
6903
6903
6903
6900
6900
6900
6900
6900
6900
6900
6903
1381
1994
2606
3066
3525
3985
4291
4596
4902
5209
5362
5515
5819
5819
5972
6126
6279
6279
6432
6432
6585
6585
6585
6738
6738
6738
6735
6735
6891
6891
6891
6891
6891
6891
6891
6891
6891
6888
6891
6891
6891
6891
4446
4753
4907
5213
5364
5671
5824
5977
5975
6128
6281
6281
6435
6432
6585
6585
6585
6738
6738
6738
6738
6738
6891
6891
6891
6891
6891
6891
6891
6891
6891
6891
6891
6888
6888
7042
7042
7042
7042
7042
7042
7042
5977
6131
6131
6281
6435
6435
6435
6585
6585
6585
6738
6738
6738
6738
6891
6891
6891
6888
6888
6888
6888
6888
6888
6888
6888
6888
6888
6888
7042
7042
7042
7047
7056
6909
6912
6917
6920
6923
6929
6932
6932
6935
6937
6323
6478
6480
6480
6635
6637
6637
6637
6792
6792
6795
6795
6795
6795
6795
6949
6949
6949
6949
6949
6949
6949
6949
6949
6949
6949
6952
6952
6952
6952
6952
6952
6952
6952
6952
6952
6952
6952
6952
6952
6952
6952
6952
6952
6334
6488
6488
6488
6643
6643
6643
6643
6797
6797
6797
6797
6797
6797
6797
6797
6952
6952
6952
6949
6949
6949
6949
6949
6949
6949
6949
6949
6949
6949
6949
6949
6949
6949
6949
6949
6949
6949
6949
6949
6949
6949
6949
6949
6949
6331
6331
6486
6486
6640
6640
6640
6640
6795
6795
6795
6795
6795
6795
6795
6797
6952
6952
6952
6952
6952
6952
6952
6952
6952
6952
6952
6952
6952
6952
6952
6952
6952
6952
6952
6952
6952
6952
6952
6952
6952
6952
6952
6952
6952
6952
6334
6334
6488
6488
6643
6643
6643
6643
6797
6797
6797
6797
6797
6797
6797
6797
6952
6952
6952
6952
6952
6952
6952
6952
6952
6952
6952
6952
6952
6952
6952
6952
6952
6952
6952
6952
6952
6952
6952
6952
6952
6952
6952
6952
6952
6952
6952
6334
6334
6488
6488
6643
6643
6643
6643
6797
6797
6797
6797
6797
6797
6797
6797
6952
6949
6949
6949
6949
6949
6949
6949
6949
6949
6949
6949
6949
6949
6949
6949
6949
6949
6949
6949
6949
6952
6952
6952
6952
6952
6952
6952
6952
6952
6952
