6783
6783
6937
7092
7092
7246
7246
7246
7400
7400
7400
7400
7400
7554
7554
6632
6786
6940
6940
7095
7095
7249
7249
7249
7403
7403
7403
7403
7403
7557
6786
6786
6940
7095
7095
7095
7249
7249
7249
7403
7403
7403
7403
7557
7557
6786
6786
6940
7095
7095
7249
7249
7249
7403
7403
7403
7403
7403
7557
7557
6786
6940
6940
7095
7095
7249
7249
7249
7403
7403
7403
7403
7403
7557
7557
7557
6786
6940
6940
7095
7095
7249
7249
7249
7403
7403
7403
7403
7403
7557
7557
7557
6786
6940
6940
7095
7095
7249
7249
7249
7403
7403
7403
7403
7403
7557
7557
7557
6786
6940
6940
7095
7095
7249
7249
7249
7403
7403
7403
7403
7403
7557
7557
7554
7554
6786
6940
6940
7095
7095
7249
7249
7249
7403
7403
7403
7403
7397
7545
7542
7538
7532
5997
6149
6453
6604
6602
6752
6906
7056
7056
7210
7207
7207
7360
7360
7360
7360
7513
4604
4911
5218
5524
5829
5982
6289
6440
6593
6747
6744
6897
7050
7050
7204
7204
7201
5982
6136
6289
6440
6593
6747
6900
6897
7050
7050
7204
7204
7357
7354
7354
7354
7507
7507
4448
4450
4757
5215
5522
5676
5980
6133
6287
6440
6593
6744
6897
7050
7050
7204
7204
7204
6289
6443
6593
6747
6747
6897
7050
7050
7204
7204
7204
7354
7354
7354
7507
7507
7507
7507
6292
6443
6596
6749
6747
6900
7053
7050
7204
7204
7204
7357
7357
7357
7510
7507
7507
7507
5831
5985
6289
6443
6593
6747
6900
6897
7050
7050
7204
7204
7357
7357
7354
7354
7507
7507
7507
6440
6593
6747
6744
6897
7050
7050
7204
7204
7201
7354
7354
7354
7507
7507
7507
7507
7507
7507
6440
6593
6744
6744
6897
7050
7050
7204
7201
7201
7354
7360
7366
7369
7529
7532
7535
7538
7542
7542
460
614
767
1535
2302
2914
3528
3986
4446
4751
5211
5518
5668
5975
6128
6281
6432
6585
6738
6891
6891
4751
5060
5364
5671
5822
6128
6281
6435
6585
6738
6891
6891
7044
7044
7198
7198
7351
7351
7351
7351
