462
617
617
925
1388
2311
2925
3694
4152
4765
5224
3996
4302
4763
5222
5680
5987
6294
6602
6752
5222
5527
5834
6138
6445
6749
6903
7056
7207
6141
6448
6602
6906
7059
7210
7363
7516
7667
7820
5680
5985
6292
6596
6749
7056
7213
7366
7520
7670
5987
6294
6599
6752
6903
7210
7360
7513
7513
7664
5985
6294
6602
6752
7059
7210
7363
7516
7667
7667
5678
6138
6289
6596
6903
7053
7207
7363
7516
7670
5680
5985
6292
6596
6749
6903
7207
7360
7513
7667
7664
6292
6602
6755
7062
7213
7366
7516
7670
7670
7820
7820
5222
5527
5834
6138
6445
6752
6909
7062
7219
7375
7532
461
615
923
1846
2615
3229
3843
4302
4761
5068
5527
5831
5985
4606
5066
5371
5678
5982
6289
6443
6593
6747
6900
7053
7204
7204
5982
6294
6604
6761
7071
7225
7382
7538
7538
7696
7849
7086
7240
7394
7548
7548
7702
7856
7856
8010
8013
8167
8167
7246
7400
7554
7705
7705
7859
8013
8013
8013
8167
8167
8167
7400
7400
7554
7708
7862
7862
8017
8013
8167
8167
8167
8167
7400
7554
7554
7708
7862
7862
8017
8017
8171
8171
8171
8171
7403
7554
7554
7708
7862
7862
8017
8017
8171
8171
8167
8167
7400
7554
7554
7708
7862
7862
8017
8017
8167
8167
8167
8167
8322
7542
7846
8154
8304
8458
7542
7846
8154
8304
8612
7696
7846
8154
8304
8612
7696
8000
8154
8462
8612
7696
8000
8154
8462
8612
7696
8000
8154
8462
8612
7696
8000
8308
8462
8612
7849
8000
8308
8462
8612
7849
8000
8308
8462
8612
7849
8000
8308
8462
8612
8766
7849
8000
8308
8462
8612
8766
7849
8000
8308
8462
8612
8766
7849
8154
8308
8462
8612
8766
7849
8154
8308
8458
8766
8919
7849
8154
8308
8612
8766
8919
8000
8154
8308
8612
8766
8919
8000
8154
8308
8612
8766
8919
8000
8154
8462
8612
8766
8919
8000
8154
8458
8612
8766
8919
8000
8154
8458
8612
8766
8916
8007
8311
8465
8773
8923
8007
8311
8619
8773
8923
8007
8311
8619
8773
9077
8007
8311
8619
8773
9077
8161
8311
8619
8927
9077
8161
8465
8619
8927
9077
8161
8465
8619
8923
9077
9231
8157
8465
8619
8923
9077
9231
8157
8465
8773
8923
9077
9231
8311
8465
8773
8923
9077
9231
8311
8465
8773
8923
9077
9231
8315
8465
8773
8927
9077
9231
8315
8465
8773
8927
9077
9231
8315
8619
8773
8927
9077
9231
8311
8619
8773
8927
9231
9385
8311
8619
8773
9077
9231
9385
8315
8619
8773
9081
9231
9385
9539
8311
8619
8773
9077
9231
9385
9539
8465
8619
8927
9077
9231
9385
9539
8465
8619
8927
9077
9231
9385
9539
