7240
7394
7548
7702
7702
7856
7856
8010
8010
7240
7394
7548
7702
7702
7856
7856
8010
8010
7243
7397
7551
7705
7705
7856
7856
8010
8010
7243
7397
7551
7705
7705
7859
7856
8010
8010
8164
7243
7397
7551
7705
7705
7859
8013
8010
8010
8164
7243
7397
7551
7705
7705
7859
8013
8010
8010
8164
7243
7397
7551
7705
7859
7859
8013
8010
8010
8164
7243
7397
7551
7705
7859
7859
8013
8010
8010
8164
7397
7397
7551
7702
7856
7856
8010
8010
8010
8164
8164
7397
7397
7551
7702
7856
7856
8010
8010
8164
8164
8164
7397
7551
7551
7705
7859
7859
8010
8010
8164
8164
8164
7397
7551
7551
7705
7859
7859
8010
8010
8164
8164
8164
7397
7551
7551
7705
7859
7859
8013
8010
8164
8164
8164
7397
7551
7551
7705
7859
7859
8010
8010
8164
8164
8164
8164
7397
7551
7705
7705
7859
7859
8013
8010
8164
8164
8164
8318
7397
7551
7705
7705
7859
7859
8013
8010
8164
8164
8164
8318
7397
7551
7705
7705
7859
7859
8013
8010
8164
8164
8164
8318
7397
7551
7705
7705
7859
7859
8013
8010
8164
8164
8164
8318
7397
7551
7705
7702
7856
7856
8010
8010
8164
8164
8164
8318
7397
7551
7702
7702
7856
7856
8010
8010
8164
8164
8164
8318
8318
6329
6329
6483
6483
6483
6637
6637
6637
6637
6792
6792
6792
6792
6792
6792
6792
6792
6792
6946
6946
6946
6946
6946
6946
6946
6946
6946
6946
6946
6946
6946
6946
6946
6946
6331
6331
6331
6486
6483
6640
6637
6637
6637
6792
6792
6792
6792
6792
6792
6792
6792
6792
6946
6946
6946
6946
6946
6946
6946
6946
6946
6946
6946
6946
6946
6946
6946
6946
6331
6331
6486
6483
6483
6637
6637
6637
6637
6792
6792
6792
6792
6792
6792
6792
6792
6792
6946
6946
6946
6946
6946
6946
6946
6946
6946
6946
6946
6946
6946
6946
6946
6946
6946
6331
6331
6486
6486
6486
6640
6640
6640
6637
6795
6792
6792
6792
6792
6792
6792
6792
6946
6946
6946
6946
6946
6946
6946
6946
6946
6946
6946
6946
6946
6946
6946
6946
6946
6946
6946
6329
6329
6483
6483
6483
6637
6637
6637
6637
6792
6792
6792
6792
6792
6792
6792
6792
6792
6946
6946
6946
6946
6946
6946
6946
6946
6946
6946
6946
6946
6946
6946
6946
6946
6946
6946
6946
6331
6331
6486
6486
6486
6640
6640
6640
6640
6795
6795
6792
6795
6792
6792
6792
6792
6792
6946
6946
6946
6946
6946
6946
6946
6946
6946
6946
6946
6946
6946
6946
6946
6946
6946
6946
6946
6331
6331
6483
6486
6486
6640
6637
6640
6637
6792
6792
6792
6792
6792
6792
6792
6792
6792
6946
6946
6946
6946
6946
6946
6946
6946
6946
6946
6946
6946
6946
6946
6946
6946
6946
6946
6946
6946
6329
6329
6483
6483
6483
6637
6637
6637
6637
6792
6792
6792
6792
6792
6792
6786
6932
6929
6923
6920
6917
6914
6912
6909
6906
6903
6903
6900
6900
6897
6897
6897
6894
6894
6894
6894
6891
6891
4446
4600
4907
5211
5364
5518
5668
5822
5975
6128
6281
6281
6432
6435
6588
6588
6588
6741
6741
6741
6741
6741
6741
6894
6894
6894
6894
6894
6894
6897
6894
6897
6897
6897
6897
6897
6897
6897
3990
4143
4448
4755
5060
5213
5364
5671
5824
5975
5975
6128
6281
6279
6432
6432
6585
6585
6585
6738
6738
6738
6738
6738
6888
6888
6888
6888
6888
6888
6888
6888
6888
6888
6888
6888
6888
6888
6888
6888
4753
5060
5213
5518
5671
5824
5975
6128
6128
6281
6281
6435
6432
6585
6585
6585
6738
6738
6738
6738
6738
6891
6888
6891
6897
6903
6909
6914
6917
6923
6926
6929
6932
6932
6935
6937
6937
6940
6940
6943
6943
462
615
923
1538
2153
2767
3228
3687
4147
4452
4759
5064
5218
5369
5676
5829
5980
5980
6133
6287
6287
6437
6437
6591
6591
6591
6744
6744
6744
6744
6744
6897
6897
6897
6897
6897
6894
6894
6894
6897
6897
6897
4755
4911
5220
5371
5524
5829
5829
5982
6133
6287
6287
6437
6437
6591
6591
6591
6744
6744
6744
6744
6741
6741
6894
6894
6894
6894
6894
6894
6894
6894
6894
6894
6894
6894
6894
6894
6894
6894
6894
6894
6894
7047
4602
4913
5220
5373
5524
5678
5829
5982
6133
6287
6289
6440
6440
6593
6591
6591
6744
6744
6744
6744
6744
6894
6894
6894
6894
6894
6894
6894
6894
6894
6894
6894
6894
6894
6894
6894
6894
6894
6894
7047
7047
7047
7047
4295
4448
4602
4909
5218
5371
5524
5676
5829
5980
6133
6287
6287
6440
6445
6604
6607
6613
6615
6772
6775
6778
6780
6783
6783
6786
6940
6943
6943
6943
6946
6946
6946
6946
6949
6949
6949
6949
6949
6949
6949
6949
6949
6949
6179
6334
6334
6488
6488
6643
6643
6643
6643
6797
6797
6797
6797
6797
6797
6797
6797
6952
6952
6952
6952
6952
6952
6952
6952
6952
6952
6952
6952
6952
6952
6952
6952
6952
6952
6952
6952
6952
6952
6949
6952
6952
6952
6952
6949
6179
6334
6334
6488
6488
6643
6643
6643
6643
6797
6797
6797
6797
6797
6797
6797
6797
6952
6952
6952
6952
6952
6952
6952
6952
6952
6952
6952
6952
6952
6952
6952
6952
6952
6952
6952
6952
6952
6952
6952
6952
6952
6952
6952
6952
6179
6334
6334
6488
6488
6643
6643
6643
6643
6797
6797
6797
6797
6797
6797
6797
6797
6797
6952
6952
6952
6952
6952
6952
6952
6952
6952
6952
6952
6952
6952
6952
6952
6952
6952
6952
6952
6952
6952
6952
6952
6952
6952
6952
6952
6952
6179
6334
6334
6488
6488
6643
6643
6643
6643
6797
6797
6797
6797
6797
6797
6797
6797
6952
6952
6952
6952
6952
6952
6952
6952
6952
6952
6952
6952
6952
6952
6952
6952
6952
6952
6952
6952
6952
6952
6952
6952
6952
6952
6952
6952
6952
6952
6179
6334
6334
6488
6488
6643
6643
6643
6643
6797
6797
6797
6797
6797
6797
6797
6797
6797
6952
6952
6952
6952
6952
6952
6952
6952
6952
6952
6952
6952
6952
6952
6952
6952
6952
6952
6952
6952
6952
6952
6952
6952
6952
6952
6952
6952
6952
8007
8311
8465
8773
8923
8007
8311
8619
8773
8923
8007
8311
8619
8769
8923
8007
8311
8619
8769
9077
8161
8311
8619
8773
9077
8161
8465
8619
8927
9077
8161
8465
8619
8927
9077
9231
8161
8465
8619
8927
9077
9231
8161
8465
8773
8927
9077
9231
8315
8465
8773
8927
9077
9231
8315
8465
8773
8927
9077
9231
8315
8465
8773
8927
9077
9231
8315
8619
8773
8927
9077
9231
8315
8619
8773
8923
9231
9385
8311
8619
8773
9077
9231
9385
8311
8619
8769
9077
9231
9385
8465
8619
8769
9077
9231
9385
8465
8619
8927
9077
9231
9385
9539
8465
8619
8927
9077
9231
9385
9539
8465
8619
8927
9077
9231
9385
9539
