6172
6326
6326
6480
6480
6480
6635
6637
6637
6637
6792
6792
6792
6792
6792
6792
6792
6792
6943
6937
6932
6926
6920
6917
6914
6912
6909
6909
6906
6903
6900
6900
6897
5522
5673
5827
5977
6131
6284
6281
6435
6435
6588
6585
6585
6738
6738
6738
6738
6738
6738
6891
6888
6888
6888
6888
6891
6891
6891
6891
6891
6888
6888
6888
6888
6888
6888
5060
5211
5518
5671
5822
5975
6128
6128
6281
6435
6432
6432
6585
6585
6585
6738
6738
6738
6735
6735
6891
6891
6891
6891
6891
6891
6891
6891
6894
6894
6894
6894
6894
6894
4909
5215
5369
5673
5827
5980
5980
6133
6284
6287
6440
6437
6591
6591
6591
6741
6741
6741
6741
6741
6894
6891
6891
6891
6891
6891
6891
6891
6891
6891
6891
6891
6891
6891
6891
4904
5213
5364
5518
5671
5822
5975
6128
6281
6284
6443
6448
6453
6610
6615
6618
6775
6778
6780
6780
6783
6786
6786
6940
6943
6943
6943
6946
6946
6946
6946
6946
6949
6949
6949
6949
1230
1844
2458
3073
3532
3838
4299
4606
4911
5064
5371
5524
5676
5829
5982
6136
6136
6289
6443
6443
6596
6596
6596
6596
6749
6749
6749
6749
6747
6900
6903
6903
6903
6903
6903
6903
6900
5680
5831
5985
5985
6138
6289
6289
6443
6443
6596
6596
6596
6749
6749
6747
6747
6747
6903
6900
6900
6900
6900
6900
6900
6900
6900
6900
6900
6900
6900
6900
6900
6900
6900
6900
6900
6900
4606
4913
5068
5373
5527
5678
5831
5985
6138
6289
6289
6445
6445
6443
6596
6596
6596
6749
6749
6749
6749
6749
6903
6903
6903
6903
6900
6900
6900
6900
6903
6903
6903
6900
6900
6900
6900
6900
5680
5834
5985
5985
6138
6289
6289
6443
6443
6596
6596
6596
6749
6749
6749
6747
6747
6900
6900
6900
6900
6900
6900
6900
6900
6900
6900
6900
6900
6900
6906
6912
6917
6920
6923
6926
6929
6932
6935
6321
6323
6478
6480
6635
6635
6637
6637
6792
6792
6792
6795
6795
6795
6795
6795
6949
6949
6949
6949
6949
6949
6949
6949
6949
6949
6949
6949
6949
6949
6949
6949
6949
6949
6949
6949
6949
6949
6949
6949
6331
6331
6486
6486
6640
6640
6640
6640
6795
6795
6797
6797
6797
6797
6797
6797
6952
6952
6952
6952
6952
6952
6952
6952
6952
6952
6952
6952
6952
6952
6952
6952
6952
6952
6952
6952
6952
6952
6952
6952
6952
6334
6488
6488
6488
6643
6643
6643
6643
6797
6797
6797
6797
6797
6797
6797
6797
6952
6952
6952
6952
6952
6952
6952
6952
6952
6952
6952
6952
6952
6952
6952
6952
6952
6952
6952
6952
6952
6952
6952
6952
6952
6334
6334
6488
6488
6643
6643
6640
6640
6795
6795
6795
6795
6795
6795
6795
6795
6949
6949
6949
6949
6949
6949
6949
6949
6949
6949
6949
6949
6949
6949
6949
6949
6949
6949
6949
6949
6949
6949
6949
6949
6949
6949
6334
6334
6488
6488
6488
6643
6643
6643
6643
6797
6797
6797
6797
6797
6797
6797
6797
6952
6952
6952
6952
6952
6952
6952
6952
6952
6952
6952
6952
6952
6952
6952
6952
6952
6952
6952
6952
6952
6952
6952
6952
6952
6952
6334
6334
6488
6488
6643
6643
6643
6643
6797
6797
6797
6797
6797
6797
6797
6797
6952
6952
6952
6952
6952
6952
6952
6952
6952
6952
6952
6952
6952
6952
6952
6952
6952
6952
6952
6952
6952
6952
6952
6952
6952
6952
6952
6334
6334
6488
6488
6643
6643
6643
6643
6643
6797
6795
6795
6795
6795
6795
6795
6795
6949
6949
6949
6949
6949
6949
6949
6949
6949
6949
6949
6949
6949
6952
6952
6952
6952
6952
6952
6952
6952
6952
6952
6952
6952
6952
6952
6334
6334
6488
6488
6643
6643
6643
6643
6643
6797
6797
6797
6797
6797
6797
6797
6797
6952
6952
6952
6952
6952
6952
6952
6952
6952
6952
6952
6952
6952
6952
6952
6952
6952
6952
6952
6952
6952
6952
6952
6952
6952
6952
6952
6952
6334
6334
6488
6488
6488
6643
6643
6643
6643
6797
6797
6797
6797
6797
6797
6797
6797
6952
6952
6952
6952
6952
6952
6952
6952
6952
6952
6952
6952
6952
6952
6952
6952
6952
6952
6949
6949
6949
6949
6949
6949
6949
6949
6949
6949
6949
6331
6331
6486
6488
6486
6640
6640
6640
6643
6797
6797
6797
6797
6797
6797
6797
6797
6952
6952
6952
6952
6952
6952
6952
6952
6952
6952
6952
6952
6952
6952
6952
6952
6952
6952
6952
6952
6952
6952
6952
6952
6952
6952
6952
6952
6952
6952
6334
6334
6488
6488
6643
6643
6643
6643
6797
6797
6797
6797
6797
6797
6797
6797
6797
6952
6952
6952
6952
6952
6952
6952
6952
6952
6952
6952
6952
6952
6952
6952
6952
6952
6952
6952
6952
6952
6952
6949
6949
6949
6949
6949
6949
6949
6949
7246
7400
7554
7708
7708
7862
8017
8017
8017
7246
7400
7554
7708
7862
7862
8017
8013
8013
7246
7400
7554
7708
7708
7862
7859
8013
8013
7246
7400
7554
7708
7862
7862
8017
8017
8017
7400
7400
7554
7705
7859
7856
8010
8010
8010
8164
7397
7551
7551
7705
7859
7859
8013
8013
8167
8167
7400
7554
7705
7705
7859
7859
8013
8013
8167
8167
7400
7554
7554
7708
7862
7862
8017
8013
8167
8167
7400
7554
7708
7708
7862
7862
8017
8013
8167
8167
7400
7554
7554
7708
7862
7862
8017
8017
8017
8171
8167
7400
7554
7708
7708
7862
7862
8017
8017
8171
8171
8167
7400
7554
7708
7708
7862
7862
8017
8017
8171
8171
8167
7400
7554
7708
7708
7862
7859
8013
8013
8167
8167
8167
7400
7554
7708
7862
7859
8013
8013
8013
8167
8167
8167
7400
7554
7708
7708
7859
7859
8013
8013
8167
8167
8167
8322
7400
7554
7708
7862
7862
8017
8017
8017
8171
8171
8167
7400
7554
7708
7708
7862
8017
8017
8013
8167
8167
8167
8322
7400
7554
7708
7708
7862
8013
8013
8013
8167
8167
8167
8322
7554
7554
7708
7862
7862
8017
8017
8171
8171
8167
8167
8322
7400
7554
7708
7708
7862
8017
8017
8017
8171
8171
8167
8322
8157
8465
8773
8923
9077
8311
8465
8769
8923
9077
8311
8465
8773
8923
9077
8311
8465
8773
8923
9077
8311
8465
8773
8923
9077
8311
8619
8769
9077
9231
8465
8619
8923
9077
9231
8465
8769
8923
9077
9231
8465
8769
8923
9077
9227
8465
8769
8923
9077
9227
8465
8615
8923
9077
9231
9381
8465
8773
8923
9077
9231
9385
8465
8773
8923
9077
9231
9381
8465
8769
8923
9077
9227
9381
8465
8769
8923
9077
9227
9381
8615
8769
8923
9077
9231
9381
8619
8769
9077
9231
9385
9535
8465
8773
8923
9077
9231
9385
9535
8619
8923
9077
9231
9385
9539
8619
8923
9077
9231
9385
9539
