7686
7993
8301
8605
8758
7997
8304
8455
8762
8916
8150
8304
8612
8766
9069
8154
8458
8612
8919
9073
8154
8458
8766
8919
9069
8308
8458
8766
8919
9069
8150
8458
8762
8916
9066
9219
8301
8455
8762
8916
9069
9219
8304
8612
8762
8916
9223
9377
8304
8612
8766
9069
9223
9377
8304
8612
8766
9073
9223
9377
8462
8612
8919
9073
9227
9377
8462
8612
8919
9073
9227
9377
8462
8612
8919
9073
9227
9377
8462
8612
8919
9073
9227
9377
8462
8612
8919
9073
9223
9377
8462
8766
8919
9073
9223
9377
9531
8458
8766
8919
9069
9223
9377
9531
8458
8766
8919
9073
9223
9377
9531
8458
8766
8919
9073
9223
9377
9531
6329
6329
6483
6483
6483
6637
6637
6637
6637
6792
6792
6792
6792
6792
6792
6792
6792
6792
6946
6946
6946
6946
6946
6946
6946
6946
6946
6946
6946
6946
6946
6946
6946
6946
6331
6331
6331
6486
6486
6640
6640
6637
6637
6792
6792
6792
6792
6792
6792
6795
6795
6792
6946
6946
6946
6946
6946
6946
6946
6946
6946
6946
6946
6946
6946
6946
6946
6946
6331
6331
6486
6486
6486
6640
6640
6637
6637
6792
6792
6792
6792
6792
6792
6792
6792
6946
6946
6946
6946
6946
6946
6946
6946
6946
6946
6946
6940
6935
6932
6926
6923
6920
6917
4763
5068
5224
5534
5685
5836
5987
5985
6138
6289
6289
6443
6440
6593
6593
6593
6744
6747
6744
6744
6744
6744
6897
6897
6897
6897
6897
6897
6894
6894
6897
6894
6894
6894
6894
5522
5676
5827
5980
6133
6131
6284
6284
6437
6437
6591
6591
6591
6744
6744
6744
6744
6744
6741
6897
6897
6897
6897
6897
6897
6894
6894
6894
6894
6894
6897
6897
6897
6897
6894
6894
5676
5829
5980
5980
6133
6287
6287
6437
6440
6593
6593
6591
6744
6744
6744
6744
6744
6897
6894
6894
6894
6894
6894
6894
6894
6894
6894
6894
6894
6894
6894
6894
6894
6894
6894
6894
7047
4909
5218
5371
5522
5676
5827
5980
6133
6287
6284
6437
6437
6591
6591
6591
6741
6741
6741
6741
6741
6894
6894
6894
6894
6894
6894
6894
6897
6903
6909
6914
6917
6923
6926
6929
6932
6935
6935
465
465
620
930
1549
2013
2632
3096
3559
3868
4331
4640
4947
5102
5257
5566
5718
5873
6027
6027
6182
6334
6334
6488
6488
6488
6643
6643
6643
6643
6797
6797
6797
6797
6797
6797
6797
6797
6797
6797
6952
6179
6179
6334
6334
6488
6488
6643
6643
6643
6643
6643
6797
6797
6797
6797
6797
6797
6797
6797
6797
6952
6952
6952
6952
6952
6952
6952
6952
6952
6952
6952
6952
6952
6952
6952
6952
6952
6952
6952
6179
6334
6334
6488
6488
6488
6643
6643
6643
6643
6797
6797
6797
6797
6797
6797
6797
6797
6797
6952
6952
6952
6952
6952
6952
6952
6952
6952
6952
6952
6952
6952
6949
6952
6952
6952
6949
6949
6952
6952
6179
6334
6334
6488
6488
6488
6643
6643
6643
6643
6797
6797
6797
6797
6797
6797
6797
6797
6797
6952
6952
6952
6952
6952
6952
6952
6952
6952
6952
6952
6952
6952
6952
6952
6952
6952
6952
6952
6952
6952
6952
6179
6334
6334
6488
6488
6488
6643
6643
6643
6643
6797
6797
6797
6797
6797
6797
6797
6797
6797
6952
6952
6952
6952
6952
6952
6952
6952
6952
6952
6952
6952
6952
6952
6952
6952
6952
6952
6952
6952
6952
6952
6952
6179
6334
6334
6488
6488
6488
6643
6643
6643
6643
6797
6797
6797
6797
6797
6797
6797
6797
6797
6952
6952
6952
6952
6952
6952
6952
6952
6952
6952
6952
6952
6952
6952
6952
6952
6952
6952
6952
6952
6952
6952
6952
6179
6334
6334
6488
6488
6488
6643
6643
6643
6643
6797
6797
6797
6797
6797
6797
6797
6797
6797
6952
6952
6952
6952
6952
6952
6952
6952
6952
6952
6952
6952
6952
6952
6952
6952
6952
6952
6952
6952
6952
6952
6952
6952
6179
6334
6334
6488
6488
6488
6643
6643
6643
6643
6797
6797
6797
6797
6797
6797
6797
6797
6952
6952
6952
6952
6952
6952
6952
6952
6952
6952
6952
6952
6952
6952
6952
6952
6952
6952
6952
6952
6952
6952
6952
6952
6952
6952
6179
6334
6334
6488
6488
6488
6643
6643
6643
6643
6797
6797
6797
6797
6797
6797
6797
6797
6797
6952
6952
6952
6952
6952
6952
6952
6952
6952
6952
6952
6952
6952
6952
6952
6952
6952
6952
6952
6952
6952
6952
6952
6952
6952
6952
6179
6334
6334
6488
6488
6488
6643
6643
6643
6643
6797
6797
6797
6797
6797
6797
6797
6797
6797
6952
6952
6952
6952
6952
6952
6952
6952
6952
6952
6952
6952
6952
6952
6952
6952
6952
6952
6952
6952
6952
6952
6952
6952
6952
6952
6179
6334
6334
6488
6488
6488
6643
6643
6643
6643
6797
6797
6797
6797
6797
6797
6797
6797
6797
6952
6952
6952
6952
6952
6952
6952
6952
6952
6952
6952
6952
6952
6952
6952
6952
6952
6952
6952
6952
6952
6952
6952
6952
6952
6952
6952
6179
6334
6334
6488
6488
6488
6643
6643
6643
6643
6797
6797
6797
6797
6797
6797
6797
6797
6797
6952
6952
6952
6952
6952
6952
6952
6952
6952
6952
6952
6952
6952
6952
6952
6952
6952
6952
6952
6952
6952
6952
6952
6952
6952
6952
6952
6952
6179
6334
6334
6488
6488
6488
6643
6643
6643
6643
6797
6797
6797
6797
6797
6797
6797
6797
6797
6952
6952
6952
6952
6952
6952
6952
6952
6952
6952
6952
6952
6952
6952
6952
6952
6952
6952
6952
6952
6952
6952
6952
6952
6952
6952
6952
6952
