6174
6329
6329
6483
6483
6637
6637
6637
6637
6637
6792
6792
6792
6792
6792
6792
6792
6792
6946
6946
6946
6946
6946
6946
6946
6946
6946
6946
6946
6946
6946
6946
6946
6946
6331
6331
6331
6486
6486
6637
6637
6637
6637
6792
6792
6792
6792
6792
6792
6792
6792
6792
6946
6946
6946
6946
6946
6946
6946
6946
6946
6946
6946
6946
6946
6946
6946
6946
6329
6329
6329
6483
6483
6637
6637
6637
6637
6792
6792
6792
6792
6792
6792
6792
6792
6792
6946
6946
6946
6946
6946
6946
6946
6946
6946
6946
6946
6946
6946
6946
6946
6946
6946
6331
6331
6486
6483
6483
6637
6637
6637
6637
6792
6792
6792
6792
6792
6792
6792
6792
6792
6946
6946
6946
6946
6946
6946
6946
6946
6946
6946
6946
6946
6946
6946
6946
6946
6946
6946
6177
6331
6331
6486
6486
6640
6640
6637
6637
6792
6792
6792
6792
6792
6792
6792
6792
6792
6946
6946
6946
6946
6946
6946
6946
6946
6946
6946
6946
6946
6946
6946
6946
6946
6946
6946
6946
6329
6329
6483
6483
6483
6637
6637
6637
6637
6792
6792
6792
6792
6792
6792
6792
6792
6792
6946
6946
6946
6946
6946
6946
6946
6946
6946
6946
6946
6946
6946
6946
6946
6946
6946
6946
6946
6331
6331
6486
6486
6483
6637
6637
6637
6637
6792
6792
6792
6792
6792
6792
6792
6792
6792
6946
6946
6946
6946
6946
6946
6946
6946
6946
6946
6946
6946
6946
6946
6946
6946
6946
6946
6946
6946
6331
6331
6483
6483
6483
6637
6637
6637
6637
6792
6792
6792
6792
6792
6792
6792
6792
6792
6946
6946
6946
6946
6946
6946
6946
6946
6946
6946
6946
6946
6946
6946
6946
6946
6946
6946
6946
6946
6946
6329
6329
6483
6483
6483
6637
6637
6637
6637
6792
6792
6792
6792
6792
6792
6792
6792
6792
6946
6946
6946
6946
6946
6946
6946
6946
6946
6946
6946
6946
6946
6946
6946
6946
6946
6946
6946
6946
6946
6946
5241
5393
5697
5848
6002
6000
6151
6302
6300
6451
6451
6602
6602
6599
6599
6752
6749
6749
6749
6749
6749
6900
6903
6900
6900
6900
6900
6900
6900
6900
6900
6900
6900
6900
6900
6900
6900
6900
6900
6900
5524
5678
5831
5982
6136
6136
6289
6289
6443
6443
6593
6593
6593
6747
6747
6747
6747
6747
6747
6900
6900
6900
6900
6900
6900
6900
6900
6900
6900
6900
6900
6900
6900
6900
6900
6900
6900
6900
6900
6900
5218
5524
5678
5829
5982
5982
6136
6289
6289
6440
6440
6593
6593
6593
6747
6747
6747
6747
6747
6747
6900
6900
6897
6900
6897
6897
6897
6897
6897
6897
6897
6897
6897
6897
6897
6897
6897
6897
6897
6900
6900
4297
4606
4915
5066
5373
5527
5678
5831
5985
6136
6138
6297
6302
6459
6461
6618
6621
6624
6626
6783
6783
6786
6786
6789
6789
6789
6792
6946
6946
6946
6949
6949
6949
6949
6949
6949
6949
6949
6949
6949
6949
6952
462
615
1077
1845
2459
2919
3380
3840
4145
4606
4911
5064
5369
5522
5673
5827
5980
6133
6131
6284
6437
6437
6437
6591
6591
6591
6744
6744
6744
6744
6744
6897
6897
6897
6897
6897
6897
6897
6897
6897
6897
6897
6897
4604
4913
5066
5373
5524
5678
5829
5982
6136
6289
6287
6440
6440
6593
6591
6591
6744
6744
6744
6744
6744
6744
6897
6897
6897
6897
6897
6894
6894
6897
6897
6894
6897
6894
6894
6894
6894
6894
6894
6894
6894
7047
7047
4448
4759
4913
5220
5371
5678
5829
5982
5980
6133
6289
6289
6443
6440
6593
6593
6593
6747
6744
6744
6744
6744
6897
6897
6897
6897
6897
6897
6897
6897
6897
6897
6897
6894
6894
6897
6897
6897
6897
6897
6897
7050
7050
7047
6136
6294
6453
6456
6459
6610
6607
6604
6755
6755
6752
6749
6749
6906
6906
6903
6903
6903
6900
6900
6900
6897
6900
6906
6912
6917
6920
6923
6926
6929
6932
6935
6937
6937
6940
6940
6943
6943
6943
6946
6946
6946
6946
6949
6949
6177
6331
6331
6486
6486
6640
6643
6643
6643
6797
6797
6797
6797
6797
6795
6795
6795
6952
6952
6949
6952
6952
6952
6952
6952
6952
6952
6949
6952
6952
6952
6952
6952
6952
6952
6952
6952
6952
6952
6952
6952
6952
6952
6952
6952
6952
6179
6334
6334
6488
6488
6643
6643
6643
6643
6797
6797
6797
6797
6797
6797
6797
6797
6952
6952
6952
6952
6952
6952
6952
6952
6952
6952
6952
6952
6952
6952
6952
6952
6952
6952
6952
6952
6952
6952
6952
6952
6952
6952
6952
6952
6952
6952
6179
6334
6334
6488
6488
6643
6643
6643
6643
6797
6797
6797
6797
6797
6797
6797
6797
6952
6952
6952
6952
6952
6952
6952
6952
6952
6952
6952
6952
6952
6952
6952
6952
6952
6952
6952
6952
6952
6952
6952
6952
6952
6952
6952
6952
6949
6949
7542
7846
8000
8308
8458
7542
7849
8154
8308
8458
7696
7846
8154
8308
8612
7696
8000
8154
8308
8612
7696
8000
8154
8462
8612
7696
8000
8154
8462
8612
7696
8000
8154
8462
8612
7696
8000
8308
8462
8612
7849
8000
8308
8458
8612
7846
8000
8308
8458
8612
8766
7692
8000
8308
8458
8612
8766
7846
8000
8308
8458
8612
8766
7849
8154
8308
8458
8612
8766
7846
8154
8308
8458
8612
8766
7846
8154
8308
8458
8766
8766
7846
8154
8308
8458
8766
8919
7846
8154
8308
8612
8766
8919
8000
8154
8308
8612
8766
8919
8000
8154
8308
8612
8766
8919
8000
8154
8462
8612
8766
8919
8007
8311
8465
8773
8923
8007
8311
8619
8773
8923
8007
8311
8619
8773
8923
8007
8311
8619
8773
9081
8161
8311
8619
8773
9077
8161
8465
8619
8927
9077
8161
8465
8619
8927
9077
9231
8161
8465
8619
8927
9077
9231
8161
8465
8773
8927
9077
9231
8161
8465
8773
8927
9077
9231
8315
8465
8773
8927
9077
9231
8315
8465
8773
8927
9077
9231
8315
8465
8773
8927
9077
9231
8315
8619
8773
8927
9077
9231
8315
8619
8773
8927
9231
9385
8311
8619
8773
8923
9231
9385
8311
8619
8769
9077
9231
9385
9535
8465
8619
8769
9077
9231
9385
9539
8465
8619
8927
9077
9231
9385
9539
8465
8619
8927
9077
9231
9385
9539
