7240
7394
7548
7702
7702
7856
7856
8010
8010
7243
7397
7551
7551
7705
7856
7856
8010
8010
7243
7397
7551
7705
7705
7859
7859
8010
8010
7243
7397
7551
7705
7705
7859
7856
8010
8010
8164
7243
7397
7551
7705
7705
7859
8013
8010
8010
8164
7243
7397
7551
7705
7705
7859
8013
8010
8010
8164
7243
7397
7551
7705
7859
7859
8013
8010
8010
8164
7243
7397
7551
7705
7859
7859
8013
8010
8010
8164
7397
7397
7551
7705
7859
7859
8010
8010
8164
8164
8164
7397
7551
7551
7702
7856
7856
8010
8010
8164
8164
8164
7397
7551
7548
7702
7856
7856
8010
8010
8164
8164
8164
7397
7551
7551
7705
7859
7859
8010
8010
8164
8164
8164
7397
7551
7551
7705
7859
7859
8010
8010
8164
8164
8164
7397
7551
7551
7705
7859
7859
8010
8010
8164
8164
8164
8164
7397
7551
7705
7705
7859
7859
8013
8010
8164
8164
8164
8318
7397
7551
7705
7705
7859
7859
8010
8010
8164
8164
8164
8318
7397
7551
7705
7705
7859
7859
8010
8010
8164
8164
8164
8318
7397
7551
7705
7705
7859
7859
8010
8010
8164
8164
8164
8318
7397
7551
7705
7705
7859
7856
8010
8010
8164
8164
8164
8318
7397
7551
7702
7702
7856
7856
8010
8010
8164
8164
8164
8318
8318
6786
6786
6940
7095
7095
7249
7249
7249
7403
7403
7403
7403
7403
7557
7557
6786
6786
6940
7095
7095
7095
7249
7249
7403
7403
7403
7403
7403
7557
7557
6786
6786
6940
7095
7095
7249
7249
7249
7403
7400
7400
7400
7400
7554
7554
6786
6786
6940
7095
7095
7249
7249
7249
7403
7403
7403
7403
7403
7557
7557
6786
6786
6940
7095
7095
7249
7249
7249
7403
7403
7403
7403
7403
7557
7557
7557
6786
6940
6940
7095
7095
7249
7249
7249
7403
7403
7403
7403
7403
7557
7557
7557
6786
6940
6940
7095
7095
7249
7249
7249
7403
7403
7403
7403
7403
7557
7557
7557
6786
6940
6940
7095
7095
7249
7249
7249
7403
7403
7403
7403
7557
7557
7557
7557
7554
6786
6940
6940
7095
7095
7249
7249
7249
7403
7400
7400
7400
7554
7554
7554
7554
7554
6786
6940
6940
7095
7095
7249
7249
7246
7400
7400
7400
7400
7554
7554
7554
7554
7554
6786
6940
6940
7095
7095
7249
7249
7249
7403
7403
7403
7403
7557
7557
7557
7557
7557
7557
6786
6940
6940
7095
7095
7249
7249
7249
7403
7403
7403
7403
7557
7557
7557
7557
7557
7557
6786
6940
6940
7095
7095
7249
7249
7249
7403
7403
7403
7403
7557
7557
7557
7557
7557
7557
6786
6940
6940
7095
7095
7249
7249
7249
7403
7403
7403
7403
7557
7557
7557
7557
7557
7557
7557
6786
6940
6940
7095
7095
7249
7249
7249
7403
7403
7403
7403
7557
7557
7557
7557
7557
7557
7557
6786
6940
6940
7095
7095
7249
7249
7249
7403
7403
7400
7394
7545
7538
7535
7532
7529
7529
7526
4915
5376
5527
5831
5985
6289
6443
6593
6747
6747
6900
7053
7050
7204
7204
7357
7357
7357
7357
5062
5369
5673
5980
6133
6287
6437
6591
6744
6897
6897
7050
7050
7204
7201
7354
7354
7354
7354
4909
5215
5522
5827
5980
6287
6440
6591
6744
6897
6897
7050
7050
7204
7204
7357
7357
7354
7354
7507
4448
4450
4757
5218
5522
5829
5980
6287
6440
6593
6744
6747
6897
7050
7050
7204
7204
7357
7354
7354
3547
3546
3698
4003
4309
4615
4765
5070
5224
5376
4456
5070
5685
6146
6607
5997
6456
6917
7225
7532
6920
7228
7535
7843
8147
7231
7535
7843
8150
8304
7538
7846
8000
8304
8458
7696
7846
8154
8304
8612
7696
8000
8154
8458
8612
7692
8000
8154
8458
8612
7692
8000
8154
8458
8612
8766
7692
8000
8308
8458
8612
8766
7846
8000
8308
8458
8612
8766
7846
8154
8304
8458
8612
8766
7846
8154
8304
8458
8612
8762
7846
8154
8304
8458
8612
8766
7846
8154
8304
8458
8612
8762
7846
8154
8304
8612
8766
8916
8000
8154
8304
8612
8766
8919
8000
8154
8462
8612
8766
8919
8000
8154
8462
8612
8766
8919
6179
6334
6334
6488
6488
6488
6643
6643
6643
6643
6797
6797
6797
6797
6797
6797
6797
6797
6797
6797
6952
6952
6949
6940
6935
6932
6926
6923
6917
6917
6914
6912
6909
6909
4761
4913
5220
5371
5676
5829
5982
5980
6133
6287
6284
6437
6437
6591
6591
6591
6588
6741
6741
6741
6741
6741
6894
6894
6900
6906
6912
6917
6920
6923
6926
6929
6932
6935
6167
6323
6323
6480
6480
6483
6637
6637
6637
6637
6795
6795
6795
6795
6795
6795
6795
6795
6795
6949
6949
6949
6949
6949
6949
6949
6949
6949
6949
6949
6949
6952
6952
6952
6949
6179
6334
6334
6488
6488
6488
6643
6643
6643
6643
6797
6797
6797
6797
6797
6797
6797
6797
6797
6952
6952
6952
6952
6952
6952
6952
6952
6952
6952
6952
6952
6952
6952
6952
6952
6952
6179
6334
6334
6488
6488
6488
6643
6643
6643
6643
6797
6797
6797
6797
6797
6797
6797
6797
6797
6952
6952
6952
6952
6952
6952
6952
6952
6952
6952
6952
6952
6952
6952
6952
6952
6952
6952
6179
6334
6334
6488
6488
6488
6643
6643
6643
6643
6797
6797
6797
6797
6797
6795
6795
6795
6795
6949
6949
6949
6949
6949
6949
6949
6949
6949
6949
6949
6949
6949
6949
6949
6949
6949
6949
6179
6334
6334
6488
6488
6488
6643
6643
6643
6643
6797
6797
6797
6797
6797
6797
6797
6797
6797
6797
6952
6952
6952
6952
6952
6952
6952
6952
6952
6952
6952
6952
6952
6952
6952
6952
6952
6952
6179
6334
6334
6488
6488
6488
6643
6643
6643
6643
6797
6797
6797
6797
6797
6797
6797
6797
6797
6952
6952
6952
6952
6952
6952
6952
6952
6952
6952
6952
6952
6952
6952
6952
6952
6952
6952
6952
6952
6179
6334
6334
6488
6488
6488
6643
6643
6643
6643
6797
6797
6797
6797
6797
6797
6797
6797
6797
6952
6952
6952
6952
6952
6952
6952
6952
6952
6952
6952
6952
6952
6952
6952
6952
6952
6952
6952
6952
6179
6334
6334
6488
6488
6488
6643
6643
6643
6643
6797
6797
6797
6797
6797
6797
6797
6797
6797
6952
6952
6952
6952
6952
6952
6952
6952
6952
6952
6952
6952
6952
6952
6952
6952
6952
6952
6952
6952
6952
6179
6334
6334
6488
6488
6488
6643
6643
6643
6643
6797
6797
6797
6797
6797
6797
6797
6797
6797
6952
6952
6952
6952
6952
6952
6952
6952
6952
6952
6952
6952
6952
6952
6952
6952
6952
6952
6952
6952
6952
6952
6179
6334
6334
6488
6488
6488
6643
6643
6643
6643
6797
6797
6797
6797
6797
6797
6797
6797
6797
6952
6952
6952
6952
6952
6952
6952
6952
6952
6952
6952
6952
6952
6952
6952
6952
6952
6952
6952
6952
6952
6952
6952
6179
6334
6334
6488
6488
6488
6643
6643
6643
6643
6797
6797
6797
6797
6797
6797
6797
6797
6797
6952
6952
6952
6952
6952
6952
6952
6952
6952
6952
6952
6952
6952
6952
6952
6952
6952
6952
6952
6952
6952
6952
6952
6179
6334
6334
6488
6488
6488
6643
6643
6643
6643
6797
6797
6797
6797
6797
6797
6797
6797
6797
6952
6952
6952
6952
6952
6952
6952
6952
6952
6952
6952
6952
6952
6952
6952
6952
6952
6952
6952
6952
6952
6952
6952
6952
6179
6334
6334
6488
6488
6488
6643
6643
6643
6643
6797
6797
6797
6797
6797
6797
6797
6797
6797
6952
6952
6952
6952
6952
6952
6952
6952
6952
6952
6952
6952
6952
6952
6952
6952
6952
6952
6952
6952
6952
6952
6952
6952
6952
6179
6334
6334
6488
6488
6488
6643
6643
6643
6643
6797
6797
6797
6797
6797
6797
6797
6797
6797
6952
6952
6952
6952
6952
6952
6952
6952
6952
6952
6952
6952
6952
6952
6952
6952
6952
6952
6952
6952
6952
6952
6952
6952
6952
6952
6179
6334
6334
6488
6488
6488
6643
6643
6643
6643
6797
6797
6797
6797
6797
6797
6797
6797
6797
6952
6952
6952
6952
6952
6952
6952
6952
6952
6952
6952
6952
6952
6952
6952
6952
6952
6952
6952
6952
6949
6952
6952
6952
6949
6949
6179
6334
6334
6488
6488
6488
6643
6643
6643
6643
6797
6797
6797
6797
6797
6797
6797
6797
6797
6952
6952
6952
6952
6952
6952
6952
6952
6952
6952
6952
6952
6952
6952
6952
6952
6952
6952
6952
6952
6952
6952
6952
6952
6952
6952
6952
6179
6334
6334
6488
6488
6488
6643
6643
6643
6643
6797
6797
6797
6797
6797
6797
6797
6797
6797
6952
6952
6952
6952
6952
6952
6952
6952
6952
6952
6952
6952
6952
6952
6952
6952
6952
6952
6952
6952
6952
6952
6952
6952
6952
6952
6952
6952
6179
6334
6334
6488
6488
6643
6643
6643
6643
6643
6797
6797
6797
6797
6797
6797
6797
6797
6797
6952
6952
6952
6952
6952
6952
6952
6952
6952
6952
6952
6952
6952
6952
6952
6952
6952
6952
6952
6952
6952
6952
6952
6952
6952
6952
6952
6952
