7993
8301
8455
8762
8916
8150
8304
8612
8762
9069
8154
8458
8612
8919
9073
8154
8462
8766
8919
9073
8308
8458
8766
8919
9069
8308
8458
8766
8919
9069
8308
8612
8766
8919
9069
9223
8308
8612
8766
8919
9223
9377
8304
8612
8766
9073
9223
9377
8304
8612
8766
9073
9223
9377
8458
8612
8766
9069
9223
9377
8458
8612
8919
9069
9223
9377
8458
8612
8919
9073
9223
9377
8462
8612
8919
9073
9227
9377
8462
8766
8919
9073
9227
9377
8462
8766
8919
9073
9227
9377
8462
8766
8919
9073
9223
9377
9531
8458
8766
8919
9069
9223
9377
9531
8612
8766
8919
9069
9223
9377
9531
8612
8766
8919
9073
9377
9377
9531
6786
6783
6935
7083
7080
7231
7228
7378
7378
7375
7372
7526
7523
7523
5990
6141
6294
6448
6599
6752
6903
6903
7056
7056
7210
7207
7360
7360
7360
6138
6445
6599
6749
6749
6903
7056
7053
7210
7210
7207
7360
7360
7360
7360
6138
6292
6445
6599
6749
6749
6903
7056
7053
7207
7207
7360
7360
7360
7360
5831
6138
6292
6443
6596
6749
6903
6900
7053
7053
7207
7207
7360
7360
7360
5831
5985
6138
6289
6596
6596
6749
6900
7053
7056
7207
7207
7207
7360
7360
7360
5831
5985
6136
6443
6596
6749
6749
6900
7053
7053
7207
7207
7207
7360
7360
7360
5678
5985
6138
6292
6443
6596
6749
6903
6903
7056
7210
7210
7207
7360
7360
7360
5524
5678
5985
6138
6292
6596
6596
6749
6903
7056
7056
7210
7210
7207
7360
7360
7360
5373
5680
5831
6138
6292
6445
6596
6749
6903
6903
7056
7056
7207
7207
7360
7360
7360
5066
5376
5687
5997
6154
6310
6464
6621
6778
6932
6935
7089
7089
7246
7246
7246
7403
7403
6635
6789
6789
6943
7097
7097
7252
7252
7252
7406
7406
7406
7406
7406
7560
7560
7560
7560
6789
6789
6943
7097
7097
7252
7252
7252
7406
7406
7406
7406
7560
7560
7560
7560
7560
7560
6792
6946
6946
7100
7100
7255
7255
7252
7406
7406
7406
7406
7560
7560
7560
7560
7560
7560
6792
6946
6946
7100
7100
7255
7255
7255
7406
7406
7406
7406
7560
7560
7560
7560
7560
7560
7560
6792
6946
6946
7100
7100
7255
7255
7255
7406
7406
7406
7406
7560
7560
7560
7560
7560
7560
7560
6792
6946
6946
7100
7100
7255
7255
7255
7406
7406
7406
7406
7560
7560
7560
7560
7560
7560
7560
6792
6943
6943
7097
7097
7252
7252
7252
7406
7406
7406
7406
7560
7560
7560
7560
7560
7560
7560
7560
6792
6943
6943
7097
7097
7252
7252
7252
7406
7406
7406
7406
7560
7560
7560
7560
7560
7560
7560
7560
6792
6946
6946
7100
7100
7255
7255
7255
7406
7406
7406
7406
7560
7560
7560
7560
7560
7560
7560
7560
7538
7846
7997
8304
8458
7538
7846
7997
8304
8458
7538
7846
8154
8304
8612
7692
8000
8150
8458
8612
7692
8000
8154
8458
8612
7692
8000
8154
8458
8612
7696
8000
8308
8458
8612
7696
8000
8308
8458
8612
7849
8000
8308
8462
8612
7849
8000
8308
8462
8612
8766
7849
8000
8308
8462
8612
8766
7849
8000
8308
8462
8612
8766
7849
8154
8308
8458
8612
8766
7849
8154
8308
8458
8766
8766
7849
8154
8308
8458
8766
8766
7846
8154
8308
8612
8766
8919
8000
8154
8304
8612
8766
8916
8000
8154
8458
8612
8766
8919
8000
8154
8458
8612
8766
8919
8000
8154
8458
8612
8766
8919
6179
6334
6334
6488
6488
6488
6643
6643
6643
6643
6797
6797
6797
6797
6797
6797
6797
6797
6797
6952
6952
6952
6952
6952
6952
6952
6952
6952
6952
6952
6952
6952
6952
6952
6179
6334
6334
6488
6488
6488
6643
6643
6643
6643
6797
6797
6797
6797
6797
6797
6797
6797
6797
6952
6952
6952
6952
6952
6952
6952
6952
6952
6952
6952
6952
6952
6952
6952
6179
6334
6334
6488
6488
6488
6643
6643
6643
6643
6797
6797
6797
6797
6797
6797
6797
6797
6797
6952
6952
6952
6952
6952
6952
6952
6952
6952
6952
6952
6952
6952
6952
6952
6952
6179
6334
6334
6488
6488
6488
6643
6643
6643
6643
6797
6797
6797
6797
6797
6797
6797
6797
6797
6952
6952
6952
6952
6952
6952
6952
6952
6952
6952
6952
6952
6952
6952
6952
6952
6952
6179
6334
6334
6488
6488
6488
6643
6643
6643
6643
6797
6797
6797
6797
6797
6797
6797
6797
6797
6952
6952
6952
6952
6952
6952
6952
6952
6952
6952
6952
6952
6952
6952
6952
6952
6952
6952
6179
6334
6334
6488
6488
6488
6643
6643
6643
6643
6797
6797
6797
6797
6797
6797
6797
6797
6797
6952
6952
6952
6952
6952
6952
6952
6952
6952
6952
6952
6952
6952
6952
6952
6952
6952
6952
6179
6334
6334
6488
6488
6488
6643
6643
6643
6643
6797
6797
6797
6797
6797
6797
6797
6797
6797
6952
6952
6952
6952
6952
6952
6952
6952
6952
6952
6952
6952
6952
6952
6952
6952
6952
6952
6952
6179
6334
6334
6488
6488
6488
6643
6643
6643
6643
6797
6797
6797
6797
6797
6797
6797
6797
6797
6952
6952
6952
6952
6949
6952
6949
6952
6952
6952
6952
6952
6952
6952
6952
6952
6952
6952
6952
6952
6179
6334
6334
6488
6488
6488
6643
6643
6643
6643
6797
6797
6797
6797
6797
6797
6797
6797
6797
6952
6952
6952
6952
6952
6952
6952
6952
6952
6952
6952
6952
6952
6952
6952
6952
6952
6952
6952
6952
6179
6334
6334
6488
6488
6488
6643
6643
6643
6643
6797
6797
6797
6797
6797
6797
6797
6797
6797
6952
6952
6952
6952
6952
6952
6952
6952
6952
6952
6952
6952
6952
6952
6952
6952
6952
6952
6952
6952
6952
6179
6334
6334
6488
6488
6488
6643
6643
6643
6643
6797
6797
6797
6797
6797
6797
6797
6797
6797
6952
6952
6952
6952
6952
6952
6952
6952
6952
6952
6952
6952
6952
6952
6952
6952
6952
6952
6952
6952
6952
6952
6179
6334
6334
6488
6488
6488
6643
6643
6643
6643
6797
6797
6797
6797
6797
6797
6797
6797
6797
6952
6952
6952
6952
6952
6952
6952
6952
6952
6952
6952
6952
6952
6952
6952
6952
6952
6952
6952
6952
6952
6952
6952
6179
6334
6334
6488
6488
6488
6643
6643
6643
6643
6797
6797
6797
6797
6797
6797
6797
6797
6797
6952
6952
6952
6952
6952
6952
6952
6952
6952
6952
6952
6952
6949
6949
6949
6949
6949
6949
6949
6949
6949
6949
6949
6177
6331
6331
6486
6486
6486
6640
6640
6643
6643
6797
6797
6797
6797
6797
6797
6797
6797
6797
6952
6952
6952
6952
6952
6952
6952
6952
6952
6952
6952
6952
6952
6952
6952
6952
6952
6952
6952
6952
6952
6952
6952
6952
6179
6334
6334
6488
6488
6488
6643
6643
6643
6643
6797
6797
6797
6797
6797
6797
6797
6797
6797
6952
6952
6952
6952
6952
6952
6952
6952
6952
6952
6952
6952
6952
6952
6952
6952
6952
6952
6952
6952
6952
6952
6952
6952
6952
6179
6334
6334
6488
6488
6488
6643
6643
6643
6643
6797
6797
6797
6797
6797
6797
6797
6797
6797
6952
6952
6952
6952
6952
6952
6952
6952
6952
6952
6952
6952
6952
6952
6952
6952
6952
6952
6949
6952
6949
6949
6952
6949
6949
6952
6179
6334
6334
6488
6488
6488
6643
6643
6643
6643
6797
6797
6797
6797
6797
6797
6797
6797
6797
6952
6952
6952
6952
6952
6952
6952
6952
6952
6952
6952
6952
6952
6952
6952
6952
6952
6952
6952
6952
6952
6952
6952
6952
6952
6952
6179
6334
6334
6488
6488
6488
6643
6643
6643
6643
6797
6797
6797
6797
6797
6797
6797
6797
6797
6952
6952
6952
6952
6952
6952
6952
6952
6952
6952
6952
6952
6952
6952
6952
6952
6952
6952
6952
6952
6952
6952
6952
6952
6952
6952
6952
6179
6334
6334
6488
6488
6488
6643
6643
6643
6643
6797
6797
6797
6797
6797
6797
6797
6797
6797
6952
6952
6952
6952
6952
6952
6952
6952
6952
6952
6952
6952
6952
6952
6952
6952
6952
6952
6952
6952
6952
6952
6952
6952
6952
6952
6952
6952
6179
6334
6334
6488
6488
6488
6643
6643
6643
6643
6797
6797
6797
6797
6797
6797
6797
6797
6797
6952
6952
6952
6952
6952
6952
6952
6952
6952
6952
6952
6952
6952
6952
6952
6952
6952
6952
6952
6952
6952
6952
6952
6952
6952
6952
6952
6952
