7240
7394
7548
7702
7702
7856
7856
8010
8010
7243
7397
7551
7705
7702
7856
7856
8010
8007
4767
5231
5538
5846
5995
6300
6453
6604
6909
6909
5683
5987
6138
6445
6596
6749
6903
7053
7207
7207
7360
4757
4911
5064
5524
5831
6141
6292
6599
6749
6903
7056
5220
5527
5834
5985
6292
6443
6596
6903
6900
7053
7207
6445
6599
6752
6749
6903
7056
7053
7207
7360
7360
7510
7510
4602
4909
5369
5678
6138
6292
6445
6749
6903
6903
7053
5371
5678
5985
6289
6443
6596
6749
6900
7053
7207
7207
7357
6445
6596
6749
6903
6903
7053
7207
7360
7357
7510
7510
7664
4297
4604
4911
5373
5836
6144
6297
6602
6752
6906
7059
7056
4911
5373
5680
5985
6138
6443
6596
6747
6900
7053
7207
7204
6289
6443
6749
6900
7053
7053
7207
7357
7357
7510
7510
7664
7664
6752
6903
7056
7056
7207
7360
7360
7513
7510
7664
7664
7664
7664
3990
4297
4757
5220
5683
5990
6297
6448
6602
6752
6906
7056
7210
4913
5222
5527
5834
6138
6292
6596
6749
6903
7053
7053
7207
7360
6138
6292
6445
6596
6749
6900
7053
7207
7360
7357
7510
7510
7510
7664
460
614
1075
1842
2609
3221
3835
4293
4753
5211
5518
5822
6128
6281
4600
4907
5364
5671
5975
6128
6435
6588
6738
6891
7044
7198
7351
7351
4600
5060
5364
5671
5977
6128
6435
6588
6741
6894
7044
7198
7351
7351
6177
6331
6331
6486
6486
6486
6643
6643
6643
6643
6797
6797
6797
6797
6797
6797
6797
6797
6797
6797
6952
6952
6952
6952
6952
6952
6952
6952
6952
6952
6952
6952
6952
6952
6179
6334
6334
6488
6488
6488
6643
6643
6643
6643
6797
6797
6797
6797
6797
6797
6797
6797
6797
6952
6952
6952
6952
6952
6952
6952
6952
6952
6952
6952
6952
6952
6952
6952
6179
6334
6334
6488
6488
6488
6643
6643
6643
6643
6797
6797
6797
6797
6797
6797
6797
6797
6797
6952
6952
6952
6952
6952
6952
6952
6952
6952
6952
6952
6952
6952
6952
6952
6952
6179
6334
6334
6488
6488
6488
6643
6643
6643
6643
6797
6797
6797
6797
6797
6797
6797
6797
6797
6952
6952
6952
6952
6952
6952
6952
6952
6952
6952
6952
6952
6952
6952
6952
6952
6952
6179
6334
6334
6488
6488
6488
6643
6643
6643
6643
6797
6797
6797
6797
6797
6797
6797
6797
6952
6952
6952
6952
6952
6952
6952
6952
6952
6952
6952
6952
6952
6952
6952
6952
6952
6952
6952
6179
6334
6334
6488
6488
6488
6643
6643
6643
6643
6797
6797
6797
6797
6797
6797
6797
6797
6797
6952
6952
6952
6952
6952
6952
6952
6952
6952
6952
6952
6952
6952
6952
6952
6952
6952
6952
6179
6334
6334
6488
6488
6488
6643
6643
6643
6643
6797
6797
6797
6797
6797
6797
6797
6797
6797
6952
6952
6952
6952
6952
6952
6952
6952
6952
6952
6952
6952
6952
6952
6952
6952
6952
6952
6952
6179
6334
6334
6488
6488
6488
6643
6643
6643
6643
6797
6797
6797
6797
6797
6797
6797
6797
6797
6952
6952
6952
6952
6952
6952
6952
6952
6952
6949
6949
6949
6952
6952
6952
6952
6952
6952
6949
6940
4309
4617
4923
5073
5378
5529
5680
5831
5982
6136
6133
6287
6437
6437
6437
6588
6588
6588
6741
6741
6738
6738
6738
6891
6891
6891
6891
6891
6891
6891
6891
6891
6891
6891
6891
6891
6891
6891
6891
4446
4753
4907
5213
5367
5671
5824
5977
5975
6128
6281
6284
6443
6448
6607
6610
6615
6618
6775
6778
6780
6780
6783
6786
6786
6789
6943
6943
6946
6946
6946
6946
6946
6949
6949
6949
6949
6949
6949
6949
461
614
768
1536
2150
2610
3224
3683
3988
4448
4755
4907
5213
5367
5671
5824
5977
5977
6128
6281
6281
6435
6435
6588
6588
6588
6741
6741
6741
6741
6741
6894
6894
6894
6894
6894
6894
6894
6891
6891
6894
3988
4142
4450
4911
5062
5369
5520
5673
5827
5980
6131
6131
6284
6437
6437
6591
6588
6588
6593
6752
6758
6764
6766
6769
6772
6775
6932
6935
6937
6937
6940
6940
6943
6943
6943
6946
6946
6946
6946
6949
6949
6177
6331
6331
6486
6486
6640
6643
6643
6643
6797
6797
6797
6797
6797
6797
6797
6797
6952
6952
6952
6952
6952
6952
6952
6952
6952
6952
6952
6952
6952
6952
6952
6952
6952
6952
6952
6952
6952
6952
6952
6952
6952
6179
6334
6334
6488
6488
6643
6643
6643
6643
6797
6797
6797
6797
6797
6797
6797
6797
6952
6952
6952
6952
6952
6952
6952
6952
6952
6952
6952
6952
6952
6952
6952
6952
6952
6952
6952
6952
6952
6952
6952
6952
6952
6952
6179
6334
6334
6488
6488
6488
6643
6640
6640
6795
6795
6795
6795
6795
6795
6795
6795
6795
6949
6949
6949
6949
6949
6949
6949
6949
6949
6949
6949
6949
6949
6949
6949
6949
6949
6952
6952
6952
6952
6952
6952
6952
6952
6952
6179
6334
6334
6488
6488
6488
6643
6643
6643
6643
6797
6797
6797
6797
6797
6797
6797
6797
6952
6952
6952
6952
6952
6952
6952
6952
6952
6952
6952
6952
6952
6952
6952
6952
6952
6952
6952
6952
6952
6952
6952
6952
6952
6952
6952
6179
6334
6334
6488
6488
6643
6643
6643
6643
6797
6797
6797
6797
6797
6797
6797
6797
6797
6952
6952
6952
6952
6952
6952
6949
6952
6949
6952
6952
6952
6949
6949
6949
6952
6952
6952
6952
6952
6952
6952
6952
6952
6952
6952
6952
6179
6334
6334
6488
6488
6643
6643
6643
6643
6643
6797
6797
6797
6797
6797
6797
6797
6797
6952
6952
6952
6952
6952
6952
6952
6952
6952
6952
6952
6952
6952
6952
6952
6952
6952
6952
6952
6952
6952
6952
6952
6952
6952
6952
6952
6952
6179
6334
6334
6488
6488
6488
6643
6643
6643
6643
6797
6797
6797
6797
6797
6797
6797
6797
6952
6952
6952
6952
6952
6952
6952
6952
6952
6952
6952
6952
6952
6952
6952
6952
6952
6952
6952
6952
6952
6952
6952
6952
6952
6952
6952
6952
6952
6179
6334
6334
6488
6488
6488
6643
6643
6643
6643
6797
6797
6797
6797
6797
6797
6797
6797
6952
6952
6952
6952
6952
6952
6952
6952
6952
6952
6952
6952
6952
6952
6952
6952
6952
6952
6952
6952
6952
6952
6952
6952
6952
6952
6952
6952
6952
