6783
6783
6937
7092
7092
7246
7246
7246
7400
7403
7403
7403
7557
7557
7557
6786
6940
6940
7095
7095
7249
7249
7249
7403
7403
7403
7403
7403
7557
7557
6786
6786
6940
7095
7095
7249
7249
7249
7403
7403
7403
7403
7557
7557
7557
6786
6940
6940
7095
7095
7249
7249
7249
7403
7403
7403
7403
7557
7557
7557
6786
6940
6940
7095
7095
7249
7249
7249
7403
7403
7403
7403
7557
7557
7557
7557
6786
6940
6940
7095
7095
7249
7249
7249
7403
7403
7403
7403
7554
7554
7554
7554
6786
6940
6940
7095
7095
7249
7246
7246
7400
7403
7403
7403
7557
7557
7557
7557
6786
6940
6940
7095
7095
7249
7249
7249
7400
7394
7391
7385
7535
7532
7529
7529
7526
4915
5222
5373
5680
5985
6138
6289
6443
6593
6747
6900
7053
7050
7204
7204
7204
7357
4602
4909
5218
5522
5829
5982
6133
6440
6593
6747
6744
6897
7050
7050
7204
7204
7204
6136
6289
6440
6593
6747
6897
6897
7050
7204
7204
7204
7357
7354
7354
7507
7507
7507
6138
6292
6443
6596
6749
6900
6900
7053
7204
7207
7204
7357
7357
7357
7510
7507
7507
7507
6596
6747
6900
6900
7050
7050
7204
7204
7357
7357
7357
7357
7507
7507
7507
7507
7507
7507
6443
6602
6758
6761
6920
7077
7077
7234
7237
7237
7394
7394
7397
7397
7551
7554
7554
7554
6632
6786
6940
6943
7097
7097
7252
7252
7406
7406
7406
7406
7406
7560
7560
7560
7560
7560
7560
6792
6946
6946
7100
7100
7252
7252
7252
7406
7406
7406
7406
7560
7560
7560
7560
7560
7560
7560
6792
6946
6946
7100
7100
7255
7255
7255
7406
7406
7406
7406
7560
7560
7560
7560
7560
7560
7560
6792
6946
6946
7100
7100
7255
7255
7255
7406
7406
7406
7406
7560
7560
7560
7560
7560
7560
7560
7560
6792
6946
6943
7097
7097
7252
7252
7252
7406
7406
7406
7406
7560
7560
7560
7560
7560
7560
7560
7560
6792
6946
6946
7100
7100
7255
7255
7252
7406
7406
7406
7406
7560
7560
7560
7560
7560
7560
7560
7560
5557
5711
5863
5863
6017
6017
6017
6172
6172
6172
5557
5711
5711
5865
5865
6020
6020
6174
6172
6172
5557
5711
5711
5865
5865
6020
6020
6174
6174
6172
5557
5711
5711
5865
5865
6020
6020
6174
6174
6172
6172
5557
5711
5711
5865
5865
6020
6020
6174
6174
6172
6480
5865
6017
6326
6635
6786
7095
7249
7403
7557
7554
6786
7095
7249
7400
7554
7554
7708
7862
7862
8017
7095
7246
7400
7554
7708
7862
7862
8017
8013
8010
8003
4919
5380
5685
5992
6144
6448
6599
6752
6903
7056
7207
7207
5831
6138
6289
6596
6747
6900
7053
7204
7204
7357
7357
7510
6596
6749
6900
7053
7207
7204
7357
7510
7510
7510
7664
7664
6749
6900
7053
7207
7204
7357
7510
7510
7510
7664
7660
7660
6292
6445
6596
6749
6903
7053
7207
7207
7360
7360
7360
7360
7513
6292
6448
6758
6912
7068
7225
7382
7535
7692
7846
7849
7086
7240
7394
7548
7702
7702
7856
7856
8010
8013
8167
8167
7246
7400
7554
7705
7705
7859
8013
8013
8013
8167
8167
8167
7246
7400
7554
7708
7862
7862
8017
8017
8017
8171
8171
8171
7403
7400
7554
7708
7862
7862
8017
8017
8171
8171
8171
8171
7403
7554
7554
7708
7862
7862
8017
8017
8171
8171
8171
8171
7403
7554
7554
7708
7862
7862
8017
8017
8171
8171
8171
8171
8325
7542
7846
8000
8304
8458
7542
7846
8154
8308
8458
7696
7846
8154
8308
8612
7696
8000
8154
8462
8612
7696
8000
8154
8462
8612
7696
8000
8154
8462
8612
7696
8000
8154
8462
8612
7696
8000
8308
8462
8612
7849
8000
8308
8458
8612
7846
8000
8308
8458
8612
8766
7846
8000
8308
8458
8612
8766
7846
8000
8308
8458
8612
8766
7846
8154
8304
8458
8612
8766
7846
8154
8304
8458
8612
8762
7846
8154
8304
8458
8766
8766
7846
8154
8304
8612
8766
8916
8000
8154
8304
8612
8766
8916
8000
8154
8458
8612
8766
8919
8000
8154
8458
8612
8766
8919
8000
8154
8458
8612
8766
8919
