6172
6172
6326
6326
6480
6480
6635
6635
6635
6635
6635
6792
6792
6792
6792
6792
6792
6792
6792
6946
6946
6946
6943
6937
6932
6929
6923
6920
6917
6914
6912
6912
6909
6906
6144
6294
6292
6445
6445
6596
6596
6593
6747
6747
6744
6744
6744
6744
6897
6897
6897
6894
6894
6894
6894
6894
6894
6894
6894
6894
6894
6894
6894
6894
6894
6894
6894
6894
4909
5062
5369
5522
5673
5827
5977
6131
6131
6284
6437
6437
6437
6591
6591
6591
6744
6744
6741
6741
6741
6894
6894
6894
6894
6894
6894
6894
6894
6894
6894
6894
6894
6894
5827
5980
6133
6287
6284
6437
6437
6591
6591
6591
6744
6741
6741
6741
6741
6741
6894
6894
6894
6894
6894
6894
6894
6894
6894
6894
6894
6894
6894
6894
6894
6894
6894
6894
6894
5215
5369
5520
5673
5827
5980
6131
6284
6284
6437
6437
6591
6591
6591
6744
6741
6744
6749
6755
6761
6764
6920
6926
6929
6929
6932
6935
6935
6937
6940
6940
6940
6943
6943
6943
6943
1228
1995
2607
3068
3526
3986
4291
4598
4904
5209
5362
5515
5668
5819
5972
6126
6279
6279
6432
6432
6585
6582
6582
6735
6735
6735
6735
6735
6735
6888
6888
6888
6888
6888
6888
6888
6888
4600
4753
5058
5364
5518
5668
5822
5975
6128
6128
6279
6432
6432
6432
6585
6585
6585
6738
6738
6738
6738
6738
6891
6888
6888
6888
6888
6888
6888
6888
6888
6888
6888
6888
6888
6888
6888
6888
5058
5364
5518
5668
5822
5975
6128
6281
6279
6432
6432
6588
6588
6588
6741
6741
6741
6741
6741
6894
6894
6894
6894
6897
6897
6897
6897
6897
6897
6897
6894
6894
6894
6897
6897
6897
6894
6894
4755
5060
5213
5518
5671
5824
5975
6128
6128
6281
6432
6432
6432
6585
6585
6585
6744
6749
6755
6761
6764
6766
6772
6929
6932
6932
6935
6937
6937
6940
6940
6943
6943
6943
6946
6946
6946
6946
6946
1076
1844
2458
2918
3532
3840
4299
4606
4911
5064
5371
5524
5678
5831
5982
6136
6136
6289
6443
6443
6443
6596
6596
6596
6749
6749
6747
6749
6749
6749
6903
6900
6900
6900
6900
6900
6903
6903
6903
6903
4606
4917
5224
5378
5529
5683
5834
5987
6138
6292
6294
6448
6448
6445
6599
6599
6599
6749
6749
6749
6749
6749
6903
6903
6903
6903
6903
6903
6903
6903
6903
6903
6903
6903
6900
6903
6903
6903
6903
6903
4606
4913
5224
5378
5529
5683
5834
5987
6138
6292
6292
6445
6445
6596
6596
6596
6596
6749
6749
6747
6747
6747
6900
6900
6900
6903
6900
6900
6900
6900
6900
6900
6900
6900
6900
6900
6900
6900
6900
6900
6903
4452
4759
5066
5218
5527
5683
5836
5990
6141
6141
6294
6292
6445
6445
6599
6599
6602
6761
6764
6769
6772
6775
6778
6780
6935
6937
6937
6940
6940
6943
6943
6943
6946
6946
6946
6946
6946
6949
6949
6949
6949
6949
1074
1842
2455
2915
3374
3835
4293
4600
4907
5058
5364
5518
5671
5824
5977
6128
6128
6281
6435
6435
6588
6588
6588
6588
6741
6741
6741
6741
6741
6894
6894
6894
6894
6894
6894
6894
6894
6894
6894
6894
6894
6894
6894
5367
5520
5673
5827
5977
6131
6284
6284
6437
6435
6588
6588
6588
6741
6741
6741
6741
6741
6894
6894
6894
6894
6894
6894
6894
6894
6894
6894
6894
6894
6894
6894
6894
6894
6894
6894
6894
7047
7047
7047
7047
7047
7047
4142
4450
4757
5062
5369
5520
5673
5827
5980
6133
6133
6284
6437
6437
6437
6591
6591
6588
6741
6741
6741
6741
6741
6894
6894
6897
6903
6909
6914
6917
6923
6926
6929
6929
6932
6935
6937
6937
6940
6940
6943
6943
6943
6946
6329
6329
6483
6486
6640
6640
6640
6640
6795
6795
6795
6795
6795
6795
6795
6795
6949
6949
6949
6952
6952
6949
6952
6952
6952
6952
6952
6952
6952
6952
6952
6952
6952
6952
6952
6952
6952
6952
6952
6952
6952
6952
6952
6952
6952
6334
6488
6488
6488
6643
6643
6643
6643
6797
6797
6797
6797
6797
6797
6797
6797
6952
6952
6952
6952
6952
6952
6952
6952
6952
6952
6952
6952
6952
6952
6952
6952
6952
6952
6952
6952
6952
6952
6952
6952
6952
6952
6952
6952
6949
6949
6334
6334
6486
6486
6640
6640
6640
6640
6795
6795
6795
6795
6795
6795
6795
6795
6949
6949
6949
6949
6952
6952
6952
6952
6952
6952
6952
6952
6952
6952
6952
6952
6952
6952
6952
6952
6952
6952
6952
6952
6952
6952
6952
6952
6952
6952
6334
6334
6488
6488
6643
6643
6643
6643
6797
6797
6797
6797
6797
6797
6797
6797
6797
6952
6952
6952
6952
6952
6952
6952
6952
6952
6952
6952
6952
6952
6952
6952
6952
6952
6952
6952
6952
6952
6952
6952
6952
6952
6952
6952
6952
6952
6952
