462
770
1385
2154
2923
3844
4000
4769
5228
5380
5685
5836
6144
4150
4148
4456
4761
5066
5373
5678
6138
5839
6297
6451
6602
6755
6752
6906
6906
7056
5222
5527
5680
5985
6138
6292
6443
6596
6903
5220
5527
5834
5985
6138
6289
6443
6596
6596
6749
4913
5220
5527
6141
6602
7062
461
616
770
1078
1693
2307
2922
3382
3841
4300
4608
4913
4302
4608
4913
5220
5371
5524
5831
5982
5982
6136
6289
6287
5527
5678
5831
5831
5985
6138
6136
6289
6289
6443
6440
6593
6593
5834
5985
6138
6292
6289
6443
6443
6596
6593
6593
6747
6747
5831
6448
6909
7369
7680
7987
7225
7686
7993
8301
8455
8762
7846
8154
8458
8612
8919
9073
8157
8308
8615
8769
9077
9231
8311
8465
8769
8923
9077
9231
8311
8619
8769
8923
9231
9385
9381
8311
8619
8769
9077
9231
9385
9535
8465
8619
8769
9077
9231
9385
9539
8465
8619
8927
9077
9231
9385
9539
7095
7249
7400
7554
7708
7862
7862
8017
8017
7249
7403
7403
7554
7708
7862
7862
8017
8017
6005
6156
6459
6610
6761
6912
7065
7216
7369
7523
4759
5066
5371
5678
5982
6292
6602
6752
6906
7056
7210
4452
4604
4759
4915
5222
5527
5834
6138
6292
6596
6749
4606
5068
5378
5841
6149
6459
6615
6923
7080
7234
460
614
921
1688
2455
3068
3681
4293
4751
5058
5518
5822
3833
3835
4293
4753
5211
5518
5824
6128
6281
6588
6738
6891
5673
6131
6284
6437
6741
6894
7047
7044
7198
7351
7351
7504
6591
6741
6894
7047
7198
7198
7351
7504
7504
7504
7654
7654
5680
5990
6300
6610
6764
7074
7231
7385
7542
7696
7696
6932
7086
7240
7394
7548
7702
7702
7856
8013
8013
8013
7246
7400
7551
7551
7705
7856
7849
7846
7840
7836
7987
7983
5680
5985
6136
6443
6593
6747
6897
7050
7201
7201
7354
7504
7504
6440
6593
6900
7050
7050
7201
7354
7354
7504
7504
7657
7657
7657
6747
6900
7053
7204
7204
7354
7507
7507
7657
7657
7657
7810
7810
6744
7056
7213
7369
7526
7683
7686
7843
7843
8000
8000
8157
7237
7394
7548
7702
7702
7856
7856
8010
8010
8164
8164
8167
7400
7400
7551
7705
7859
7859
8013
8013
8167
8167
8167
8167
7400
7554
7554
7708
7862
7862
8017
8017
8171
8171
8171
8325
8325
