6015
6169
6323
6326
6480
6480
6480
6635
6635
6635
6635
6789
6789
6789
6792
6792
6792
6792
6792
6792
6946
6946
6946
6946
6946
6946
6946
6946
6946
6946
6946
6946
6946
6946
6174
6323
6318
6467
6464
6461
6610
6610
6607
6758
6758
6755
6752
6752
6903
6903
6903
6900
6900
6900
6900
6897
6897
6897
6897
6897
6897
6897
6897
6897
6894
6894
6894
6894
5985
5985
6136
6289
6287
6440
6440
6593
6593
6593
6744
6744
6744
6744
6744
6744
6897
6894
6894
6894
6894
6894
6894
6894
6894
6894
6894
6894
6894
6897
6897
6897
6894
6894
6894
5369
5522
5673
5827
5980
6133
6287
6284
6437
6437
6591
6591
6591
6744
6744
6744
6744
6744
6744
6897
6897
6894
6894
6897
6897
6897
6897
6897
6897
6894
6894
6894
6894
6894
6894
4602
4759
5066
5373
5524
5678
5829
5982
6133
6133
6289
6443
6443
6440
6593
6593
6591
6744
6744
6744
6744
6744
6897
6897
6897
6897
6897
6894
6897
6897
6897
6897
6897
6897
6897
6894
5982
6136
6133
6287
6440
6440
6591
6591
6591
6744
6749
6755
6761
6764
6766
6772
6775
6932
6932
6935
6937
6937
6940
6940
6943
6943
6943
6946
6946
6946
6946
6946
6949
6949
6949
6949
6949
1382
2149
2609
3222
3681
3988
4446
4753
4907
5213
5367
5671
5824
5977
5977
6131
6284
6284
6435
6435
6588
6588
6588
6741
6741
6741
6741
6741
6894
6894
6894
6894
6894
6894
6894
6894
6894
4755
5062
5215
5369
5673
5827
5980
5980
6133
6287
6287
6437
6437
6591
6591
6591
6744
6744
6744
6744
6744
6897
6897
6897
6897
6897
6897
6897
6897
6894
6894
6894
6894
6894
6894
6897
6897
6894
4755
5062
5369
5522
5673
5827
5980
6133
6133
6287
6437
6437
6437
6591
6591
6591
6744
6744
6744
6744
6744
6897
6894
6894
6894
6894
6894
6894
6894
6894
6894
6894
6894
6894
6894
6894
6894
6894
7047
4295
4604
4913
5070
5380
5538
5695
5851
6007
6161
6164
6321
6321
6478
6478
6635
6635
6635
6635
6792
6792
6792
6792
6792
6795
6795
6795
6949
6949
6949
6949
6949
6949
6949
6949
6949
6952
6952
6952
6952
1382
1995
2610
3069
3528
3988
4293
4600
4907
5213
5364
5518
5671
5824
5977
6131
6284
6284
6435
6437
6588
6588
6588
6741
6741
6741
6741
6741
6894
6894
6894
6894
6894
6894
6894
6894
6894
6894
6894
6894
4602
4913
5064
5371
5522
5676
5829
5980
6133
6287
6287
6437
6437
6591
6591
6591
6744
6744
6744
6741
6741
6741
6894
6894
6894
6894
6894
6894
6894
6894
6894
6894
6894
6894
6894
6894
6894
6894
6894
7047
7047
5215
5369
5520
5673
5827
5980
6133
6284
6284
6437
6437
6591
6591
6591
6744
6744
6744
6744
6744
6894
6894
6894
6894
6894
6894
6894
6894
6894
6894
6894
6894
6894
6894
6894
6894
7047
7047
7047
7047
7050
7056
7062
6302
6459
6464
6467
6624
6624
6626
6783
6783
6786
6786
6789
6789
6789
6792
6946
6946
6946
6949
6949
6949
6949
6949
6949
6949
6949
6949
6949
6949
6949
6952
6952
6952
6952
6952
6952
6952
6952
6952
6952
6952
6952
6952
6334
6334
6488
6488
6488
6643
6643
6643
6797
6797
6797
6797
6795
6795
6795
6795
6949
6952
6952
6949
6949
6949
6949
6949
6949
6952
6952
6952
6952
6952
6952
6952
6952
6952
6952
6952
6952
6952
6952
6952
6952
6952
6952
6952
6334
6334
6488
6488
6643
6643
6643
6643
6797
6797
6797
6797
6797
6797
6797
6797
6952
6952
6952
6952
6952
6952
6952
6952
6952
6952
6952
6952
6952
6952
6952
6952
6952
6952
6952
6952
6952
6952
6952
6952
6952
6952
6952
6952
6334
6334
6488
6488
6643
6643
6643
6643
6797
6797
6797
6797
6797
6797
6797
6797
6952
6952
6952
6952
6952
6952
6952
6952
6952
6952
6952
6952
6952
6952
6952
6952
6952
6952
6952
6952
6952
6952
6952
6952
6952
6949
6952
6949
6952
6334
6334
6488
6488
6488
6643
6643
6643
6797
6797
6797
6797
6797
6797
6797
6797
6952
6952
6952
6952
6952
6952
6952
6952
6952
6952
6952
6952
6952
6952
6952
6952
6952
6952
6952
6952
6952
6952
6952
6952
6952
6952
6952
6952
6952
6952
6334
6334
6488
6488
6488
6643
6643
6643
6643
6797
6797
6797
6797
6797
6797
6797
6797
6952
6952
6952
6952
6952
6952
6952
6952
6952
6952
6952
6952
6952
6952
6952
6952
6952
6952
6952
6952
6952
6952
6952
6952
6952
6952
6952
6952
6952
6952
6334
6334
6488
6488
6643
6643
6643
6643
6797
6797
6797
6797
6797
6797
6797
6797
6952
6952
6952
6952
6952
6952
6952
6949
6949
6952
6949
6949
6949
6952
6952
6952
6952
6952
6952
6952
6952
6952
6952
6952
6952
6952
6952
6952
6952
6952
6952
7696
8000
8308
8458
7696
8000
8308
8458
8612
7846
8154
8304
8458
7846
8154
8304
8458
8612
7846
8154
8304
8612
8766
7846
8154
8304
8612
8766
7846
8154
8304
8612
8766
8000
8304
8458
8612
8766
8000
8154
8458
8612
8766
8000
8154
8462
8612
8766
8000
8308
8462
8612
8766
8000
8308
8458
8612
8766
8000
8308
8458
8612
8766
8000
8308
8458
8612
8766
8919
8154
8308
8458
8612
8766
8919
8154
8308
8458
8612
8766
8919
8154
8308
8458
8766
8919
8919
8154
8308
8458
8766
8766
8919
8154
8308
8458
8612
8766
8919
8154
8462
8612
8766
8919
9069
