7086
7240
7394
7548
7548
7702
7856
7856
8010
7243
7394
7548
7548
7702
7856
7856
8010
8010
7243
7397
7551
7702
7702
7856
7856
8010
8010
7243
7397
7551
7705
7705
7856
7856
8010
8010
8164
7243
7397
7551
7705
7705
7859
8010
8010
8010
8164
7243
7397
7551
7705
7705
7856
8010
8007
8007
8161
7237
7391
7545
7699
7699
7853
8007
8007
8007
8161
7240
7394
7548
7702
7856
7856
8010
8010
8010
8164
7397
7397
7548
7702
7856
7856
8010
8010
8010
8164
8164
7397
7397
7551
7705
7859
7856
8010
8010
8164
8164
8164
7397
7551
7551
7705
7859
7859
8010
8010
8164
8164
8164
7397
7551
7551
7705
7856
7856
8010
8010
8164
8164
8164
7397
7551
7548
7702
7856
7856
8010
8010
8164
8164
8164
7397
7551
7705
7702
7856
7856
8010
8010
8164
8164
8164
8318
7397
7551
7705
7705
7856
7856
8010
8010
8164
8164
8164
8318
7397
7551
7702
7702
7856
7856
8010
8010
8164
8164
8164
8318
7397
7551
7702
7702
7856
7856
8010
8010
8164
8164
8164
8318
7397
7551
7705
7705
7859
7856
8010
8010
8164
8164
8164
8318
7397
7551
7705
7705
7859
7856
8010
8010
8164
8164
8164
8318
7397
7551
7705
7705
7859
8013
8010
8010
8164
8164
8164
8318
8318
8154
8462
8612
8919
9073
8154
8462
8612
8919
9073
8154
8150
7993
7836
7683
7526
7372
7369
7366
7213
7213
4604
4911
5371
5676
5829
5982
6133
6133
6287
6440
5218
5369
5676
5829
5980
6133
6133
6284
6437
6437
6591
4140
4448
5062
5215
5520
5673
5827
5977
6131
6284
5215
5369
5520
5673
5827
5980
6131
6284
6284
6437
6591
3986
4295
4602
4909
5060
5367
5520
5673
5977
5977
6131
5062
5215
5369
5673
5827
5980
6133
6131
6284
6437
6437
6591
3988
4142
4602
4909
5215
5520
5673
5827
5980
6131
6284
4909
5215
5367
5673
5827
5977
6131
6131
6284
6437
6437
6591
3986
4140
4446
4909
5369
5520
5673
5827
5980
6131
6284
6284
4604
4911
5215
5369
5673
5827
5980
6131
6131
6284
6437
6437
6591
5829
5982
6133
6287
6287
6437
6437
6591
6591
6744
6741
6741
6894
5831
5982
6136
6133
6287
6440
6440
6591
6591
6744
6744
6744
6744
5831
6294
6909
7216
7680
7987
7225
7686
7993
8301
8608
8762
8000
8308
8458
8766
8919
9073
9227
8311
8462
8769
8923
9077
9227
9381
8311
8619
8769
9077
9231
9385
9539
