6783
6783
6937
7092
7092
7246
7246
7246
7400
7400
7400
7400
7400
7554
7554
6786
6940
6940
7092
7086
7237
7231
7228
7375
7372
7369
7523
7520
7516
7513
5524
5831
5982
6133
6440
6591
6591
6744
6894
7047
7047
7201
7201
7198
7351
6284
6437
6591
6744
6894
6894
7047
7201
7198
7198
7351
7351
7351
7504
7504
6131
6284
6435
6588
6741
6894
6891
7044
7198
7198
7198
7351
7351
7348
7501
7501
6284
6435
6588
6741
6894
6891
7044
7044
7198
7198
7351
7351
7351
7501
7501
7501
6131
6284
6437
6588
6741
6894
6894
7044
7044
7198
7198
7351
7351
7351
7351
7501
5977
6289
6448
6604
6607
6764
6920
6923
7077
7074
7222
7219
7369
7366
7363
7516
7513
6448
6604
6761
6917
6920
7077
7080
7237
7237
7240
7394
7397
7397
7397
7554
7554
7554
6786
6786
6940
7095
7095
7097
7252
7252
7406
7406
7406
7406
7406
7560
7560
7560
7560
6792
6792
6946
7100
7097
7252
7252
7252
7406
7406
7406
7406
7406
7560
7560
7560
7560
7560
6792
6946
6946
7100
7100
7255
7255
7252
7406
7406
7406
7406
7406
7560
7560
7560
7560
7560
6792
6946
6946
7100
7100
7255
7252
7252
7406
7406
7406
7406
7406
7560
7560
7560
7560
7560
6792
6943
6943
7097
7097
7252
7252
7252
7406
7406
7406
7406
7406
7560
7560
7560
7560
7560
6792
6946
6943
7097
7097
7252
7252
7252
7406
7406
7406
7406
7560
7560
7560
7557
7557
7557
7557
6786
6786
6940
7095
7097
7252
7252
7252
7406
7406
7406
7406
7406
7560
7560
7560
7560
7560
7560
6789
6789
6943
7097
7097
7252
7252
7252
7406
7406
7406
7406
7406
7560
7560
7560
7560
7560
7560
6789
6789
6943
7097
7097
7252
7252
7252
7406
7406
7406
7406
7406
7560
7560
7560
7560
7560
7560
7560
6792
6946
6946
7100
7100
7255
7252
7252
7406
7406
7406
7406
7406
7560
7560
7560
7560
7560
7560
7560
6792
6943
6943
7097
7097
7252
7252
7252
7406
7406
7406
7406
7560
7560
7560
7560
7560
7560
7560
7560
8007
8311
8465
8773
8923
8007
8311
8619
8773
8923
8007
8311
8619
8773
8923
8003
7846
7843
7686
7683
7526
7523
7520
7366
7363
7363
5834
6448
6912
7372
7680
7074
7378
7840
8147
8455
7692
8000
8304
8612
8766
8919
8003
8308
8462
8769
8923
9077
8157
8311
8308
8147
7990
7833
7830
7676
7673
7516
5831
5985
6136
6289
6287
6440
6437
6591
6591
6744
6741
6741
5829
5980
6133
6287
6284
6437
6437
6588
6588
6741
6741
6741
5524
5676
5829
5980
6133
6133
6284
6437
6437
6591
6588
6588
6741
5829
5980
6133
6284
6284
6437
6591
6588
6588
6741
6741
6741
5980
6443
6903
7366
7673
7983
7375
7683
7990
8297
8605
8762
7997
8304
8458
8766
8919
9073
8154
8462
8769
8923
9073
9227
9381
8311
8615
8769
9077
9231
9381
9535
8465
8619
8923
9077
9231
9385
9539
8465
8619
8927
9077
9231
9385
9539
