5683
6141
6448
6602
6909
7062
7216
7366
7520
5529
5836
6141
6448
6599
6906
7059
7213
7369
6149
6453
6758
6909
7062
7213
7366
7520
7670
6141
6294
6604
6758
7068
7222
7375
7526
7676
7676
5685
5990
6294
6602
6752
7059
7213
7366
7520
7676
6761
6912
7062
7216
7366
7520
7670
7823
7823
7973
6141
6448
6755
6912
7065
7219
7369
7523
7673
7827
5529
5987
6294
6445
6752
6909
7065
7369
7520
7520
5529
5987
6294
6445
6752
6903
7213
7366
7520
7516
7670
5529
5987
6294
6445
6752
6903
7210
7363
7520
7520
7670
5683
5834
6141
6445
6752
6903
7056
7210
7363
7520
7670
5834
6141
6445
6752
6903
7056
7210
7360
7513
7667
7820
6909
7062
7213
7363
7516
7670
7820
7820
7973
7970
8123
6138
6292
6602
6906
7059
7210
7363
7513
7667
7667
7820
5831
6138
6445
6755
6906
7059
7210
7363
7516
7667
7820
7820
6292
6596
6749
7056
7210
7366
7520
7670
7670
7820
7973
7973
5834
6138
6443
6749
6903
7053
7210
7363
7516
7670
7820
7820
5680
6138
6292
6596
6903
7056
7207
7360
7516
7670
7670
7823
5680
5987
6292
6599
6903
7056
7210
7360
7513
7670
7670
7823
5834
6141
6445
6752
6903
7056
7360
7360
7513
7667
7820
7820
7977
6635
6789
6943
6943
7097
7097
7252
7252
7252
7406
7406
7406
7406
7560
7560
6637
6792
6946
6946
7097
7097
7252
7252
7252
7406
7406
7406
7406
7406
7560
6637
6792
6946
6946
7100
7100
7255
7255
7255
7406
7406
7406
7406
7406
7560
6637
6792
6946
6946
7100
7100
7255
7255
7255
7409
7406
7406
7406
7406
7560
6637
6792
6946
6946
7100
7100
7255
7255
7255
7409
7406
7406
7406
7560
7560
7560
6637
6792
6946
6946
7100
7100
7255
7255
7255
7409
7409
7406
7406
7560
7560
7560
6637
6792
6946
6946
7100
7100
7255
7255
7255
7409
7406
7406
7406
7560
7560
7560
6637
6792
6946
6946
7100
7097
7252
7252
7252
7406
7406
7406
7406
7560
7560
7560
7560
6792
6789
6943
6943
7097
7097
7252
7252
7252
7406
7406
7406
7406
7560
7560
7560
7560
6792
6792
6946
7100
7100
7100
7255
7255
7255
7406
7406
7406
7406
7560
7560
7560
7560
6792
6792
6946
7100
7100
7255
7255
7252
7403
7400
7394
7391
7542
7538
7535
7532
7529
7529
5534
5839
5992
6144
6300
6453
6607
6758
6912
7065
7062
7216
7216
7213
7366
7366
7366
4763
5070
5378
5687
5841
6149
6300
6451
6604
6758
6909
6909
7059
7059
7213
7213
7366
7363
5683
5836
6144
6294
6448
6602
6752
6906
6906
7059
7056
7210
7210
7363
7363
7363
7363
7516
4763
5068
5376
5680
5834
6141
6294
6445
6599
6752
6906
6906
7059
7062
7219
7222
7222
7372
7372
4765
5073
5378
5683
5990
6141
6294
6448
6599
6752
6906
6912
7068
7071
7222
7222
7372
7372
7369
5531
5836
5990
6294
6448
6602
6752
6752
6906
7059
7059
7219
7222
7225
7382
7385
7388
7391
7545
6626
6780
6937
6937
7092
7095
7249
7249
7249
7403
7403
7403
7406
7560
7560
7560
7560
7560
7560
7560
6792
6946
6946
7100
7097
7252
7252
7252
7406
7406
7406
7406
7560
7560
7560
7560
7560
7560
7560
7560
6792
6946
6943
7097
7097
7252
7252
7252
7406
7406
7406
7406
7560
7560
7560
7560
7560
7560
7560
7560
8007
8315
8465
8773
8927
8007
8315
8619
8773
8923
8007
8311
8619
8773
9077
8161
8311
8619
8773
9077
8161
8311
8619
8773
9077
8161
8465
8619
8923
9077
8157
8465
8619
8923
9077
9231
8157
8465
8619
8923
9077
9231
8161
8465
8773
8927
9077
9231
8315
8465
8773
8927
9077
9231
8315
8465
8773
8927
9077
9231
8315
8619
8773
8927
9077
9385
8315
8619
8773
8927
9231
9385
8315
8619
8773
8927
9231
9385
8311
8619
8773
9077
9231
9385
8311
8619
8773
9077
9231
9385
8465
8619
8773
9077
9231
9385
9539
8465
8619
8927
9077
9231
9385
9539
8465
8619
8927
9077
9231
9385
9539
8465
8619
8927
9077
9231
9385
9539
6315
6621
7080
7388
7692
6929
7234
7542
7846
8154
7234
7542
7846
8000
8308
7388
7696
8000
8308
8458
7542
7849
8154
8308
8458
7696
7846
8154
8308
8612
7696
8000
8154
8462
8612
7696
8000
8308
8462
8612
7696
8000
8308
8458
8612
7846
8000
8308
8458
8612
7692
8000
8308
8458
8612
8766
7846
8000
8308
8458
8612
8766
7846
8154
8308
8458
8766
8919
7846
8154
8308
8612
8766
8919
7846
8154
8308
8612
8766
8919
8000
8154
8308
8612
8766
8919
8000
8154
8462
8612
8766
8919
8000
8154
8462
8612
8766
8919
8000
8154
8462
8612
8766
8919
8000
8154
8462
8612
8766
8919
