6783
6783
6937
7092
7092
7249
7249
7249
7403
7403
7403
7403
7400
7554
7554
6786
6940
6940
7095
7095
7249
7249
7249
7400
7400
7400
7400
7400
7554
7554
6786
6940
6940
7095
7095
7249
7249
7249
7403
7403
7403
7403
7403
7557
7557
6786
6940
6940
7095
7095
7249
7249
7249
7403
7403
7403
7403
7403
7557
7557
6786
6940
6940
7095
7095
7249
7249
7249
7403
7403
7403
7403
7403
7557
7557
7557
6786
6940
6940
7095
7095
7249
7249
7249
7403
7403
7403
7403
7403
7557
7557
7557
6786
6940
6940
7095
7095
7249
7249
7249
7403
7403
7403
7403
7403
7557
7557
7557
6786
6940
6940
7095
7095
7249
7249
7249
7403
7403
7403
7403
7403
7557
7557
7557
7557
6786
6940
6940
7095
7095
7249
7249
7249
7403
7403
7403
7400
7554
7554
7554
7554
7554
6786
6940
6940
7095
7095
7249
7249
7249
7403
7403
7403
7403
7557
7557
7557
7557
7557
6786
6940
6940
7095
7095
7249
7249
7249
7403
7403
7403
7403
7403
7557
7557
7557
7557
7557
6786
6940
6940
7095
7095
7249
7249
7249
7403
7403
7403
7403
7557
7557
7557
7557
7557
7557
6786
6940
6940
7095
7095
7249
7249
7249
7403
7403
7403
7403
7557
7557
7557
7557
7557
7557
6786
6940
6940
7095
7095
7249
7249
7249
7403
7403
7403
7403
7557
7557
7554
7548
7542
7538
5077
5380
5685
5990
6141
6292
6443
6596
6747
6900
6897
7050
7050
7201
7201
7354
7354
7351
7351
5213
5520
5671
5977
6131
6281
6435
6588
6741
6894
6894
7044
7198
7198
7198
7351
7351
7351
7351
4907
5213
5518
5671
5977
6128
6281
6588
6588
6741
6891
7044
7044
7198
7198
7198
7351
7351
7351
4751
5060
5367
5671
5824
6131
6281
6435
6588
6741
6894
6891
7044
7044
7198
7198
7351
7351
7351
4445
4751
4907
5367
5518
5824
5977
6281
6435
6588
6741
6894
6894
7044
7044
7198
7198
7351
7351
7351
6284
6437
6588
6741
6894
6894
7044
7044
7198
7198
7351
7351
7351
7504
7501
7501
7501
7501
7501
7501
