6172
6172
6326
6326
6480
6480
6635
6635
6635
6635
6789
6789
6789
6792
6792
6792
6792
6792
6946
6946
6946
6946
6946
6943
6937
6935
6929
6926
6923
6920
6920
6917
6914
5070
5224
5534
5687
5839
5990
6144
6141
6294
6294
6445
6445
6599
6599
6599
6749
6749
6749
6749
6749
6749
6903
6903
6903
6903
6903
6903
6903
6903
6903
6903
6900
6903
6903
4606
4913
5066
5376
5529
5680
5834
5987
6138
6138
6292
6445
6445
6445
6596
6596
6596
6749
6749
6749
6749
6749
6903
6903
6903
6903
6903
6900
6903
6903
6903
6903
6903
6903
5529
5680
5834
5987
6138
6138
6292
6445
6445
6445
6599
6599
6599
6749
6749
6749
6749
6749
6903
6903
6903
6903
6900
6900
6900
6900
6900
6900
6900
6900
6900
6900
6900
6900
6900
5680
5831
5985
6138
6138
6289
6443
6443
6443
6596
6596
6596
6749
6747
6747
6747
6747
6900
6900
6900
6900
6900
6900
6900
6900
6900
6900
6900
6900
6900
6900
6900
6900
6900
6900
6900
5373
5527
5680
5831
5985
6138
6292
6289
6443
6443
6602
6604
6610
6613
6769
6775
6778
6778
6780
6783
6783
6940
6940
6943
6943
6943
6946
6946
6946
6946
6946
6949
6949
6949
6949
6949
6949
6177
6331
6331
6488
6488
6640
6643
6643
6643
6797
6797
6797
6797
6797
6797
6797
6797
6949
6949
6949
6949
6949
6949
6949
6949
6949
6949
6949
6949
6949
6949
6949
6949
6949
6949
6949
6949
6952
6334
6334
6488
6488
6488
6643
6643
6643
6643
6797
6797
6797
6797
6797
6797
6797
6949
6949
6946
6946
6946
6946
6946
6946
6946
6946
6946
6949
6949
6949
6949
6949
6949
6949
6949
6949
6949
6949
6949
6331
6331
6486
6486
6640
6640
6643
6643
6797
6797
6797
6797
6797
6797
6797
6797
6952
6952
6952
6952
6952
6952
6952
6952
6952
6952
6952
6952
6952
6952
6952
6952
6952
6952
6952
6952
6952
6952
6952
6334
6334
6488
6488
6643
6643
6643
6643
6797
6797
6797
6797
6797
6797
6797
6797
6797
6952
6952
6949
6949
6949
6949
6949
6949
6949
6949
6949
6949
6949
6949
6949
6949
6949
6949
6949
6949
6949
6949
6949
6334
6334
6486
6486
6486
6640
6640
6640
6640
6795
6795
6795
6795
6795
6795
6797
6797
6952
6952
6952
6952
6952
6952
6952
6952
6952
6952
6952
6952
6952
6952
6952
6952
6952
6952
6952
6952
6952
6952
6952
6952
6334
6334
6488
6488
6643
6643
6643
6643
6797
6797
6797
6797
6797
6797
6797
6797
6797
6952
6952
6952
6952
6952
6952
6952
6952
6952
6952
6952
6952
6952
6952
6952
6952
6952
6952
6952
6952
6952
6952
6952
6952
6334
6334
6488
6488
6643
6643
6643
6643
6797
6797
6797
6797
6797
6797
6795
6795
6795
6949
6949
6949
6949
6949
6949
6949
6949
6949
6949
6949
6949
6949
6949
6949
6949
6949
6949
6949
6949
6949
6949
6949
6949
6952
6334
6334
6488
6488
6488
6643
6643
6643
6643
6797
6797
6797
6797
6797
6797
6797
6797
6952
6952
6952
6952
6952
6952
6952
6952
6952
6952
6952
6952
6952
6952
6952
6952
6952
6952
6952
6952
6952
6952
6952
6952
6952
6952
6334
6334
6488
6488
6643
6643
6643
6643
6643
6797
6797
6797
6797
6797
6797
6797
6797
6952
6952
6952
6952
6952
6952
6952
6952
6952
6952
6952
6952
6952
6952
6952
6949
6949
6949
6949
6949
6949
6949
6949
6949
6949
6949
6334
6331
6486
6486
6486
6640
6640
6640
6640
6795
6795
6795
6795
6795
6797
6797
6797
6952
6952
6952
6952
6952
6952
6952
6952
6952
6952
6952
6952
6952
6952
6952
6952
6952
6952
6952
6952
6952
6952
6952
6952
6952
6952
6952
6334
6334
6488
6488
6643
6643
6643
6643
6797
6797
6797
6797
6797
6797
6797
6797
6797
6952
6952
6952
6952
6952
6952
6952
6952
6952
6952
6952
6952
6952
6952
6952
6952
6952
6952
6952
6952
6952
6952
6952
6952
6952
6952
6952
6952
6334
6334
6488
6488
6488
6643
6643
6643
6643
6797
6797
6797
6797
6797
6797
6797
6797
6797
6952
6952
6952
6952
6952
6952
6952
6949
6949
6949
6949
6949
6949
6949
6949
6949
6949
6949
6949
6949
6949
6949
6949
6952
6952
6952
6952
6952
6334
6334
6488
6488
6488
6643
6643
6643
6643
6797
6797
6797
6797
6797
6797
6797
6797
6952
6952
6952
6952
6952
6952
6952
6952
6952
6952
6952
6952
6952
6952
6952
6952
6952
6952
6952
6952
6952
6952
6952
6952
6952
6952
6952
6952
6952
6952
6334
6334
6488
6488
6643
6643
6643
6643
6643
6797
6797
6797
6797
6797
6797
6797
6797
6952
6952
6952
6952
6952
6952
6952
6952
6952
6952
6952
6952
6952
6952
6952
6952
6952
6952
6952
6952
6949
6949
6949
6949
6949
6949
6949
6949
6949
6949
8157
8465
8773
8923
9077
8311
8465
8773
8923
9077
8311
8619
8773
8923
9077
8311
8465
8773
8923
9077
8465
8619
8923
9077
9231
8311
8619
8773
9077
9231
8465
8619
8923
9077
9231
8465
8773
8923
9077
9231
8465
8773
8923
9077
9231
8465
8773
8923
9077
9231
8465
8615
8923
9077
9231
9381
8465
8769
8923
9077
9231
9381
8465
8769
8923
9077
9231
9385
8465
8773
8923
9077
9231
9385
8465
8773
8923
9077
9231
9385
8619
8769
9077
9231
9385
9539
8619
8923
9077
9231
9385
9539
8619
8773
8923
9231
9385
9385
9535
8619
8923
9077
9231
9385
9539
8773
8923
9077
9231
9385
9539
7846
8150
8304
8458
7846
8154
8304
8458
7846
8154
8304
8458
8766
8000
8154
8458
8612
8766
8000
8154
8458
8612
8766
8000
8308
8458
8612
8766
8000
8308
8458
8612
8766
8000
8154
8458
8612
8766
8154
8308
8458
8612
8766
8000
8154
8458
8612
8766
8000
8308
8458
8612
8766
8000
8308
8458
8612
8766
8000
8304
8458
8612
8762
8916
8150
8304
8612
8766
8916
8150
8304
8458
8612
8762
8916
8154
8304
8458
8612
8762
8916
8154
8304
8612
8766
8919
8916
8154
8304
8612
8766
8916
8916
8154
8304
8458
8612
8762
8916
8150
8458
8612
8762
8916
9069
7246
7400
7554
7708
7708
7862
7862
8017
8017
7400
7400
7554
7708
7862
7862
8017
8017
8017
7246
7400
7554
7708
7708
7862
8017
8017
8017
7400
7554
7554
7708
7862
7862
8017
8017
8017
7400
7554
7554
7708
7862
7862
8017
8017
8017
7400
7400
7554
7708
7862
7862
8017
8017
8017
8171
7400
7554
7554
7708
7862
7862
8017
8017
8171
8171
7400
7554
7554
7708
7862
7862
8017
8017
8017
8171
7400
7554
7708
7708
7862
7862
8017
8017
8171
8171
7400
7554
7708
7708
7862
7862
8017
8013
8167
8167
7400
7554
7708
7708
7862
7859
8013
8013
8167
8167
8167
7400
7554
7708
7708
7862
7862
8017
8017
8167
8167
8167
7400
7554
7708
7708
7862
7862
8017
8017
8171
8171
8171
7400
7554
7708
7862
7862
8017
8017
8017
8171
8171
8171
7400
7554
7708
7708
7862
7862
8017
8017
8171
8171
8171
8322
7400
7554
7708
7862
7862
8017
8017
8017
8171
8171
8171
7400
7554
7708
7708
7862
8017
8017
8017
8171
8171
8171
8325
7400
7554
7708
7708
7862
8017
8017
8013
8167
8167
8167
8322
7554
7554
7708
7862
7862
8013
8013
8167
8167
8167
8167
8322
7400
7554
7708
7708
7862
8017
8013
8013
8167
8167
8167
8322
