7375
7680
7833
8140
8294
7532
7836
7990
8297
8451
7686
7993
8147
8451
8605
7689
7993
8301
8455
8605
7843
7993
8301
8455
8605
7843
8147
8301
8455
8762
7843
8150
8301
8455
8762
7843
8150
8301
8608
8762
7843
8150
8301
8608
8762
7843
8150
8301
8455
8608
8762
7843
8150
8301
8455
8762
8762
7843
8150
8301
8608
8762
8912
7997
8150
8455
8608
8762
8912
7997
8147
8455
8608
8762
8912
7997
8147
8455
8608
8758
8912
7997
8147
8455
8605
8758
8912
7993
8301
8455
8605
8758
8912
7993
8301
8455
8608
8758
8912
7997
8301
8455
8608
8758
8912
8150
8301
8455
8608
8758
8912
7243
7397
7551
7551
7705
7859
7859
8010
8010
7243
7397
7551
7702
7702
7853
7853
8007
8007
7240
7394
7548
7702
7702
7856
7856
8010
8010
7243
7394
7548
7702
7702
7856
7856
8010
8010
8164
7243
7397
7551
7705
7705
7856
7856
8010
8010
8164
7243
7397
7551
7705
7705
7859
8013
8013
8010
8164
7243
7397
7551
7705
7705
7859
8013
8013
8010
8164
7243
7397
7551
7705
7859
7859
8010
8010
8010
8164
7397
7397
7551
7705
7856
7856
8010
8010
8010
8164
8164
7397
7397
7551
7705
7859
7856
8010
8010
8164
8164
8164
7397
7551
7551
7705
7859
7859
8010
8010
8164
8164
8164
7397
7551
7551
7705
7856
7856
8010
8010
8164
8164
8164
7397
7551
7551
7702
7856
7856
8010
8010
8164
8164
8164
7397
7551
7551
7705
7859
7859
8010
8010
8164
8164
8164
8318
7397
7551
7705
7705
7859
7859
8013
8010
8164
8164
8164
8318
7397
7551
7705
7705
7859
7859
8013
8010
8164
8164
8164
8318
7397
7551
7705
7705
7859
7859
8013
8010
8164
8164
8164
8318
7397
7551
7705
7705
7859
7859
8010
8010
8164
8164
8164
8318
7397
7551
7705
7702
7856
7856
8010
8010
8164
8164
8164
8318
7397
7551
7705
7705
7859
7856
8010
8010
8164
8164
8164
8318
8318
6329
6329
6483
6483
6483
6637
6637
6637
6637
6792
6792
6792
6792
6792
6792
6792
6792
6792
6946
6946
6946
6946
6946
6946
6946
6946
6946
6946
6946
6946
6946
6946
6946
6946
6177
6331
6331
6486
6486
6640
6640
6640
6640
6795
6795
6795
6795
6795
6795
6795
6795
6795
6949
6949
6949
6949
6946
6946
6949
6946
6946
6946
6949
6949
6949
6946
6946
6946
6331
6331
6486
6486
6486
6640
6640
6640
6640
6795
6795
6795
6795
6795
6795
6795
6795
6795
6949
6949
6949
6949
6949
6949
6949
6949
6946
6949
6949
6949
6946
6949
6946
6946
6946
6331
6331
6486
6486
6486
6640
6640
6640
6640
6795
6792
6792
6792
6792
6792
6792
6792
6792
6946
6946
6946
6946
6946
6946
6946
6946
6946
6946
6946
6946
6946
6946
6946
6946
6946
6946
6331
6331
6486
6483
6486
6637
6637
6637
6637
6795
6792
6792
6795
6792
6795
6792
6795
6792
6949
6946
6949
6949
6946
6949
6946
6949
6946
6949
6946
6946
6949
6946
6949
6949
6949
6946
6949
6331
6331
6486
6486
6486
6640
6640
6640
6640
6795
6795
6795
6795
6795
6795
6795
6795
6795
6949
6949
6949
6949
6949
6946
6946
6949
6949
6946
6946
6946
6949
6949
6946
6943
6937
6935
6929
5233
5382
5687
5839
5990
5990
6141
6294
6294
6445
6443
6596
6596
6593
6593
6747
6747
6747
6744
6744
6897
6897
6897
6897
6897
6897
6894
6897
6897
6897
6894
6894
6894
6894
6897
6894
6894
6894
4755
4913
5220
5371
5524
5676
5829
5980
6133
6289
6289
6440
6440
6593
6593
6591
6591
6744
6744
6744
6744
6744
6897
6897
6897
6897
6897
6897
6894
6894
6894
6897
6897
6897
6894
6894
6894
6894
5982
6133
6287
6287
6440
6437
6591
6591
6593
6591
6744
6744
6744
6744
6741
6894
6897
6897
6894
6894
6894
6894
6894
6894
6894
6897
6897
6894
6894
6894
6894
6894
6894
7050
7047
7047
7047
7050
7050
5215
5522
5673
5827
5980
6131
6131
6284
6437
6437
6437
6591
6588
6588
6741
6741
6741
6741
6741
6894
6894
6894
6894
6894
6894
6894
6900
6906
6912
6914
6920
6923
6926
6929
6932
6935
6937
6937
6940
6940
6172
6326
6329
6483
6483
6637
6640
6640
6640
6795
6795
6795
6795
6795
6795
6795
6797
6952
6952
6952
6952
6952
6952
6952
6952
6952
6952
6949
6949
6949
6949
6949
6949
6949
6946
6949
6949
6949
6949
6949
6949
6177
6331
6331
6486
6486
6640
6640
6640
6640
6795
6797
6797
6797
6797
6797
6797
6797
6952
6952
6952
6952
6952
6952
6952
6952
6952
6952
6952
6952
6952
6952
6952
6952
6952
6952
6952
6952
6952
6952
6952
6952
6952
6179
6334
6334
6488
6488
6488
6643
6643
6643
6643
6797
6797
6797
6797
6797
6797
6797
6797
6952
6952
6952
6952
6952
6952
6952
6952
6952
6952
6952
6952
6952
6952
6952
6952
6952
6952
6952
6952
6952
6952
6952
6952
6179
6334
6334
6488
6488
6488
6643
6643
6643
6643
6797
6797
6797
6797
6797
6797
6797
6797
6952
6952
6952
6952
6952
6952
6952
6952
6952
6952
6952
6952
6952
6952
6952
6952
6952
6952
6952
6952
6952
6952
6952
6952
6952
6179
6334
6334
6488
6488
6488
6643
6643
6643
6643
6797
6797
6797
6797
6797
6797
6797
6797
6952
6952
6952
6952
6952
6952
6952
6952
6952
6952
6952
6952
6952
6952
6952
6952
6952
6952
6952
6952
6952
6952
6952
6952
6952
6952
6179
6334
6334
6488
6488
6488
6643
6643
6643
6643
6797
6797
6797
6797
6797
6797
6797
6797
6952
6952
6952
6952
6952
6952
6952
6952
6952
6952
6952
6952
6952
6952
6952
6952
6952
6952
6952
6952
6952
6952
6952
6952
6952
6952
6952
6179
6334
6334
6488
6488
6488
6643
6643
6643
6643
6797
6797
6797
6797
6797
6797
6797
6797
6952
6952
6952
6952
6952
6952
6952
6952
6952
6952
6952
6952
6952
6952
6952
6952
6952
6952
6952
6952
6952
6952
6952
6952
6952
6952
6952
6179
6334
6334
6488
6488
6488
6643
6643
6643
6643
6797
6797
6797
6797
6797
6797
6797
6797
6952
6952
6952
6952
6952
6952
6952
6952
6952
6952
6952
6952
6952
6952
6952
6952
6952
6952
6952
6952
6952
6952
6952
6952
6952
6952
6952
6952
6179
6334
6334
6488
6488
6488
6643
6643
6643
6643
6797
6797
6797
6797
6797
6797
6797
6797
6797
6952
6952
6952
6952
6952
6952
6952
6952
6952
6952
6952
6952
6952
6952
6952
6952
6952
6952
6952
6952
6952
6952
6952
6952
6952
6952
6952
6952
6179
6334
6334
6488
6488
6488
6643
6643
6643
6643
6797
6797
6797
6797
6797
6797
6797
6797
6952
6952
6952
6952
6952
6952
6952
6952
6952
6952
6952
6952
6952
6952
6952
6952
6952
6952
6952
6952
6952
6952
6952
6952
6952
6952
6952
6952
6952
8007
8315
8465
8773
8927
8007
8315
8619
8773
8927
8007
8315
8619
8773
8927
8007
8311
8619
8773
9081
8161
8311
8619
8773
9077
8161
8311
8619
8773
9077
8161
8465
8619
8927
9077
9231
8161
8465
8619
8927
9077
9231
8161
8465
8773
8923
9077
9231
8157
8465
8773
8923
9077
9231
8311
8465
8773
8923
9077
9231
8311
8465
8773
8923
9077
9231
8311
8619
8773
8923
9077
9231
8311
8619
8773
8923
9231
9385
8311
8619
8773
8927
9231
9385
8315
8619
8773
9081
9231
9385
8311
8619
8773
9077
9231
9385
9539
8465
8619
8927
9077
9231
9385
9539
8469
8619
8927
9081
9231
9385
9539
8465
8619
8927
9077
9231
9385
9539
