6172
6326
6326
6480
6480
6480
6635
6635
6632
6783
6778
6775
6769
6766
6764
6914
6912
6912
6909
6906
6906
6903
6903
6903
6900
6900
6900
6900
6897
6897
6897
6897
6897
4604
4759
5064
5371
5522
5676
5829
5980
6133
6133
6287
6440
6437
6437
6591
6591
6591
6744
6744
6744
6744
6744
6744
6894
6894
6894
6894
6894
6894
6894
6894
6894
6894
6894
6133
6287
6440
6440
6437
6591
6591
6591
6744
6744
6741
6741
6741
6894
6894
6894
6894
6894
6894
6894
6894
6894
6894
6894
6894
6894
6894
6894
6894
6894
6894
6894
6894
6894
5673
5827
5980
6131
6131
6284
6284
6437
6437
6591
6588
6588
6741
6741
6741
6741
6741
6894
6894
6894
6894
6894
6894
6894
6894
6894
6894
6894
6894
6894
6894
6894
6894
6894
6894
4909
5066
5378
5534
5690
5848
6005
6161
6161
6318
6321
6475
6478
6478
6635
6635
6635
6792
6792
6792
6792
6792
6795
6795
6795
6795
6949
6949
6949
6949
6949
6949
6949
6949
6949
6949
1227
1994
2607
3066
3526
3985
4291
4598
4902
5209
5362
5515
5666
5819
5972
6126
6279
6279
6432
6432
6585
6582
6582
6582
6735
6735
6735
6735
6735
6888
6888
6888
6888
6888
6888
6888
6888
4598
4907
5060
5364
5518
5671
5822
5975
6128
6281
6281
6435
6435
6585
6585
6585
6738
6738
6738
6738
6738
6738
6891
6891
6891
6891
6891
6891
6891
6891
6891
6891
6891
6891
6891
6891
6891
4600
4907
5211
5364
5518
5822
5975
5975
6128
6281
6281
6432
6432
6585
6585
6585
6738
6738
6738
6738
6738
6891
6891
6891
6891
6891
6891
6891
6891
6888
6891
6891
6891
6891
6891
6891
6891
6891
4751
5056
5209
5515
5673
5831
5990
5995
6151
6308
6310
6467
6470
6472
6626
6629
6629
6632
6786
6789
6789
6789
6789
6792
6792
6946
6946
6946
6946
6949
6949
6949
6949
6949
6949
6949
6949
6949
6949
1381
1995
2609
3222
3681
3988
4293
4600
4907
5211
5364
5518
5824
5824
5977
6128
6281
6281
6435
6435
6588
6588
6588
6741
6741
6741
6741
6741
6741
6894
6894
6894
6894
6894
6894
6894
6894
6894
6894
5215
5367
5520
5673
5827
5977
6131
6284
6284
6437
6437
6591
6588
6588
6741
6741
6741
6741
6741
6741
6894
6894
6894
6894
6894
6894
6894
6894
6894
6894
6894
6894
6894
6894
6894
6894
6894
6894
7047
7047
5827
5980
6131
6284
6284
6437
6437
6591
6591
6588
6741
6741
6741
6741
6741
6894
6894
6894
6894
6894
6894
6894
6894
6894
6894
6894
6894
6894
6894
6894
6894
6894
7047
7047
7047
7047
7047
7047
7047
7047
7047
4757
5066
5224
5382
5692
5848
6005
6007
6164
6318
6321
6478
6478
6478
6635
6635
6635
6637
6792
6792
6792
6792
6795
6795
6795
6949
6949
6949
6949
6949
6949
6949
6949
6949
6949
6949
6949
6949
6949
6949
6949
6949
1230
1844
2458
3072
3532
3838
4299
4606
4913
5064
5371
5524
5676
5829
5982
6136
6136
6289
6443
6443
6596
6596
6596
6596
6749
6749
6749
6749
6747
6903
6903
6903
6903
6903
6900
6900
6900
6903
6903
6903
6903
6903
6903
5376
5527
5834
5831
5985
6138
6292
6292
6445
6445
6599
6599
6596
6596
6749
6749
6749
6749
6749
6903
6903
6903
6903
6903
6903
6903
6903
6903
6903
6903
6903
6903
6903
6903
6903
6903
6903
6903
6903
6900
6900
7053
7056
4452
4759
5066
5222
5378
5685
5839
5990
5990
6141
6294
6292
6445
6445
6599
6599
6599
6752
6749
6749
6749
6749
6749
6903
6903
6900
6900
6900
6900
6900
6900
6900
6903
6900
6900
6900
6900
6900
6900
6900
6900
6900
6903
6903
4608
4913
5066
5373
5524
5678
5836
5990
6141
6141
6292
6445
6445
6445
6596
6596
6596
6749
6749
6749
6749
6747
6900
6900
6900
6900
6900
6900
6900
6900
6900
6900
6900
6900
6900
6900
6903
6909
6914
6917
6923
6926
6929
6932
6935
6321
6321
6478
6478
6480
6635
6635
6637
6637
6792
6792
6792
6795
6795
6795
6795
6949
6949
6949
6949
6949
6949
6949
6949
6949
6949
6949
6949
6949
6952
6952
6952
6949
6949
6949
6949
6949
6949
6949
6949
6949
6949
6949
6949
6949
6949
6334
6331
6486
6486
6640
6640
6640
6640
6795
6795
6795
6795
6795
6795
6795
6795
6949
6949
6949
6949
6949
6949
6949
6952
6952
6952
6952
6952
6952
6952
6952
6952
6952
6952
6952
6952
6952
6952
6952
6952
6952
6952
6952
6952
6952
6952
6952
6334
6488
6488
6488
6643
6643
6643
6643
6797
6797
6797
6797
6797
6797
6797
6797
6952
6952
6952
6952
6952
6952
6952
6952
6952
6952
6952
6952
6952
6952
6952
6952
6952
6952
6952
6952
6952
6952
6952
6952
6952
6952
6952
6952
6952
6952
6952
