462
616
924
1232
1541
1849
2463
3078
3538
2769
3075
3535
3995
4456
4761
5066
5373
5678
4917
5222
5529
5834
5985
6138
6292
6443
6596
5066
5373
5678
5831
6136
6599
6906
6903
4456
4608
4915
5220
5527
5678
5985
6138
6289
5834
6297
6758
6909
7062
7059
7059
7213
4609
4915
5222
5527
5680
5985
6138
6752
6297
6604
6602
6755
6906
6906
7056
7056
7056
7207
5220
5527
5831
5985
6289
6596
6749
6749
6903
6900
5066
5373
5524
5831
5985
6136
6289
6443
6596
6903
6294
6445
6599
6752
6749
6903
6903
7053
7053
7053
7207
5524
5678
5985
6136
6443
6903
6903
7056
7056
7053
5220
5373
5678
5831
6138
6289
6443
6596
6596
6749
6294
6445
6599
6752
6903
6903
7056
7053
7053
7207
7207
5524
5678
5982
6136
6443
6903
7056
7210
7210
7210
5373
5680
5831
5985
6292
6289
6443
6596
6749
6747
6900
6294
6445
6599
6752
6749
6903
6903
7053
7053
7053
7207
7207
5220
5524
5678
5982
6445
6906
7366
7676
463
617
617
772
927
927
927
1082
1082
1082
1237
1237
1237
1237
1237
1392
1392
1392
1392
1392
1392
1392
1392
1392
1392
1392
1392
1392
1392
1392
1392
1392
1392
1392
1393
1393
1393
1393
1393
1393
1393
1393
1393
1548
1548
1548
1548
1548
1548
1548
1548
1548
1548
1548
1548
7542
7846
8000
8308
8458
7542
7846
8154
8308
8458
7696
7846
8154
8308
8612
7696
8000
8154
8462
8612
7696
8000
8154
8462
8612
7696
8000
8154
8462
8612
7696
8000
8308
8462
8612
7849
8000
8308
8458
8612
7846
8000
8308
8458
8612
7846
8000
8308
8458
8612
8766
7692
8000
8308
8458
8612
8766
7849
8000
8308
8458
8612
8766
7849
8154
8308
8458
8612
8766
7849
8154
8308
8458
8766
8919
7846
8154
8308
8612
8766
8919
7846
8154
8308
8612
8766
8919
8000
8154
8308
8612
8766
8919
8000
8154
8462
8612
8766
8919
8000
8154
8462
8612
8766
8919
8000
8154
8462
8612
8766
8919
