462
616
924
1693
2307
2922
3535
3995
4300
4150
4763
5531
5992
6297
6451
4917
5222
5529
5680
5987
6138
6292
6445
6596
5066
5527
6141
6448
6602
6752
6906
5068
5376
5527
5834
5985
6138
6292
6443
6596
6749
5680
6141
6755
7219
7526
465
620
620
775
929
929
929
1084
1084
1084
1239
1239
1239
1238
1238
1393
1393
1393
1393
1393
1393
1393
1238
1393
1393
1393
1393
1393
1393
1393
1393
1393
1393
1393
1393
1393
1393
1393
1393
1393
1393
1548
1548
1548
1548
1393
1393
1393
1393
1393
1393
1393
1392
1393
1393
1393
1392
1392
1393
1393
1392
1547
1547
1857
2165
2164
2782
3553
4324
5092
5706
5246
5400
6015
6629
7089
7394
6780
7240
7548
8007
8315
8465
7702
8007
8315
8465
8773
8927
8007
8315
8619
8773
9081
9231
8161
8465
8773
8923
9077
9231
8311
8619
8769
8923
9077
9385
8311
8619
8769
8923
9231
9385
9385
8311
8619
8773
9077
9231
9385
9539
8465
8619
8773
9077
9231
9385
9539
8465
8619
8927
9077
9231
9385
9539
6635
6789
6943
6943
7097
7097
7252
7252
7252
7406
7406
7406
7406
7406
7560
6637
6792
6946
6946
7100
7100
7252
7252
7252
7406
7406
7406
7406
7406
7560
6637
6792
6946
6946
7100
7097
7252
7252
7252
7406
7406
7406
7403
7403
7557
6789
6789
6943
6943
7097
7097
7252
7252
7252
7406
7406
7406
7406
7406
7560
6635
6789
6943
6943
7097
7097
7252
7252
7252
7406
7406
7406
7406
7560
7560
7560
6637
6789
6943
6943
7097
7097
7252
7252
7252
7406
7406
7406
7406
7406
7560
7560
6637
6792
6946
6946
7100
7100
7255
7252
7252
7406
7406
7406
7406
7406
7560
7560
6637
6792
6946
6946
7097
7097
7252
7252
7252
7406
7406
7406
7406
7406
7560
7560
7560
6792
6789
6943
6943
7097
7097
7252
7252
7252
7406
7406
7406
7406
7560
7560
7560
7560
6789
6789
6943
7097
7097
7097
7252
7252
7406
7406
7406
7406
7406
7560
7560
7560
7560
6792
6792
6946
7100
7100
7100
7255
7255
7252
7406
7406
7406
7406
7560
7560
7560
7560
7560
6792
6792
6946
7100
7100
7097
7252
7252
7406
7406
7406
7406
7406
7560
7560
7560
7560
7560
6792
6792
6943
7097
7097
7097
7252
7252
7406
7406
7406
7406
7406
7560
7560
7560
7560
7560
6792
6792
6946
7100
7100
7255
7255
7255
7406
7406
7406
7406
7406
7560
7560
7560
7560
7560
7560
6792
6792
6946
7100
7100
7255
7255
7255
7409
7406
7406
7406
7406
7560
7560
7560
7560
7560
7560
6792
6792
6946
7100
7100
7255
7255
7255
7406
7406
7406
7406
7406
7560
7560
7560
7560
7560
7560
6792
6946
6943
7097
7097
7252
7252
7252
7406
7406
7406
7406
7406
7560
7560
7560
7560
7560
7560
6792
6946
6946
7100
7097
7252
7252
7252
7406
7406
7406
7406
7406
7560
7560
7560
7560
7560
7560
7560
6792
6946
6943
7097
7097
7252
7252
7252
7406
7406
7406
7406
7406
7560
7560
7560
7560
7560
7560
7560
6792
6946
6946
7100
7100
7255
7255
7255
7406
7406
7406
7406
7406
7560
7560
7560
7560
7560
7560
7560
