6172
6326
6326
6480
6480
6637
6637
6637
6637
6792
6789
6783
6780
6775
6772
6769
6920
6920
6920
6917
6914
6912
6912
6909
6909
6909
6909
6906
6906
6906
6903
6903
6903
4759
4913
5222
5380
5531
5683
5836
5990
6141
6294
6292
6448
6445
6445
6599
6599
6596
6749
6749
6749
6749
6749
6903
6903
6903
6903
6903
6903
6903
6903
6903
6903
6903
6903
5680
5831
5985
6138
6289
6289
6443
6443
6443
6596
6596
6596
6749
6747
6747
6747
6747
6749
6903
6900
6900
6900
6900
6900
6900
6903
6903
6903
6903
6903
6903
6900
6900
6900
4452
4759
5066
5218
5527
5683
5839
5990
5990
6141
6294
6294
6445
6445
6599
6599
6599
6752
6749
6749
6749
6749
6749
6903
6903
6903
6903
6903
6903
6903
6903
6903
6900
6900
6903
4452
4759
5066
5220
5531
5683
5836
5987
6141
6141
6292
6292
6445
6445
6599
6599
6599
6749
6749
6749
6749
6749
6749
6903
6903
6903
6903
6903
6903
6903
6903
6903
6900
6900
6906
6912
6305
6308
6464
6467
6470
6626
6626
6629
6783
6786
6786
6789
6789
6789
6789
6792
6792
6946
6946
6946
6946
6946
6949
6949
6949
6949
6949
6949
6949
6949
6949
6949
6949
6949
6949
6949
6949
6334
6334
6488
6488
6643
6643
6643
6643
6797
6797
6797
6797
6797
6797
6797
6797
6952
6952
6952
6952
6952
6952
6952
6952
6952
6952
6952
6952
6952
6952
6952
6952
6952
6952
6952
6952
6952
6334
6334
6488
6488
6488
6643
6643
6643
6643
6797
6797
6797
6797
6797
6797
6797
6797
6952
6952
6952
6952
6952
6952
6952
6952
6952
6952
6952
6949
6949
6949
6949
6949
6949
6949
6949
6949
6949
6949
6331
6331
6486
6486
6640
6640
6640
6640
6795
6795
6795
6795
6795
6795
6795
6795
6795
6949
6949
6949
6949
6949
6949
6949
6949
6949
6949
6949
6952
6952
6952
6952
6952
6952
6952
6952
6952
6952
6952
6334
6334
6488
6488
6643
6643
6643
6643
6797
6797
6797
6797
6797
6797
6797
6797
6797
6952
6952
6952
6952
6952
6952
6952
6952
6952
6952
6952
6952
6952
6952
6952
6952
6952
6952
6952
6952
6952
6952
6952
6334
6334
6488
6488
6643
6643
6643
6643
6643
6797
6797
6797
6797
6797
6797
6797
6797
6952
6952
6952
6952
6952
6952
6952
6952
6952
6952
6952
6952
6952
6952
6952
6952
6952
6952
6952
6952
6952
6952
6952
6952
6334
6334
6488
6486
6486
6640
6640
6640
6640
6795
6795
6795
6795
6795
6795
6795
6795
6949
6949
6949
6949
6949
6949
6952
6952
6952
6952
6952
6952
6952
6952
6952
6952
6952
6952
6952
6952
6952
6952
6952
6952
6334
6334
6488
6488
6488
6643
6643
6643
6643
6797
6797
6797
6797
6797
6797
6797
6797
6952
6952
6952
6952
6952
6952
6952
6952
6952
6952
6952
6952
6952
6952
6952
6952
6952
6952
6952
6952
6952
6952
6952
6952
6952
6334
6334
6488
6488
6643
6643
6643
6643
6643
6797
6797
6797
6795
6795
6795
6792
6792
6946
6946
6946
6946
6946
6946
6949
6949
6949
6949
6949
6949
6949
6949
6949
6949
6949
6949
6949
6949
6949
6949
6949
6949
6949
6949
6331
6331
6486
6486
6486
6640
6640
6640
6640
6795
6795
6797
6797
6797
6797
6797
6797
6797
6952
6952
6952
6952
6952
6952
6952
6952
6952
6952
6952
6952
6952
6952
6952
6952
6952
6952
6952
6952
6952
6952
6952
6952
6952
6334
6334
6488
6488
6488
6643
6643
6643
6643
6797
6797
6797
6797
6797
6797
6797
6797
6797
6952
6952
6952
6952
6952
6952
6952
6952
6949
6949
6949
6949
6949
6949
6949
6949
6949
6949
6949
6949
6949
6949
6949
6949
6949
6949
6334
6334
6488
6488
6488
6643
6643
6643
6643
6797
6797
6797
6797
6797
6797
6797
6797
6797
6949
6949
6949
6949
6949
6949
6949
6949
6949
6949
6949
6949
6949
6949
6949
6949
6949
6949
6949
6949
6949
6952
6952
6952
6952
6952
6952
6334
6334
6488
6488
6643
6643
6643
6643
6643
6797
6797
6797
6797
6797
6797
6797
6797
6952
6952
6952
6952
6952
6952
6952
6952
6952
6952
6952
6952
6952
6952
6952
6949
6949
6949
6949
6949
6949
6949
6949
6949
6949
6949
6949
6949
6331
6331
6486
6486
6486
6643
6643
6643
6643
6797
6797
6797
6797
6797
6797
6797
6797
6797
6952
6952
6952
6952
6952
6952
6952
6952
6952
6952
6952
6952
6952
6952
6952
6952
6952
6952
6952
6952
6952
6952
6952
6952
6949
6949
6949
6949
6949
6334
6334
6486
6486
6486
6640
6640
6640
6640
6795
6795
6795
6795
6795
6797
6797
6797
6797
6952
6952
6952
6952
6952
6952
6952
6952
6952
6952
6952
6952
6952
6952
6952
6952
6952
6952
6952
6949
6949
6949
6949
6949
6949
6949
6949
6949
6949
7246
7400
7554
7708
7708
7862
8017
8017
8017
7246
7400
7554
7708
7708
7862
8017
8017
8017
7246
7400
7554
7708
7708
7862
7862
8017
8017
7400
7400
7554
7708
7862
7862
8017
8017
8017
7400
7400
7554
7708
7862
7862
8017
8017
8017
8171
7400
7554
7554
7708
7862
7862
8017
8017
8171
7400
7400
7554
7708
7862
7862
8017
8017
8017
8167
7400
7554
7708
7708
7862
7859
8013
8013
8167
8167
7400
7554
7554
7708
7862
7862
8017
8017
8013
8167
7400
7554
7554
7708
7862
7862
8017
8017
8171
8171
8171
7400
7554
7708
7708
7862
7862
8017
8017
8171
8171
7400
7554
7708
7708
7862
7862
8017
8017
8171
8171
8171
7400
7554
7708
7708
7862
7862
8017
8017
8171
8171
8171
7400
7554
7708
7708
7862
8017
8017
8017
8171
8171
8171
7400
7554
7708
7862
7862
8017
8017
8017
8171
8171
8167
7400
7554
7708
7862
7862
8017
8017
8013
8167
8167
8167
7400
7554
7708
7708
7859
8013
8013
8013
8167
8167
8167
8322
7400
7554
7708
7708
7859
8013
8013
8013
8167
8167
8167
8322
7554
7554
7708
7862
7862
8017
8017
8013
8167
8167
8167
8322
7400
7554
7708
7708
7862
8017
8017
8017
8171
8171
8167
8322
7692
8000
8150
8458
8612
7846
7997
8304
8458
7846
8150
8304
8458
8608
7846
8150
8304
8612
8762
8000
8150
8458
8612
8762
8000
8150
8458
8612
8762
8000
8150
8458
8612
8766
8000
8154
8458
8612
8766
8000
8308
8458
8612
8766
8000
8154
8304
8612
8766
8000
8154
8458
8612
8766
8000
8154
8458
8612
8766
8000
8308
8458
8612
8766
8919
8154
8304
8458
8612
8766
8000
8308
8458
8612
8766
8919
8154
8308
8458
8612
8766
8916
8154
8308
8458
8612
8766
8916
8000
8308
8458
8612
8766
8916
8154
8304
8612
8766
8919
8916
8154
8304
8458
8612
8766
8916
8311
8619
8773
8923
8157
8465
8773
8923
9077
8311
8465
8773
8923
9077
8311
8465
8773
8923
9077
8311
8619
8769
9077
9231
8311
8619
8773
8923
9231
8311
8619
8769
9077
9231
8465
8619
8923
9077
9231
8465
8769
8923
9077
9231
8465
8769
8923
9077
9231
9381
8465
8769
8923
9077
9231
8465
8769
8923
9077
9231
9381
8465
8769
8923
9077
9227
9381
8465
8769
8923
9077
9227
9381
8615
8769
9077
9231
9385
9535
8619
8769
8923
9077
9231
9385
8619
8769
9077
9231
9385
9539
8619
8923
9077
9231
9385
9535
8619
8773
8923
9077
9231
9385
9535
8619
8923
9077
9231
9385
9539
