462
616
924
1847
2615
3229
3843
4456
4917
5378
5075
5384
5692
6002
6156
6313
6621
6775
6932
461
614
922
1690
2304
3072
3684
4143
4604
5062
5369
5673
4911
5218
5522
5829
6133
6287
6593
6744
6897
7050
6289
6443
6596
6596
6900
6900
7053
7204
7357
7357
7510
6596
6909
7065
7222
7378
7532
7689
7692
7846
7849
7083
7237
7394
7548
7548
7702
7856
7856
8010
8010
7246
7400
7400
7554
7705
7862
7859
8013
8013
8013
7246
7400
7554
7554
7708
7862
7862
8017
8017
8167
8167
7246
7400
7554
7708
7708
7862
7862
8017
8013
8167
8167
7246
7400
7554
7708
7708
7862
7862
8017
8017
8171
8171
7249
7403
7554
7708
7708
7862
7862
8017
8017
8171
8171
7249
7403
7554
7708
7708
7862
8017
8017
8017
8171
8171
7249
7403
7554
7708
7708
7862
8017
8017
8017
8171
8171
7249
7403
7554
7708
7708
7862
8017
8017
8017
8171
8171
8171
7249
7403
7554
7708
7862
7862
8017
8017
8017
8171
8171
8171
7249
7403
7554
7708
7862
7862
8017
8017
8017
8171
8171
8171
7403
7403
7554
7708
7862
7862
8017
8017
8017
8167
8007
8003
8000
4921
5380
5685
5990
6144
6448
6599
6752
6903
7056
7207
7207
7360
7360
4602
5062
5371
5676
5982
6287
6440
6593
6747
6897
7050
7204
7204
7357
7542
7846
8000
7997
7686
7529
7375
7219
4456
4763
4915
5068
5373
5524
5678
5678
5829
5982
4452
4604
4911
5062
5215
5369
5520
5673
5827
5827
4911
5062
5215
5369
5520
5673
5827
5827
5980
5977
6131
4909
5062
5215
5369
5522
5673
5827
5827
5980
5980
6131
4911
5064
5215
5369
5522
5673
5827
5827
5980
5980
6131
461
615
923
1385
2000
2614
3074
3534
3840
4147
4452
3840
4147
4299
4606
4911
5064
5218
5369
5522
5676
5827
5827
3836
3990
4297
4757
5218
5371
5522
5676
5829
5829
4145
4606
4911
5064
5371
5369
5522
5676
5829
5827
5980
5064
5218
5369
5522
5676
5676
5827
5980
5980
6133
6133
6133
3376
3531
4299
4759
5373
5527
5678
5678
3684
3838
4452
4759
4911
5064
5218
5369
5522
5676
5829
4606
4911
5064
5218
5369
5522
5676
5829
5827
5980
5980
6133
6133
3376
3376
3838
4452
5066
5527
5834
5831
5985
3838
3991
4452
4913
5373
5524
5678
5829
5829
5982
5982
4297
4757
5064
5371
5522
5522
5676
5827
5980
5980
6133
6133
4911
5064
5215
5369
5522
5676
5827
5827
5980
5980
6133
6133
6133
5678
5829
5829
5982
5982
6133
6133
6133
6287
6287
6287
6284
6437
5831
6292
6752
7062
7369
7676
