7993
8301
8608
8762
8916
8150
8304
8608
8762
9069
8150
8458
8612
8916
9069
8150
8458
8766
8916
9069
8304
8150
7993
7990
7836
7680
7680
7523
7523
7523
6302
6764
7225
7532
7993
7231
7692
7997
8304
8458
8766
7849
8154
8308
8615
8769
9073
8003
8311
8615
8769
8923
9231
8157
8465
8462
8304
8150
7993
7836
7836
7680
7680
6453
6607
6604
6604
6755
6755
6755
6752
6906
6906
6906
6906
4454
4915
5376
5527
5834
5987
5985
6138
6292
6445
6445
5527
5680
5834
5985
6138
6292
6292
6445
6443
6596
6596
6749
6749
4299
4606
5066
5373
5527
5680
5831
5985
6138
6292
6292
4306
4613
4765
5070
5378
5529
5683
5834
5987
6141
6294
6445
6445
3687
4148
4609
4917
5070
5376
5529
5680
5834
5987
6141
4917
5222
5376
5680
5834
5987
6141
6138
6292
6445
6445
6599
6599
4452
4759
4913
5066
5373
5834
6141
6294
6294
6445
6599
6599
6599
4608
5068
5376
5527
5680
5834
5987
6138
6292
6292
6445
6445
6599
3993
4147
4454
4608
5068
5683
5836
5987
6141
6294
6292
6445
6445
6635
6789
6943
6943
7097
7097
7252
7252
7252
7406
7406
7406
7406
7406
7560
6637
6789
6943
6943
7097
7097
7252
7252
7252
7406
7406
7406
7406
7406
7560
6637
6792
6946
6946
7100
7100
7255
7255
7255
7406
7406
7406
7406
7406
7560
6792
6792
6946
6946
7100
7100
7255
7255
7255
7406
7406
7406
7406
7560
7560
6792
6792
6946
6946
7100
7100
7252
7252
7252
7406
7406
7406
7406
7560
7560
7560
6792
6792
6943
6943
7097
7097
7252
7252
7252
7406
7406
7406
7406
7560
7560
7560
6792
6792
6946
6946
7100
7100
7255
7255
7255
7406
7406
7406
7406
7560
7560
7560
6792
6792
6946
6946
7100
7100
7252
7252
7252
7406
7406
7406
7406
7560
7560
7560
7560
6792
6792
6943
7097
7097
7097
7252
7252
7406
7406
7406
7406
7406
7560
7560
7560
7560
6792
6792
6946
7100
7100
7100
7255
7255
7406
7406
7406
7406
7406
7560
7560
7560
7560
6792
6792
6946
7100
7097
7252
7252
7252
7406
7406
7406
7406
7406
7560
7560
7560
7560
7560
6792
6792
6943
7097
7097
7252
7252
7252
7406
7406
7406
7406
7406
7560
7560
7560
7560
7560
6792
6792
6946
7100
7100
7255
7255
7255
7409
7409
7406
7406
7406
7560
7560
7560
7560
7560
6792
6792
6946
7100
7100
7255
7255
7255
7409
7406
7406
7406
7406
7560
7560
7560
7560
7560
7560
6792
6792
6946
7097
7097
7252
7252
7252
7406
7406
7406
7406
7406
7560
7560
7560
7560
7560
7560
6792
6792
6946
7100
7100
7255
7255
7255
7406
7406
7406
7406
7406
7560
7560
7560
7560
7560
7560
6792
6946
6946
7100
7100
7255
7255
7255
7409
7406
7406
7406
7406
7560
7560
7560
7560
7560
7560
6792
6946
6946
7100
7100
7255
7255
7255
7409
7406
7406
7406
7406
7560
7560
7560
7560
7560
7560
7560
6792
6946
6946
7100
7100
7255
7255
7255
7409
7406
7406
7406
7406
7560
7560
7560
7560
7560
7560
7560
6792
6792
6946
7100
7100
7255
7255
7255
7409
7406
7406
7406
7406
7560
7560
7560
7560
7560
7560
7560
7542
7846
8000
8308
8458
7542
7846
8154
8308
8458
7696
7846
8154
8308
8612
7696
8000
8154
8462
8612
7696
8000
8154
8462
8612
7696
8000
8154
8462
8612
7696
8000
8308
8462
8612
7696
8000
8308
8462
8612
7849
8000
8308
8458
8612
7846
8000
8308
8458
8612
8766
7846
8000
8308
8458
8612
8766
7846
8000
8308
8458
8612
8766
7846
8154
8308
8458
8612
8766
7846
8154
8308
8458
8766
8766
7846
8154
8308
8458
8766
8919
7846
8154
8308
8612
8766
8919
8000
8154
8308
8612
8766
8919
8000
8154
8462
8612
8766
8919
8000
8154
8462
8612
8766
8919
8000
8154
8462
8612
8766
8919
