6326
6326
6480
6480
6480
6637
6637
6637
6637
6792
6792
6792
6792
6792
6792
6792
6792
6792
6946
6946
6946
6946
6946
6946
6946
6946
6946
6946
6946
6946
6946
6946
6946
6946
6177
6331
6331
6486
6486
6486
6637
6637
6637
6637
6792
6792
6792
6792
6792
6792
6792
6792
6792
6946
6946
6946
6946
6946
6946
6946
6946
6946
6946
6946
6946
6946
6946
6946
6331
6331
6331
6486
6486
6637
6637
6637
6637
6792
6792
6792
6792
6792
6792
6792
6792
6792
6946
6946
6946
6946
6946
6946
6946
6946
6946
6946
6946
6946
6946
6946
6946
6946
6946
6177
6331
6331
6486
6486
6640
6640
6637
6635
6783
6778
6775
6769
6769
6766
6917
6914
6912
6912
6909
6909
6906
6906
6906
6903
6903
6903
6903
6903
6900
6900
6900
6900
6900
6900
5066
5220
5527
5678
5831
5985
6138
6136
6289
6289
6443
6443
6596
6596
6596
6749
6749
6747
6747
6747
6747
6900
6900
6900
6900
6900
6900
6900
6900
6900
6900
6900
6900
6900
6900
6900
4145
4452
4759
5070
5222
5529
5680
5834
5985
6138
6138
6292
6289
6443
6443
6596
6596
6596
6749
6747
6747
6747
6747
6747
6900
6900
6900
6900
6900
6900
6900
6900
6900
6900
6900
6900
6900
4606
4759
5066
5220
5527
5678
5831
5985
6138
6136
6289
6289
6443
6443
6596
6596
6596
6749
6749
6749
6749
6749
6749
6900
6900
6900
6900
6900
6900
6900
6900
6900
6900
6900
6897
6897
6903
6909
465
465
620
620
775
775
775
775
930
930
930
930
930
930
930
1085
1085
1085
1084
1084
1084
1084
1084
1084
1085
1085
1084
1084
1084
1084
1084
1084
1084
1084
1084
1084
1084
1084
1084
1084
1084
1084
1084
1084
1084
1084
1084
1084
1084
1084
1084
1084
1084
1084
1084
1084
1084
1084
1084
1084
1084
1084
1084
1084
1084
1084
1084
1084
1084
1084
1085
1085
1085
1085
1085
1085
1085
1085
1085
1085
1085
1085
1085
1085
1085
1085
1085
1085
1085
1085
1085
1085
1085
1085
1085
1085
1085
1085
1085
1085
1085
1085
1084
1084
1084
1084
1084
1084
1084
1084
1084
1084
1084
1084
1084
1084
1084
1084
1084
1084
1084
1084
1084
1085
1085
1085
1085
1085
1085
1085
1085
1085
1085
1085
1085
1085
1085
1085
1085
1394
1859
2478
3096
3559
3868
3712
3712
4176
4485
4793
4947
5257
5411
5564
5718
5873
6027
6182
6182
6336
6336
6488
6488
6488
6643
6643
6643
6643
6797
6797
6797
6797
6797
6797
6797
6797
6797
6797
6797
6952
6952
6952
6952
6952
6952
6179
6334
6334
6334
6488
6488
6643
6643
6643
6643
6643
6797
6797
6797
6797
6797
6797
6797
6797
6797
6797
6952
6952
6952
6952
6952
6952
6952
6952
6952
6952
6952
6952
6952
6952
6952
6952
6952
6952
6952
6179
6334
6334
6488
6488
6488
6643
6643
6643
6643
6797
6797
6797
6797
6797
6797
6797
6797
6797
6797
6952
6952
6952
6952
6952
6952
6952
6952
6952
6952
6952
6952
6952
6952
6952
6952
6952
6952
6952
6952
6952
6179
6334
6334
6488
6488
6488
6643
6643
6643
6643
6797
6797
6797
6797
6797
6797
6797
6797
6797
6797
6952
6952
6952
6952
6952
6949
6949
6949
6949
6949
6949
6949
6946
6949
6949
6949
6949
6949
6949
6949
6949
6949
6177
6331
6331
6486
6486
6486
6643
6640
6643
6640
6795
6797
6797
6797
6797
6797
6797
6797
6797
6797
6797
6952
6952
6952
6952
6952
6952
6952
6952
6952
6952
6952
6952
6952
6952
6952
6952
6952
6952
6952
6952
6952
6179
6334
6334
6488
6488
6488
6643
6643
6643
6643
6797
6797
6797
6797
6797
6797
6797
6797
6797
6797
6952
6952
6952
6952
6952
6952
6952
6952
6952
6952
6952
6952
6952
6952
6952
6952
6952
6952
6952
6952
6952
6952
6952
6179
6334
6334
6488
6488
6488
6643
6643
6643
6643
6797
6797
6797
6797
6797
6797
6795
6797
6797
6797
6952
6952
6952
6952
6952
6952
6952
6952
6952
6952
6952
6952
6952
6952
6952
6952
6952
6952
6952
6952
6952
6952
6952
6952
6179
6334
6334
6488
6488
6488
6643
6643
6643
6643
6797
6797
6797
6797
6797
6797
6797
6797
6797
6797
6952
6952
6952
6952
6952
6952
6952
6952
6952
6952
6952
6952
6952
6952
6952
6952
6952
6952
6952
6952
6952
6952
6952
6952
6952
6179
6334
6334
6488
6488
6488
6643
6643
6643
6643
6797
6797
6797
6797
6797
6797
6797
6797
6797
6797
6952
6952
6952
6952
6952
6952
6952
6952
6952
6952
6952
6952
6952
6952
6952
6952
6952
6952
6952
6952
6952
6952
6952
6952
6952
6179
6334
6334
6488
6488
6488
6643
6643
6643
6643
6797
6797
6797
6797
6797
6797
6797
6797
6797
6797
6952
6952
6952
6952
6952
6952
6952
6952
6952
6952
6952
6952
6952
6952
6952
6952
6952
6952
6952
6952
6952
6952
6952
6952
6952
6952
6179
6334
6334
6488
6488
6488
6643
6643
6643
6643
6797
6797
6797
6797
6797
6797
6797
6797
6797
6797
6952
6952
6952
6952
6952
6952
6952
6952
6952
6952
6952
6952
6952
6952
6952
6952
6952
6952
6952
6952
6952
6952
6952
6952
6952
6952
6952
6179
6334
6334
6488
6488
6488
6643
6643
6643
6643
6797
6797
6797
6797
6797
6797
6797
6797
6797
6797
6952
6952
6952
6952
6952
6952
6952
6952
6952
6952
6952
6952
6952
6952
6952
6952
6952
6952
6952
6952
6952
6952
6952
6952
6952
6952
6952
7542
7846
8000
8308
8458
7542
7846
8154
8308
8458
7542
7846
8154
8308
8612
7696
8000
8154
8304
8612
7692
8000
8154
8458
8612
7692
8000
8150
8458
8612
7692
8000
8154
8458
8612
7696
8000
8308
8458
8612
7849
8000
8308
8462
8612
7849
8000
8308
8462
8612
7849
8000
8308
8462
8612
8766
7849
8000
8308
8462
8612
8766
7849
8154
8308
8458
8612
8766
7849
8154
8308
8458
8612
8766
7846
8154
8308
8458
8612
8766
7846
8154
8308
8612
8766
8919
8000
8154
8308
8612
8766
8919
8000
8154
8308
8612
8766
8919
8000
8154
8462
8612
8766
8919
8000
8154
8462
8612
8766
8919
