7843
8150
8458
8608
8916
7846
8154
8458
8612
8919
7846
8154
8462
8612
8919
8000
8308
8612
8766
8919
8000
8308
8615
8766
8919
8000
8308
8615
8766
8919
8154
8308
8615
8766
9073
9227
8154
8462
8766
8919
9073
9227
8154
8462
8612
8919
9073
9227
8154
8462
8766
8919
9073
9223
8308
8458
8766
8919
9069
9223
8308
8612
8766
8919
9223
9377
8308
8458
8766
8919
9073
9223
8308
8612
8766
9073
9227
9377
8308
8615
8766
8919
9227
9377
8462
8612
8919
9073
9227
9377
8308
8462
8766
8919
9073
9223
9377
8304
8608
8762
8912
9219
9373
9373
8304
8612
8762
8916
9069
9377
9377
8458
8612
8916
9069
9223
9377
9531
