5680
5985
6292
6445
6903
7210
6602
6755
6906
7059
7210
7363
7363
7513
5680
5987
6292
6752
7059
7520
6758
6909
7059
7213
7210
7363
7516
7513
5527
5987
6292
6599
7056
7363
6909
7062
7213
7366
7363
7516
7513
7667
5680
5831
6138
6599
6906
7056
7210
7360
5680
5831
6138
6445
6596
6749
6903
7207
6448
6909
7213
7213
7363
7516
7516
7513
5680
5831
6138
6443
6903
7210
7516
6604
6909
7059
7213
7210
7363
7516
7513
7513
5680
5985
6292
6752
7213
7520
7673
5683
5834
5987
6138
6292
6445
6596
6749
6903
7210
6451
6602
6752
6752
6906
6903
7056
7056
7053
7207
7207
5527
5987
6138
6292
6443
6596
6749
6749
6900
6900
7053
5373
5987
6138
6292
6445
6596
6749
6749
6903
6900
7053
5373
5678
5985
6445
6599
6752
6749
6903
6903
7056
7053
5220
5527
5678
5985
6445
6752
6906
6903
7056
7056
7053
5220
5373
5678
5831
5985
6136
6596
6903
7056
7056
7210
4915
5068
5373
5680
5831
6138
6289
6596
7059
7520
7542
7849
8000
8308
8458
7542
7234
7542
7846
8154
7234
7388
7542
7692
8000
7234
7538
7846
8154
8304
7542
7846
8000
8308
8458
7542
7846
8154
8308
8458
7696
8000
8154
8462
8612
7696
8000
8154
8458
8612
7846
8000
8308
8458
8612
7846
8000
8308
8458
8612
8766
7846
8000
8308
8458
8612
8766
7849
8000
8308
8458
8612
8766
7849
8154
8308
8458
8612
8766
7849
8154
8308
8458
8612
8766
7849
8154
8308
8458
8612
8766
7849
8154
8308
8458
8612
8766
7846
8154
8308
8612
8766
8919
7846
8154
8304
8458
8766
8919
8000
8154
8304
8612
8766
8762
8605
6149
6300
6297
6451
6448
6445
6599
6599
6596
6749
6903
7092
7246
7400
7554
7708
7862
7862
8017
8017
7249
7403
7400
7554
7708
7862
7862
8017
8017
7249
7249
7403
7554
7708
7862
7862
8017
8017
7249
7403
7554
7554
7708
7862
7862
8017
8017
8171
7249
7403
7554
7554
7708
7862
7862
8017
8017
8171
7249
7403
7554
7554
7708
7862
7862
8017
8017
8171
7249
7403
7557
7554
7708
7862
7862
8017
8017
8171
7249
7403
7554
7708
7708
7862
7862
8017
8017
8171
7249
7403
7554
7708
7708
7862
7862
8017
8017
8171
8171
7249
7403
7554
7708
7708
7862
7862
8017
8017
8171
8171
7246
7400
7554
7708
7708
7862
8017
8017
8017
8167
8167
7246
7400
7554
7708
7708
7862
8017
8017
8017
8171
8171
7249
7400
7554
7708
7708
7862
8017
8017
8017
8171
8171
7249
7403
7554
7708
7859
7853
8003
7997
8147
8144
8140
6146
6451
6604
6909
7059
7213
7369
7520
7673
7823
7823
7973
5680
6141
6292
6599
6903
7056
7210
7363
7520
7670
7670
7823
5680
5987
6292
6599
6749
7056
7210
7360
7513
7667
7670
7823
6294
6599
6752
6903
7210
7360
7513
7513
7667
7817
7817
7970
7056
7210
7363
7516
7667
7667
7820
7817
7970
7970
8123
8123
5985
6289
6445
6755
6906
7213
7363
7516
7513
7667
7820
7820
7970
6637
6792
6946
6946
7100
7100
7255
7255
7255
7406
7406
7406
7406
7406
7560
6637
6792
6946
6946
7097
7097
7252
7252
7252
7406
7406
7406
7406
7406
7560
6637
6792
6946
6946
7100
7100
7252
7252
7252
7406
7406
7406
7406
7406
7560
6637
6786
6935
7086
7083
7234
7231
7228
7378
7375
7375
7372
7526
7523
7523
5990
6146
6297
6451
6604
6755
6909
6909
7059
7213
7213
7213
7366
7366
7363
7363
5683
5990
6141
6294
6448
6602
6752
6906
6906
7059
7059
7210
7210
7363
7363
7363
5836
5990
6297
6448
6602
6755
6752
6906
7059
7059
7213
7213
7210
7363
7363
7363
5987
6294
6448
6602
6752
6752
6906
7059
7059
7213
7210
7210
7363
7363
7363
7516
7516
6141
6297
6456
6613
6769
6769
6926
7083
7083
7240
7240
7243
7397
7397
7400
7400
7400
6632
6786
6940
6943
7097
7097
7252
7252
7252
7406
7406
7406
7406
7560
7560
7560
7560
6792
6792
6946
7100
7100
7255
7252
7252
7406
7406
7406
7406
7406
7560
7560
7560
7560
7560
6792
6792
6946
7100
7100
7255
7255
7255
7406
7406
7406
7406
7406
7560
7560
7560
7560
7560
6792
6792
6946
7100
7100
7255
7255
7255
7406
7406
7406
7406
7406
7560
7560
7560
7560
7560
6792
6946
6946
7100
7100
7255
7255
7255
7409
7406
7406
7406
7560
7560
7560
7560
7560
7560
7560
6792
6946
6946
7100
7097
7252
7252
7252
7406
7406
7406
7406
7560
7560
7560
7560
7560
7560
7560
6792
6946
6946
7097
7097
7252
7252
7252
7406
7406
7406
7406
7406
7560
7560
7560
7560
7560
7560
6792
6946
6946
7100
7100
7255
7255
7255
7406
7406
7406
7406
7406
7560
7560
7560
7560
7560
7560
6792
6946
6946
7100
7100
7255
7255
7255
7409
7406
7406
7406
7560
7560
7560
7560
7560
7560
7560
7560
6792
6946
6946
7100
7100
7255
7255
7255
7409
7406
7406
7406
7406
7560
7560
7560
7560
7560
7560
7560
6792
6946
6946
7100
7100
7255
7255
7255
7409
7409
7406
7406
7560
7560
7560
7560
7560
7560
7560
7560
