462
617
925
1542
2157
2926
3386
3846
4306
3384
3383
3535
3995
4456
4761
5066
5373
5834
5224
5683
5836
5987
6294
6292
6445
6599
6749
4915
5220
5527
5831
5985
6136
6443
6749
5222
5373
5678
5831
6138
6289
6443
6596
6593
6747
5066
5373
5834
6138
6292
6445
6596
6749
6749
5066
5373
5678
5831
5982
6289
6443
6443
6593
6141
6292
6445
6599
6749
6749
6903
6900
7053
7053
4761
4913
5220
5524
5831
6445
6906
7216
6607
7068
7375
7683
8144
8301
7535
7843
8150
8458
8612
8919
8003
8154
8462
8769
8923
9077
8157
8465
8619
8923
9077
9231
8157
8465
8773
8923
9077
9231
8315
8465
8773
8927
9077
9231
8311
8619
8773
8923
9231
9385
8311
8619
8773
9077
9231
9385
9539
8465
8619
8923
9077
9231
9385
9535
8465
8619
8923
9077
9231
9385
9535
8465
8619
8923
9077
9231
9385
9539
6637
6792
6946
6943
7097
7097
7252
7252
7252
7406
7406
7406
7406
7406
7560
6637
6792
6946
6946
7097
7097
7252
7252
7252
7406
7406
7406
7406
7406
7560
6637
6792
6946
6946
7100
7100
7255
7255
7255
7409
7406
7406
7406
7560
7560
6637
6792
6946
6946
7100
7100
7255
7255
7255
7409
7406
7406
7406
7560
7560
6637
6792
6946
6946
7100
7100
7255
7255
7255
7409
7406
7406
7406
7560
7560
7560
6637
6792
6946
6946
7100
7100
7255
7255
7255
7406
7406
7406
7406
7560
7560
7560
6792
6792
6946
6946
7100
7100
7255
7255
7255
7409
7406
7406
7406
7560
7560
7560
6792
6792
6946
6946
7100
7097
7252
7252
7252
7406
7406
7406
7406
7560
7560
7560
7560
6792
6792
6943
6943
7097
7097
7252
7252
7406
7406
7406
7406
7406
7560
7560
7560
7560
6792
6792
6946
7100
7100
7100
7255
7255
7406
7406
7406
7406
7406
7560
7560
7560
7560
6792
6792
6943
7097
7097
7252
7252
7252
7406
7406
7406
7406
7406
7560
7560
7560
7560
7560
6792
6792
6946
7100
7100
7255
7255
7255
7406
7406
7406
7406
7406
7560
7560
7560
7560
7560
6792
6792
6946
7100
7100
7255
7255
7255
7409
7409
7406
7406
7406
7560
7560
7560
7560
7560
6792
6792
6946
7100
7100
7100
7255
7255
7409
7406
7406
7406
7406
7560
7560
7560
7560
7560
6792
6792
6943
7097
7097
7097
7252
7252
7406
7406
7406
7406
7406
7560
7560
7560
7560
7560
7560
6792
6792
6943
7097
7097
7252
7252
7252
7406
7406
7406
7406
7406
7560
7560
7560
7560
7560
7560
6792
6946
6946
7100
7100
7255
7252
7252
7406
7406
7406
7406
7406
7560
7560
7560
7560
7560
7560
6792
6792
6946
7100
7100
7255
7255
7255
7409
7406
7406
7406
7406
7560
7560
7560
7560
7560
7560
7560
6792
6946
6946
7100
7100
7255
7255
7255
7409
7409
7406
7406
7406
7560
7560
7560
7560
7560
7560
7560
6792
6946
6946
7100
7100
7255
7255
7252
7406
7406
7406
7406
7560
7560
7560
7560
7560
7560
7560
7560
7092
7246
7400
7554
7708
7708
7862
8017
8017
7095
7249
7400
7554
7708
7862
7862
8017
8017
7249
7403
7403
7554
7708
7862
7862
8017
8017
7249
7403
7403
7554
7708
7862
7862
8017
8017
8017
7249
7403
7557
7554
7708
7862
7862
8017
8017
8017
7249
7400
7554
7554
7705
7859
7859
8013
8013
8167
7246
7400
7554
7554
7705
7859
7859
8013
8013
8167
7246
7400
7554
7708
7708
7862
7862
8017
8017
8171
7246
7400
7554
7708
7708
7862
7862
8017
8017
8171
8171
7249
7403
7554
7708
7708
7862
7862
8017
8017
8171
8171
7249
7400
7554
7708
7708
7862
7862
8017
8017
8171
8167
7246
7400
7554
7708
7708
7862
7862
8017
8017
8171
8171
7249
7400
7554
7708
7708
7862
7862
8017
8017
8171
8171
7249
7403
7554
7708
7708
7862
8017
8017
8017
8171
8171
7249
7400
7554
7708
7708
7862
7862
8017
8017
8171
8167
8167
7246
7400
7554
7708
7708
7862
7862
8017
8017
8171
8171
8167
7249
7400
7554
7708
7708
7862
8017
8017
8017
8171
8171
8171
7249
7403
7554
7708
7708
7862
8017
8017
8017
8171
8171
8171
7249
7400
7554
7708
7862
7862
8017
8017
8017
8171
8171
8171
7403
7400
7554
7708
7862
7862
8017
8017
8017
8171
8167
8167
8322
7542
7846
8000
8308
8458
7542
7846
8154
8308
8458
7696
7846
8154
8308
8612
7696
8000
8154
8462
8612
7696
8000
8154
8462
8612
7696
8000
8154
8462
8612
7696
8000
8154
8462
8612
7696
8000
8308
8462
8612
7849
8000
8308
8458
8612
7846
8000
8308
8458
8612
7846
8000
8308
8458
8612
8766
7846
8000
8308
8458
8612
8766
7846
8154
8308
8458
8612
8766
7846
8154
8308
8458
8766
8919
7846
8154
8308
8458
8766
8919
7849
8154
8308
8612
8766
8919
8000
8154
8308
8612
8766
8919
8000
8154
8462
8612
8766
8919
8000
8154
8462
8612
8766
8919
8000
8154
8462
8612
8766
8919
