6172
6326
6326
6480
6480
6635
6635
6635
6635
6789
6789
6789
6789
6789
6789
6789
6789
6943
6946
6946
6946
6946
6946
6946
6946
6946
6946
6946
6946
6946
6946
6946
6946
6946
6329
6329
6483
6483
6480
6632
6626
6624
6772
6769
6766
6766
6764
6761
6914
6912
6912
6909
6909
6909
6906
6906
6906
6903
6903
6903
6903
6903
6903
6903
6903
6903
6903
6903
4299
4606
4913
5222
5378
5531
5683
5836
5987
6141
6294
6292
6445
6445
6599
6599
6596
6596
6749
6749
6749
6749
6749
6903
6903
6903
6903
6903
6903
6903
6903
6900
6900
6900
6900
5527
5680
5831
5985
6138
6289
6289
6443
6443
6596
6596
6596
6749
6749
6747
6747
6747
6747
6900
6900
6900
6900
6900
6900
6900
6900
6900
6900
6900
6900
6900
6900
6900
6900
6900
4452
4759
5064
5218
5527
5683
5834
5987
5987
6138
6292
6292
6445
6443
6599
6596
6596
6749
6749
6749
6749
6749
6903
6903
6903
6903
6903
6900
6903
6903
6900
6900
6900
6903
6903
6900
4299
4606
4915
5224
5376
5529
5680
5834
5985
6138
6292
6292
6445
6445
6596
6596
6596
6749
6749
6749
6749
6749
6903
6909
6912
6917
6920
6923
6926
6929
6932
6935
6937
6937
6940
6940
6940
1228
1995
2607
3068
3526
3986
4291
4598
4904
5209
5362
5515
5668
5822
5975
6126
6279
6279
6432
6432
6585
6585
6585
6738
6738
6738
6738
6738
6891
6891
6891
6891
6891
6891
6891
6891
6891
4751
5058
5211
5515
5668
5822
5975
6126
6126
6279
6279
6432
6432
6585
6585
6585
6738
6738
6738
6738
6738
6891
6891
6891
6891
6891
6891
6891
6891
6891
6891
6891
6891
6891
6891
6891
6891
6891
5518
5671
5822
5975
6128
6281
6279
6432
6432
6585
6585
6585
6738
6738
6738
6735
6735
6888
6888
6888
6888
6888
6888
6888
6888
6888
6888
6888
6888
6888
6888
7042
7042
7042
7042
7042
7042
7042
7042
4446
4753
5060
5211
5518
5668
5822
5975
6128
6133
6292
6297
6456
6459
6615
6618
6621
6624
6780
6783
6783
6786
6786
6789
6789
6943
6946
6946
6946
6946
6946
6949
6949
6949
6949
6949
6949
6949
6949
6949
6331
6331
6488
6486
6640
6643
6643
6643
6797
6797
6797
6797
6797
6797
6797
6797
6952
6952
6952
6952
6952
6952
6952
6952
6952
6952
6952
6952
6952
6952
6952
6949
6949
6949
6949
6949
6949
6946
6946
6946
6946
6329
6329
6483
6483
6640
6640
6640
6640
6795
6795
6795
6795
6795
6795
6795
6795
6949
6949
6949
6949
6949
6949
6949
6949
6949
6949
6949
6949
6952
6952
6952
6952
6952
6952
6952
6952
6952
6952
6952
6952
6952
6334
6334
6488
6488
6643
6643
6643
6643
6797
6797
6797
6797
6797
6797
6797
6797
6952
6952
6952
6952
6952
6952
6952
6952
6952
6952
6952
6952
6952
6952
6952
6952
6952
6952
6952
6952
6952
6952
6952
6952
6952
6952
6334
6334
6488
6488
6488
6640
6640
6640
6640
6795
6795
6795
6795
6795
6795
6795
6795
6949
6949
6949
6949
6949
6949
6949
6949
6949
6949
6949
6949
6949
6949
6949
6949
6949
6949
6949
6949
6949
6949
6949
6949
6949
6949
6331
6331
6486
6486
6640
6640
6640
6640
6795
6795
6795
6797
6797
6797
6797
6797
6952
6952
6952
6952
6952
6952
6952
6952
6952
6952
6952
6952
6952
6952
6952
6952
6952
6952
6952
6952
6952
6952
6952
6952
6952
6952
6952
6334
6334
6488
6488
6643
6643
6643
6643
6797
6797
6797
6797
6797
6797
6797
6797
6952
6952
6952
6952
6952
6952
6952
6952
6952
6952
6952
6952
6952
6952
6952
6952
6952
6952
6952
6952
6952
6952
6952
6952
6952
6952
6952
6952
6334
6334
6488
6488
6643
6643
6643
6643
6797
6797
6797
6797
6797
6797
6797
6797
6952
6952
6952
6949
6949
6949
6949
6949
6949
6949
6949
6949
6949
6949
6949
6949
6949
6949
6949
6949
6949
6949
6952
6952
6952
6952
6952
6952
6952
6334
6334
6488
6488
6488
6643
6643
6643
6643
6797
6797
6797
6797
6797
6797
6797
6797
6952
6952
6952
6952
6952
6952
6952
6952
6952
6952
6952
6952
6952
6952
6952
6952
6952
6952
6952
6952
6952
6952
6952
6952
6952
6952
6952
6952
6952
6334
6334
6488
6488
6488
6643
6643
6643
6643
6797
6797
6797
6797
6797
6797
6797
6797
6952
6952
6952
6952
6952
6952
6952
6952
6952
6952
6952
6952
6952
6952
6952
6952
6952
6952
6952
6952
6952
6952
6952
6952
6952
6952
6949
6949
6949
6949
6334
6331
6486
6486
6486
6640
6640
6640
6640
6795
6795
6795
6795
6795
6795
6797
6797
6952
6952
6952
6952
6952
6952
6952
6952
6952
6952
6952
6952
6952
6952
6952
6952
6952
6952
6952
6952
6952
6952
6952
6952
6952
6952
6952
6952
6952
6952
7246
7400
7554
7708
7708
7862
8017
8017
8017
7246
7400
7554
7708
7708
7862
8017
8017
8017
7246
7400
7554
7708
7708
7862
7862
8017
8017
7400
7400
7554
7708
7862
7862
8017
8017
8017
7400
7400
7554
7708
7862
7862
8017
8017
8017
8171
7400
7554
7554
7708
7862
7862
8017
8017
8171
8167
7400
7554
7708
7708
7862
7862
8017
8017
8167
8167
7400
7554
7554
7708
7862
7862
8013
8013
8167
8167
7400
7554
7708
7708
7862
7862
8017
8017
8171
8171
7400
7554
7708
7708
7862
7862
8017
8017
8171
8171
7400
7554
7708
7708
7862
7862
8017
8017
8171
8171
8171
7400
7554
7708
7708
7862
8017
8017
8017
8171
8171
8171
7400
7554
7708
7708
7862
8017
8017
8017
8171
8171
8171
7400
7554
7708
7708
7862
7862
8017
8017
8171
8171
8171
7400
7554
7708
7708
7862
7862
8017
8017
8171
8171
8171
7400
7554
7708
7708
7862
7862
8017
8017
8171
8171
8167
8322
7400
7554
7708
7862
7862
8017
8017
8017
8167
8167
8167
8322
7400
7554
7708
7708
7862
8013
8013
8013
8167
8167
8167
8322
7400
7554
7708
7708
7862
8017
8017
8017
8167
8167
8167
8322
7400
7554
7708
7862
7862
8017
8017
8017
8171
8171
8167
8322
8311
8465
8769
8923
8157
8465
8769
8923
9077
8157
8465
8769
8923
9077
8311
8615
8769
9077
9231
8311
8615
8769
9077
9231
8311
8465
8769
8923
9077
8311
8619
8769
9077
9231
8465
8619
8769
9077
9231
8465
8619
8923
9077
9231
8465
8619
8769
9077
9231
9385
8465
8619
8923
9077
9231
9385
8465
8773
8923
9077
9231
9385
8465
8773
8923
9077
9231
9385
8465
8773
8923
9077
9231
9385
8465
8773
8923
9077
9231
9385
8619
8769
9077
9231
9385
9539
8465
8773
8923
9077
9231
9385
8619
8773
8923
9077
9385
9385
8619
8769
9077
9231
9385
9539
9535
8619
8923
9077
9231
9385
9535
