462
616
924
1539
2307
2922
3382
3841
3535
3995
4454
4761
5066
5371
5678
5829
4300
4606
5066
5371
5524
5829
5982
6136
5524
5831
6292
6752
7059
6451
6755
7062
7213
7213
7210
7210
5527
5831
5985
6136
6289
6443
6593
6593
6747
5371
5678
6138
6445
6752
6749
6903
4761
5066
5373
5524
5831
5982
6136
6289
6440
5218
5524
5829
6289
6596
6903
7056
5068
5220
5527
5678
5985
5982
6136
6289
6287
6440
4913
5064
5371
5678
6138
6289
6443
6443
6596
4913
5220
5371
5524
5676
5829
5982
6136
6287
6287
6440
5680
5831
5985
6136
6136
6289
6440
6440
6440
6593
6593
5064
5218
5369
5676
5829
6136
6596
7059
461
614
1075
1689
2304
2763
3222
3683
3990
4295
4602
4755
5060
3683
4143
4297
4602
4909
5062
5213
5367
5520
5673
5827
5827
5980
3683
3990
4297
4604
4909
5062
5215
5369
5520
5673
5827
5827
5980
5218
5369
5522
5676
5827
5827
5980
5980
6133
6133
6131
6284
6284
6284
3988
4295
4448
4755
4909
5215
5367
5520
5673
5673
5827
5980
5980
5218
5831
6292
6755
7062
7369
6789
6783
6932
7080
7077
7228
7225
7222
7372
7369
7369
7520
7516
7516
5064
5371
5678
5982
6136
6289
6440
6593
6747
6900
6897
7050
7050
7204
7204
4909
5215
5522
5676
5980
6133
6287
6440
6591
6744
6897
7050
7050
7204
7204
4755
5064
5369
5676
5982
6133
6287
6440
6591
6744
6897
6897
7056
7062
7219
6459
6615
6772
6772
6929
7086
7086
7243
7243
7243
7400
7400
7400
7403
7403
7557
6635
6789
6943
6943
7097
7097
7252
7252
7252
7406
7406
7406
7406
7560
7560
7560
6792
6792
6946
6946
7100
7100
7255
7252
7406
7406
7406
7406
7406
7560
7560
7560
6792
6792
6946
7100
7100
7100
7255
7255
7252
7406
7406
7406
7406
7560
7560
7560
7560
6792
6792
6946
7100
7100
7255
7255
7255
7409
7406
7406
7406
7406
7560
7560
7560
7560
6792
6792
6946
7100
7100
7097
7252
7252
7406
7406
7406
7406
7406
7560
7560
7560
7560
6792
6789
6943
7097
7097
7097
7252
7252
7406
7406
7406
7406
7406
7560
7560
7560
7560
7560
6792
6789
6943
7097
7097
7097
7252
7252
7406
7406
7406
7406
7406
7560
7560
7560
7560
7560
6792
6792
6946
7100
7100
7255
7255
7255
7406
7406
7406
7406
7406
7560
7560
7560
7560
7560
6792
6792
6946
7100
7100
7255
7255
7255
7406
7406
7406
7406
7406
7560
7560
7560
7560
7560
7560
6792
6792
6946
7100
7100
7255
7255
7255
7409
7406
7406
7406
7406
7560
7560
7560
7560
7560
7560
6792
6946
6946
7100
7100
7255
7255
7255
7409
7409
7406
7406
7406
7560
7560
7560
7560
7560
7560
6792
6946
6946
7100
7100
7255
7255
7255
7406
7406
7406
7406
7406
7560
7557
7557
7557
7557
7557
6789
6789
6943
7097
7097
7252
7252
7252
7406
7406
7406
7406
7406
7560
7560
7560
7560
7560
7560
7560
6792
6792
6946
7100
7097
7252
7252
7252
7406
7406
7406
7406
7406
7560
7560
7560
7560
7560
7560
7560
6792
6946
6946
7100
7100
7255
7255
7255
7406
7406
7406
7406
7406
7560
7560
7560
7560
7560
7560
7560
7095
7249
7400
7554
7708
7708
7862
8017
8017
7095
7249
7403
7554
7708
7862
7862
8017
8017
7095
7249
7403
7554
7708
7862
7862
8017
8017
7249
7403
7403
7554
7708
7862
7862
8017
8017
8017
7249
7403
7400
7554
7708
7862
7862
8017
8017
8017
7249
7400
7554
7554
7708
7862
7862
8017
8017
8171
7246
7400
7554
7554
7708
7862
7862
8017
8017
8171
7249
7403
7554
7708
7708
7862
7862
8017
8017
8171
7249
7403
7554
7708
7708
7862
7862
8017
8017
8171
8171
7249
7403
7554
7708
7708
7862
7862
8017
8017
8171
8171
7249
7403
7557
7708
7708
7862
7862
8017
8017
8171
8171
7249
7403
7554
7708
7708
7862
7862
8017
8017
8171
8171
7249
7403
7554
7708
7708
7862
7862
8017
8017
8171
8171
7249
7403
7554
7708
7708
7862
7862
8017
8017
8171
8171
7249
7403
7554
7708
7708
7862
8017
8017
8017
8171
8171
8171
7246
7400
7554
7708
7862
7862
8017
8017
8017
8171
8167
8167
7400
7400
7554
7708
7862
7862
8017
8017
8017
8171
8171
8171
7403
7400
7554
7708
7862
7862
8017
8017
8017
8171
8171
8171
7403
7400
7554
7708
7862
7862
8017
8017
8017
8171
8171
8171
7403
7557
7554
7708
7862
7862
8017
8017
8171
8171
8171
8171
8325
