462
616
1079
1694
2309
2923
3383
3689
4148
3383
3996
4611
5224
5378
5683
4456
4608
4915
5220
5373
5524
5678
5829
5982
5373
5527
5678
5831
5985
6136
6289
6289
6443
4913
5218
5371
5522
5829
6289
6443
6443
4759
5066
5218
5524
5676
5829
5982
6133
6133
6287
5524
5985
6136
6289
6443
6593
6593
6747
5066
5371
5524
5829
5982
5982
6133
6287
6440
5831
5985
6136
6289
6289
6440
6440
6440
6593
6593
4147
4300
4761
5376
5836
6141
6294
4609
4915
5066
5373
5524
5678
5831
5982
6136
6136
6289
5527
5834
5985
6138
6289
6289
6443
6443
6440
6593
4913
5066
5371
5524
5676
5982
6289
6443
6443
6596
4759
5066
5371
5524
5678
5829
5982
6136
6133
6287
6440
5834
5985
6138
6136
6289
6289
6440
6440
6593
6593
6593
5064
5218
5522
5676
5982
6289
6443
6440
6440
6593
5066
5218
5371
5676
5829
5982
5982
6133
6287
6440
6747
6138
6292
6292
6443
6443
6443
6593
6593
6593
6747
6747
6747
4911
5218
5371
5676
6136
6445
6906
7213
6607
6914
7375
7683
7990
8144
8007
8311
8465
8769
8923
8007
8311
8619
8773
8923
8007
8311
8619
8773
8923
8161
8311
8619
8773
9077
8161
8465
8619
8773
9077
8161
8465
8619
8927
9077
8161
8465
8619
8927
9077
9231
8161
8465
8619
8927
9081
9231
8161
8465
8773
8927
9077
9231
8315
8465
8773
8927
9077
9231
8315
8465
8773
8927
9077
9231
8315
8619
8773
8927
9077
9231
8315
8619
8773
8927
9231
9385
8315
8619
8773
8927
9231
9385
8315
8619
8773
9081
9231
9385
8315
8619
8773
9081
9231
9385
8465
8619
8773
9077
9231
9385
9539
8465
8619
8927
9077
9231
9385
9535
8465
8619
8923
9077
9231
9385
9535
8465
8619
8923
9077
9231
9385
9539
6637
6792
6946
6946
7100
7100
7255
7255
7255
7409
7406
7406
7406
7406
7560
6637
6792
6946
6946
7100
7100
7255
7255
7252
7406
7406
7406
7406
7406
7560
6637
6792
6946
6946
7097
7097
7252
7252
7252
7406
7406
7406
7406
7406
7560
6637
6792
6946
6946
7100
7100
7255
7255
7255
7406
7406
7406
7406
7560
7560
6637
6792
6946
6946
7097
7097
7252
7252
7252
7406
7406
7406
7406
7560
7560
7560
6637
6792
6946
6946
7100
7100
7252
7252
7252
7406
7406
7406
7406
7560
7560
7560
6792
6792
6946
6946
7100
7100
7255
7255
7255
7409
7406
7406
7406
7560
7560
7560
6792
6792
6946
6946
7100
7100
7255
7255
7255
7409
7409
7409
7406
7560
7560
7560
7560
6792
6792
6946
7100
7100
7100
7255
7255
7406
7406
7406
7406
7406
7560
7560
7560
7560
6792
6792
6946
7097
7097
7097
7252
7252
7406
7406
7406
7406
7406
7560
7560
7560
7560
6792
6792
6946
7100
7100
7100
7255
7255
7255
7409
7406
7406
7406
7560
7560
7560
7560
7560
6792
6792
6946
7100
7100
7255
7255
7255
7409
7409
7409
7406
7406
7560
7560
7560
7560
7560
6792
6792
6946
7100
7100
7100
7255
7255
7409
7409
7409
7406
7406
7560
7560
7560
7560
7560
6792
6792
6946
7100
7100
7255
7255
7255
7409
7409
7409
7409
7406
7560
7560
7560
7560
7560
7560
6792
6946
6946
7097
7097
7252
7252
7252
7406
7406
7406
7406
7406
7560
7560
7560
7560
7560
7560
6792
6946
6943
7097
7097
7252
7252
7252
7406
7406
7406
7406
7406
7560
7560
7560
7560
7560
7560
6792
6946
6946
7100
7100
7255
7255
7255
7409
7406
7406
7406
7406
7560
7560
7560
7560
7560
7560
6792
6792
6946
7100
7100
7255
7255
7255
7409
7409
7409
7406
7406
7560
7560
7560
7560
7560
7560
7560
6792
6946
6946
7100
7100
7255
7255
7255
7409
7409
7409
7409
7409
7560
7560
7560
7560
7560
7560
7560
6792
6946
6946
7100
7100
7255
7255
7255
7409
7409
7406
7406
7406
7560
7560
7560
7560
7560
7560
7560
7095
7249
7403
7554
7708
7708
7862
7862
8017
7095
7249
7400
7554
7708
7708
7862
8017
8017
7249
7400
7400
7554
7708
7862
7862
8017
8017
7249
7403
7400
7554
7708
7862
7862
8017
8017
8017
7249
7403
7557
7554
7708
7862
7862
8017
8017
8171
7249
7403
7557
7554
7708
7862
7862
8017
8017
8171
7249
7403
7557
7554
7708
7862
7862
8017
8017
8171
7249
7403
7557
7708
7708
7862
7862
8017
8017
8171
7249
7403
7557
7708
7708
7862
7862
8017
8017
8171
8171
7249
7403
7557
7708
7708
7862
7862
8017
8017
8171
8171
7249
7403
7557
7708
7708
7862
7862
8017
8017
8171
8171
7249
7403
7557
7708
7708
7862
7862
8017
8017
8171
8171
7249
7400
7554
7708
7708
7862
7862
8017
8017
8171
8171
7246
7400
7554
7708
7708
7862
8017
8017
8017
8171
8171
7249
7400
7554
7708
7708
7862
8017
8017
8017
8171
8171
8171
7249
7403
7554
7708
7708
7862
8017
8017
8017
8171
8171
8171
7403
7403
7554
7708
7862
7862
8017
8017
8017
8171
8171
8171
7403
7403
7554
7708
7862
7862
8017
8017
8017
8171
8171
8171
7403
7403
7554
7708
7862
7862
8017
8017
8017
8171
8171
8171
7403
7403
7554
7708
7862
7862
8017
8017
8017
8171
8171
8171
8325
