7997
8304
8455
8762
8916
8000
8304
8612
8766
9069
8154
8458
8612
8919
9073
8154
8462
8612
8919
9073
8308
8462
8766
8919
9073
8308
8462
8766
8919
9073
8308
8462
8766
8919
9073
9227
8308
8615
8766
8919
9073
9381
8308
8615
8766
8919
9227
9377
8308
8615
8766
9073
9227
9377
8308
8615
8766
9073
9227
9377
8462
8612
8766
9073
9227
9377
8462
8612
8919
9073
9227
9377
8462
8612
8919
9073
9223
9377
8462
8612
8919
9073
9223
9377
8458
8766
8919
9069
9223
9377
8458
8766
8919
9073
9223
9377
9531
8462
8766
8919
9073
9223
9377
9531
8462
8766
8919
9073
9227
9377
9531
8615
8766
8919
9073
9227
9377
9531
6786
6786
6940
6940
7095
7095
7249
7249
7249
7400
7400
7400
7400
7554
7554
6786
6786
6940
7095
7095
7249
7249
7249
7403
7403
7403
7403
7403
7557
7557
6786
6786
6940
7095
7095
7249
7249
7249
7403
7403
7403
7403
7403
7557
7557
6786
6786
6940
7095
7095
7249
7249
7249
7403
7403
7403
7403
7403
7557
7557
6786
6940
6940
7095
7095
7249
7249
7249
7403
7403
7400
7400
7403
7557
7557
7557
6786
6940
6940
7095
7095
7249
7249
7249
7403
7403
7403
7403
7403
7557
7557
7557
6786
6940
6940
7095
7095
7249
7249
7249
7403
7403
7403
7403
7403
7557
7557
7557
6786
6940
6940
7095
7095
7249
7249
7249
7403
7403
7403
7403
7403
7557
7554
7554
7554
6786
6940
6940
7095
7095
7249
7249
7249
7403
7403
7403
7403
7403
7557
7557
7557
7557
6786
6940
6940
7095
7095
7249
7249
7249
7403
7403
7403
7403
7403
7557
7557
7557
7557
6786
6940
6940
7095
7095
7249
7249
7249
7403
7403
7403
7403
7403
7557
7557
7557
7557
7557
6786
6940
6940
7095
7095
7249
7249
7249
7403
7403
7403
7403
7557
7557
7557
7557
7557
7557
6786
6940
6940
7095
7095
7249
7249
7249
7403
7403
7403
7403
7557
7557
7557
7557
7557
7557
6786
6940
6940
7095
7095
7249
7249
7249
7403
7403
7403
7403
7557
7557
7557
7557
7557
7557
7557
6786
6940
6940
7095
7095
7249
7249
7249
7403
7403
7400
7400
7554
7554
7557
7557
7557
7557
7557
6786
6940
6940
7095
7095
7249
7249
7249
7403
7403
7403
7403
7557
7557
7557
7557
7557
7557
7557
6786
6940
6940
7095
7095
7249
7249
7249
7403
7403
7403
7403
7557
7557
7557
7557
7557
7557
7557
6786
6940
6940
7095
7095
7249
7249
7249
7403
7403
7403
7403
7557
7557
7557
7557
7557
7557
7557
7557
6786
6940
6940
7095
7095
7249
7249
7249
7403
7403
7403
7403
7557
7557
7557
7557
7557
7557
7557
7557
6786
6940
6940
7095
7095
7249
7249
7249
7403
7403
7403
7403
7557
7557
7557
7557
7557
7554
7554
7554
6174
6329
6329
6483
6483
6637
6637
6637
6637
6637
6792
6792
6792
6792
6792
6792
6792
6792
6946
6946
6946
6946
6946
6946
6946
6946
6946
6946
6946
6946
6946
6946
6946
6946
6177
6329
6329
6486
6483
6640
6637
6640
6637
6640
6792
6792
6792
6792
6792
6795
6792
6792
6946
6946
6946
6946
6946
6946
6946
6946
6946
6949
6946
6949
6949
6946
6946
6946
6177
6331
6331
6486
6486
6640
6640
6640
6640
6640
6795
6795
6795
6795
6792
6792
6792
6792
6792
6946
6946
6946
6946
6946
6946
6946
6946
6946
6946
6946
6946
6946
6946
6946
6946
6177
6331
6331
6486
6486
6486
6640
6640
6640
6640
6795
6795
6795
6795
6795
6795
6795
6795
6795
6946
6946
6946
6946
6946
6946
6946
6946
6946
6946
6946
6946
6946
6946
6946
6946
6946
6329
6329
6329
6483
6483
6637
6637
6637
6637
6792
6789
6783
6778
6775
6772
6926
6923
6920
6917
6914
6912
6912
6912
6912
6909
6909
6906
6906
6906
6906
6903
6903
6903
6903
6903
6903
4606
4761
5068
5373
5527
5678
5831
5985
6138
6138
6292
6289
6443
6443
6596
6596
6596
6747
6747
6747
6747
6747
6747
6900
6900
6900
6900
6900
6900
6900
6900
6900
6900
6900
6900
6900
6900
4299
4454
4763
5068
5222
5527
5680
5831
5985
5985
6138
6292
6292
6443
6443
6596
6596
6596
6749
6747
6747
6747
6747
6747
6900
6900
6900
6900
6900
6900
6900
6897
6900
6900
6900
6900
6900
6897
5524
5676
5829
5982
6136
6289
6287
6440
6440
6593
6593
6593
6593
6747
6747
6747
6749
6749
6900
6900
6900
6900
6900
6900
6900
6900
6903
6903
6900
6903
6903
6903
6903
6903
6903
6906
6912
6914
6308
6310
6313
6470
6472
6629
6629
6632
6632
6789
6789
6789
6792
6792
6792
6792
6795
6949
6949
6949
6949
6949
6949
6949
6949
6949
6949
6952
6952
6952
6952
6952
6952
6952
6952
6952
6952
6952
6952
6179
6334
6334
6488
6488
6643
6643
6643
6643
6643
6797
6797
6797
6797
6797
6797
6797
6797
6952
6952
6952
6952
6952
6952
6952
6952
6952
6952
6952
6952
6952
6952
6952
6952
6952
6952
6952
6952
6952
6952
6179
6334
6334
6488
6488
6643
6643
6643
6643
6797
6797
6797
6797
6797
6797
6797
6797
6797
6797
6952
6952
6952
6952
6952
6952
6952
6952
6952
6952
6952
6952
6952
6952
6952
6952
6952
6952
6952
6952
6952
6952
6179
6334
6334
6488
6488
6488
6643
6643
6643
6643
6797
6797
6797
6797
6797
6797
6797
6797
6952
6952
6952
6952
6952
6952
6952
6952
6952
6952
6952
6952
6952
6952
6952
6952
6952
6952
6952
6952
6952
6952
6952
6952
6179
6334
6334
6488
6488
6488
6643
6643
6643
6643
6797
6797
6797
6797
6797
6797
6797
6797
6952
6952
6952
6952
6952
6952
6952
6952
6952
6952
6952
6952
6952
6952
6952
6952
6952
6952
6952
6952
6952
6952
6952
6952
6179
6334
6334
6488
6488
6488
6643
6643
6643
6643
6797
6797
6797
6797
6797
6797
6797
6797
6952
6952
6952
6952
6952
6952
6952
6952
6952
6952
6952
6952
6952
6952
6952
6952
6952
6952
6952
6952
6952
6952
6952
6952
6952
6179
6334
6334
6488
6488
6488
6643
6643
6643
6643
6797
6797
6797
6797
6797
6797
6797
6797
6797
6952
6952
6952
6952
6952
6952
6952
6952
6952
6952
6952
6952
6952
6952
6952
6952
6952
6952
6952
6952
6952
6952
6952
6952
6952
6179
6334
6334
6488
6488
6488
6643
6643
6643
6643
6797
6797
6797
6797
6797
6797
6797
6797
6797
6952
6952
6952
6952
6952
6952
6952
6952
6952
6952
6952
6952
6952
6952
6952
6952
6952
6952
6952
6952
6952
6952
6952
6952
6952
6952
6179
6334
6334
6488
6488
6488
6643
6643
6643
6643
6797
6797
6797
6797
6797
6797
6797
6797
6797
6952
6952
6952
6952
6952
6952
6952
6952
6952
6952
6952
6952
6952
6952
6952
6952
6952
6952
6952
6952
6952
6952
6952
6952
6952
6952
6179
6334
6334
6488
6488
6488
6643
6643
6643
6643
6797
6797
6797
6797
6797
6797
6797
6797
6797
6952
6952
6952
6952
6952
6952
6952
6952
6952
6952
6952
6952
6952
6952
6952
6952
6952
6952
6952
6952
6952
6952
6949
6952
6952
6952
6952
6179
6334
6334
6488
6488
6488
6643
6643
6643
6643
6797
6797
6797
6797
6797
6797
6797
6797
6952
6952
6952
6952
6952
6949
6952
6949
6952
6949
6952
6952
6952
6949
6952
6952
6949
6952
6949
6952
6952
6952
6952
6952
6952
6952
6952
6952
6952
6179
6334
6334
6488
6488
6488
6643
6643
6643
6643
6797
6797
6797
6797
6797
6797
6797
6797
6797
6952
6952
6952
6952
6952
6952
6952
6952
6952
6952
6952
6952
6952
6952
6952
6952
6952
6952
6952
6952
6952
6952
6949
6952
6952
6952
6952
6952
7542
7846
8000
8308
8458
7542
7849
8154
8308
8458
7696
7846
8154
8308
8612
7696
8000
8154
8308
8612
7696
8000
8154
8458
8612
7696
8000
8154
8458
8612
7692
8000
8308
8458
8612
7692
8000
8308
8458
8612
7846
8000
8308
8458
8612
7846
8000
8308
8458
8612
7692
8000
8308
8458
8612
8766
7846
8000
8308
8458
8612
8766
7846
8154
8308
8458
8612
8766
7846
8154
8308
8458
8612
8766
7846
8154
8308
8458
8766
8766
7846
8154
8308
8612
8766
8919
8000
8154
8308
8612
8766
8919
8000
8154
8308
8612
8766
8919
8000
8154
8462
8612
8766
8919
8000
8154
8462
8612
8766
8919
