5068
5220
5527
5678
5985
6136
6289
6443
5680
6138
6292
6443
6596
6596
6747
5066
5220
5524
5985
6292
6752
5987
6294
6292
6445
6596
6749
6749
6900
5373
5678
6138
6445
6906
7213
6141
6294
6445
6445
6596
6749
6749
6900
6900
5524
5985
6292
6599
6906
7056
7056
5220
5373
5678
5831
5982
6289
6440
6593
6138
6445
6752
6749
6903
6900
6900
7053
5373
5678
5831
5982
6289
6596
6903
6448
6599
6752
6752
6903
6903
6900
7053
7053
5220
5524
5831
6292
6599
6906
6903
6903
5220
5373
5524
5678
5831
5982
6136
6289
6596
6749
4913
5220
5371
5524
5678
5829
5982
6136
6136
6443
5987
6292
6292
6443
6443
6443
6593
6593
6593
6747
6747
5218
5831
6138
6138
6289
6289
6443
6440
6593
6593
4300
4608
5068
5529
5836
5987
6138
6292
6289
4913
5066
5218
5524
5676
5829
5982
6443
6596
6596
6593
4913
5066
5371
5524
5676
5829
5982
6136
6289
6749
6749
5220
5220
5371
5678
5829
5829
5982
6136
6287
6287
6440
6747
