6172
6326
6326
6480
6480
6635
6635
6635
6635
6792
6792
6792
6792
6792
6792
6792
6792
6946
6946
6943
6935
6929
6926
6920
6917
6914
6912
6909
6906
6906
6903
6900
6900
6897
5215
5522
5673
5827
5977
6131
6131
6281
6281
6435
6432
6585
6585
6585
6738
6738
6738
6738
6738
6891
6888
6888
6888
6888
6891
6888
6888
6888
6888
6888
6888
6888
6888
6888
4904
5211
5364
5668
5822
5975
5975
6126
6279
6279
6432
6435
6585
6585
6585
6738
6738
6738
6738
6738
6891
6891
6891
6891
6891
6891
6891
6891
6891
6891
6891
6891
6891
6891
5980
6131
6131
6281
6435
6435
6435
6588
6588
6585
6738
6738
6738
6738
6738
6891
6891
6891
6891
6891
6891
6891
6891
6891
6888
6888
6888
6888
6891
6891
6891
6891
7044
7044
7044
5364
5518
5668
5822
5975
6128
6279
6279
6437
6443
6448
6607
6610
6613
6769
6772
6775
6778
6780
6783
6783
6786
6940
6940
6943
6943
6943
6946
6946
6946
6946
6946
6946
6949
6949
6949
1384
1999
2613
3073
3687
3993
4454
4761
4917
5222
5376
5527
5680
5831
5985
6138
6292
6292
6443
6443
6596
6596
6596
6749
6749
6747
6747
6747
6747
6900
6900
6903
6903
6900
6900
6900
5220
5376
5680
5834
5985
5985
6138
6289
6289
6443
6443
6596
6596
6596
6749
6749
6749
6749
6749
6749
6903
6900
6900
6900
6900
6900
6903
6903
6900
6900
6900
6900
6900
6900
6900
6900
6900
4606
4915
5224
5378
5529
5683
5836
5987
6141
6292
6292
6445
6445
6599
6596
6596
6749
6749
6749
6749
6749
6749
6900
6900
6900
6900
6900
6900
6900
6900
6900
6900
6900
6900
6900
6900
6900
6900
5831
5985
5985
6138
6289
6289
6443
6443
6596
6596
6596
6749
6749
6747
6747
6747
6900
6900
6900
6900
6900
6900
6900
6900
6900
6900
6900
6900
6900
6903
6903
6900
6900
6900
6900
6900
6900
7053
7053
6141
6297
6302
6459
6461
6464
6621
6624
6626
6783
6783
6786
6786
6789
6789
6789
6792
6946
6946
6946
6946
6946
6949
6949
6949
6949
6949
6949
6949
6949
6949
6949
6949
6949
6949
6949
6949
6952
6952
6952
6334
6488
6488
6488
6643
6643
6643
6643
6797
6797
6797
6797
6797
6797
6797
6797
6952
6952
6952
6952
6952
6952
6952
6952
6952
6952
6952
6952
6952
6952
6952
6952
6952
6952
6952
6952
6952
6952
6952
6952
6334
6334
6488
6488
6643
6643
6643
6643
6797
6797
6797
6797
6797
6797
6797
6797
6952
6949
6949
6949
6949
6949
6949
6949
6949
6949
6949
6949
6949
6949
6949
6949
6949
6949
6949
6949
6949
6949
6949
6949
6949
6949
6334
6488
6488
6488
6643
6643
6643
6643
6797
6797
6797
6797
6797
6797
6797
6797
6952
6952
6952
6952
6952
6952
6952
6952
6952
6952
6952
6952
6952
6952
6952
6949
6949
6949
6949
6949
6949
6949
6949
6949
6949
6949
6334
6331
6486
6486
6640
6640
6640
6640
6795
6795
6795
6795
6795
6795
6795
6795
6795
6949
6949
6949
6949
6949
6949
6949
6949
6949
6949
6949
6949
6949
6949
6949
6949
6949
6949
6949
6949
6949
6949
6949
6949
6949
6949
6331
6331
6486
6486
6640
6640
6640
6640
6795
6795
6795
6795
6795
6795
6795
6795
6949
6949
6949
6949
6949
6949
6949
6949
6949
6949
6949
6949
6949
6949
6949
6949
6949
6949
6949
6949
6949
6949
6949
6949
6949
6949
6949
6949
6331
6331
6486
6486
6640
6640
6640
6640
6795
6795
6795
6795
6795
6795
6795
6795
6949
6949
6949
6949
6949
6949
6952
6952
6952
6952
6952
6952
6952
6952
6952
6952
6952
6952
6952
6952
6952
6952
6952
6952
6952
6952
6952
6952
6334
6334
6488
6488
6643
6643
6643
6643
6797
6797
6797
6797
6797
6797
6797
6797
6795
6949
6949
6949
6949
6949
6949
6949
6949
6949
6949
6949
6949
6949
6949
6949
6949
6949
6949
6949
6952
6952
6949
6949
6949
6949
6949
6949
6949
6331
6331
6486
6486
6486
6640
6640
6640
6640
6795
6795
6795
6795
6795
6797
6797
6797
6952
6952
6952
6952
6952
6952
6952
6952
6952
6952
6952
6952
6952
6952
6952
6952
6952
6952
6952
6952
6952
6952
6952
6952
6952
6952
6952
6952
6952
6334
6334
6488
6488
6488
6643
6643
6643
6643
6797
6797
6797
6797
6797
6797
6797
6797
6952
6952
6952
6952
6952
6952
6952
6952
6952
6952
6952
6952
6952
6952
6952
6952
6952
6952
6952
6952
6952
6952
6952
6952
6952
6952
6952
6952
6952
6952
6334
6334
6488
6488
6643
6643
6643
6643
6797
6797
6797
6797
6797
6797
6797
6797
6797
6952
6949
6949
6949
6949
6949
6949
6949
6949
6949
6949
6949
6949
6949
6949
6949
6949
6949
6949
6949
6949
6949
6949
6949
6949
6949
6949
6949
6949
6949
8157
8465
8619
8923
9077
8157
8465
8773
8923
9077
8157
8465
8769
8923
9077
8157
8465
8769
8923
9077
8311
8615
8769
9077
9231
8311
8615
8769
8923
9077
8311
8615
8769
9077
9227
8465
8615
8923
9077
9231
8465
8615
8923
9077
9231
8465
8619
8923
9077
9231
9385
8465
8773
8923
9077
9231
9385
8465
8773
8923
9077
9231
9385
8619
8769
8923
9077
9231
9385
8619
8773
8923
9077
9231
9385
8465
8773
8923
9077
9231
9385
8619
8769
9077
9231
9385
9539
8465
8773
8923
9077
9231
9385
8619
8773
8923
9231
9385
9385
8619
8773
9077
9231
9385
9539
8619
8769
9077
9231
9385
9535
9535
7243
7397
7551
7705
7705
7859
8013
8013
8013
7246
7397
7551
7705
7705
7859
8013
8013
8013
7246
7400
7554
7708
7708
7859
7859
8013
8013
7246
7400
7554
7708
7708
7859
8013
8013
8013
7246
7400
7554
7708
7862
7862
8017
8017
8017
8171
7400
7554
7554
7708
7862
7862
8017
8017
8171
8171
7400
7554
7554
7708
7862
7862
8017
8017
8171
8171
7400
7554
7554
7708
7862
7862
8017
8017
8171
8171
7400
7554
7708
7708
7862
7859
8013
8013
8167
8167
7400
7554
7708
7708
7859
7859
8013
8013
8167
8167
7400
7554
7708
7708
7862
7862
8013
8013
8167
8167
8167
7400
7554
7708
7708
7862
7862
8017
8017
8171
8167
8167
7400
7554
7708
7708
7862
7862
8017
8013
8167
8167
8167
7400
7554
7708
7708
7862
7859
8013
8013
8167
8167
8167
7400
7554
7708
7708
7862
7862
8013
8013
8167
8167
8167
7400
7554
7708
7708
7862
7862
8017
8017
8171
8171
8167
8322
7400
7554
7708
7708
7862
8017
8017
8017
8171
8171
8167
8322
7400
7554
7708
7708
7862
8013
8013
8013
8167
8167
8167
8322
7400
7554
7708
7708
7859
7859
8013
8013
8167
8167
8167
8322
7400
7554
7708
7862
7859
8013
8013
8013
8167
8167
8167
8322
