7240
7394
7548
7702
7702
7856
7856
8010
8010
7243
7397
7551
7705
7702
7856
7856
8010
8010
7243
7397
7551
7705
7705
7859
7856
8010
8010
7243
7397
7551
7705
7705
7859
8013
8010
8010
8164
7243
7397
7551
7705
7705
7859
8010
8010
8010
8164
7243
7397
7551
7705
7856
7856
8010
8010
8010
8164
7243
7397
7548
7702
7856
7856
8010
8010
8010
8164
7397
7397
7551
7705
7856
7856
8010
8010
8164
8164
7397
7551
7551
7705
7859
7856
8010
8010
8164
8164
8164
7397
7551
7551
7705
7859
7859
8010
8010
8164
8164
8164
7397
7551
7551
7705
7859
7859
8010
8010
8164
8164
8164
7397
7551
7551
7705
7859
7859
8010
8010
8164
8164
8164
7397
7551
7551
7705
7859
7859
8010
8010
8164
8164
8164
7397
7551
7551
7705
7859
7859
8010
8010
8164
8164
8164
8318
7397
7551
7705
7705
7859
7859
8010
8010
8164
8164
8164
8318
7397
7551
7705
7705
7856
7856
8010
8010
8164
8164
8164
8318
7397
7551
7702
7702
7856
7856
8010
8010
8164
8164
8164
8318
7397
7551
7705
7705
7856
7856
8010
8010
8164
8164
8164
8318
7397
7551
7705
7705
7859
8010
8010
8010
8164
8164
8164
8318
7397
7551
7705
7705
7859
8013
8010
8010
8164
8164
8164
8318
8318
7689
7840
8147
8301
8605
7689
7993
8147
8455
8297
7990
4611
4919
5070
5376
5529
5527
5678
5831
5982
5982
4458
4763
4915
5222
5373
5524
5678
5678
5829
5982
3836
4143
4450
4757
4909
5062
5369
5522
5673
5673
4757
5373
5834
6294
6755
6300
6761
7068
7375
7219
7219
7062
7059
4913
5066
5218
5371
5524
5676
5829
5827
5980
5980
6133
3835
3990
4450
4602
4909
5062
5215
5367
5520
5673
5827
4606
4759
5064
5218
5371
5522
5676
5676
5827
5980
5980
6133
3990
4142
4448
4602
5062
5215
5369
5522
5673
5827
5827
5980
4450
4604
4911
5062
5215
5369
5520
5673
5827
5980
5980
6131
3528
3988
4604
5064
5218
5369
5522
5676
5829
5827
4297
4602
4755
5062
5215
5367
5520
5673
5827
5827
5980
5980
5980
5218
5371
5371
5522
5676
5676
5829
5829
5982
5982
6136
6133
6133
6133
5371
5524
5524
5678
5676
5829
5829
5982
5982
5980
6133
6133
6133
6133
3836
3990
4143
4450
4755
5218
5369
5522
5676
5827
5827
5980
5980
4295
4911
5524
5985
6448
6909
462
615
1077
1692
2153
2767
3226
3532
4300
4454
4759
4911
5218
3531
3991
4299
4604
4911
5064
5215
5369
5522
5676
5827
5827
5980
6179
6334
6334
6488
6488
6488
6643
6643
6643
6643
6797
6797
6797
6797
6797
6797
6797
6797
6797
6952
6952
6952
6952
6952
6952
6952
6952
6952
6952
6952
6952
6952
6952
6952
6179
6334
6334
6483
6480
6629
6624
6618
6615
6766
6764
6764
6761
6758
6912
6909
6909
6906
6903
6906
6903
6903
6900
6900
6900
6897
6897
6900
6897
6897
6897
6897
6897
6897
5522
5676
5829
5980
6133
6133
6284
6437
6437
6437
6591
6591
6591
6744
6744
6744
6744
6744
6897
6897
6897
6897
6894
6894
6897
6897
6897
6897
6897
6897
6897
6897
6897
6897
6894
5985
5982
6136
6287
6287
6440
6437
6591
6591
6593
6749
6755
6761
6764
6769
6772
6775
6778
6935
6935
6937
6937
6940
6940
6943
6943
6946
6946
6946
6946
6946
6949
6949
6949
6949
6949
6177
6334
6334
6488
6488
6488
6643
6643
6643
6643
6797
6797
6797
6797
6797
6797
6797
6797
6952
6952
6952
6952
6952
6952
6952
6952
6952
6952
6952
6952
6952
6952
6952
6952
6952
6952
6952
6179
6334
6334
6488
6488
6488
6643
6643
6643
6643
6797
6797
6797
6797
6797
6797
6797
6797
6952
6952
6952
6952
6952
6952
6952
6952
6952
6952
6952
6952
6952
6952
6952
6952
6952
6952
6952
6179
6334
6334
6488
6488
6488
6643
6643
6643
6643
6797
6797
6797
6797
6797
6797
6797
6797
6952
6952
6952
6952
6952
6952
6952
6952
6952
6952
6952
6952
6952
6952
6952
6952
6952
6952
6952
6952
6179
6334
6334
6488
6488
6488
6643
6643
6643
6643
6795
6795
6795
6795
6795
6795
6795
6795
6949
6949
6949
6949
6949
6949
6949
6949
6949
6949
6949
6949
6949
6949
6949
6949
6949
6949
6949
6949
6949
6179
6334
6334
6488
6488
6488
6643
6643
6643
6643
6797
6797
6797
6797
6797
6797
6797
6797
6797
6952
6952
6952
6952
6952
6952
6952
6952
6952
6952
6952
6952
6952
6952
6952
6952
6952
6952
6952
6952
6952
6179
6334
6334
6488
6488
6488
6643
6643
6643
6643
6797
6797
6797
6797
6797
6797
6797
6797
6797
6952
6952
6952
6952
6952
6952
6952
6952
6952
6952
6952
6952
6952
6952
6952
6952
6952
6952
6952
6952
6952
6179
6334
6334
6488
6488
6488
6643
6643
6643
6643
6797
6797
6797
6797
6797
6797
6797
6797
6797
6952
6952
6952
6952
6952
6952
6952
6952
6952
6952
6952
6952
6952
6952
6952
6952
6952
6952
6952
6952
6952
6952
6179
6334
6334
6488
6488
6488
6643
6643
6643
6643
6797
6797
6797
6797
6797
6797
6797
6797
6952
6952
6952
6952
6952
6952
6952
6952
6952
6952
6952
6952
6952
6952
6952
6952
6952
6952
6952
6952
6952
6952
6952
6952
6179
6334
6334
6488
6488
6488
6643
6643
6643
6643
6797
6797
6797
6797
6797
6797
6797
6797
6952
6952
6952
6952
6952
6952
6952
6952
6952
6952
6952
6952
6952
6952
6952
6952
6952
6952
6952
6952
6952
6952
6952
6952
6179
6334
6334
6488
6488
6488
6643
6643
6643
6643
6797
6797
6797
6797
6797
6797
6797
6797
6797
6952
6952
6952
6952
6952
6952
6952
6952
6952
6952
6952
6952
6952
6952
6952
6952
6952
6952
6952
6952
6952
6952
6952
6952
6179
6334
6334
6488
6488
6488
6643
6643
6643
6643
6797
6797
6797
6797
6797
6797
6797
6797
6952
6952
6952
6952
6952
6952
6952
6952
6952
6952
6952
6952
6952
6952
6952
6952
6952
6952
6952
6952
6952
6952
6952
6952
6952
6952
6179
6334
6334
6488
6488
6488
6643
6643
6643
6643
6797
6797
6797
6797
6797
6797
6797
6797
6952
6952
6952
6952
6952
6952
6952
6952
6952
6952
6952
6952
6952
6952
6952
6952
6952
6952
6952
6952
6952
6952
6952
6952
6952
6952
6952
6179
6334
6334
6488
6488
6488
6643
6643
6643
6643
6797
6797
6797
6797
6797
6797
6797
6797
6952
6952
6952
6952
6952
6952
6952
6952
6952
6952
6952
6952
6952
6952
6952
6952
6952
6952
6952
6952
6952
6952
6952
6952
6952
6952
6952
6179
6334
6334
6488
6488
6488
6643
6643
6643
6643
6797
6797
6797
6797
6797
6797
6797
6795
6952
6952
6952
6952
6952
6952
6949
6952
6949
6952
6952
6952
6949
6949
6952
6952
6952
6952
6952
6952
6952
6952
6952
6952
6952
6952
6952
6952
6179
6334
6334
6488
6488
6488
6643
6643
6643
6643
6797
6797
6797
6797
6797
6797
6797
6797
6797
6952
6952
6952
6952
6952
6952
6952
6952
6952
6952
6952
6952
6952
6952
6952
6952
6952
6952
6952
6952
6952
6952
6952
6952
6952
6952
6952
6952
6179
6334
6334
6488
6488
6488
6643
6643
6643
6643
6797
6797
6797
6797
6797
6797
6797
6797
6797
6952
6952
6952
6952
6952
6952
6952
6952
6952
6952
6952
6952
6952
6952
6949
6949
6952
6952
6952
6949
6949
6952
6952
6952
6952
6952
6952
6952
