8150
8301
8608
8762
9069
8150
8458
8608
8916
9069
8150
8458
8612
8919
9069
8154
8458
8766
8919
9073
8308
8458
8766
8919
9073
8308
8615
8766
8919
9073
8308
8615
8766
8919
9227
9377
8308
8615
8766
8919
9227
9381
8308
8615
8766
9073
9227
9377
8308
8615
8766
9073
9227
9377
8462
8612
8919
9073
9227
9377
8462
8612
8919
9073
9227
9377
8462
8612
8919
9073
9227
9377
8462
8766
8919
9073
9227
9377
8462
8766
8919
9073
9227
9377
8462
8766
8919
9073
9227
9377
8462
8766
8919
9073
9227
9377
9531
8462
8766
8919
9073
9223
9377
9531
8612
8766
8919
9069
9223
9377
9531
8612
8766
8919
9223
9377
9377
9531
6786
6940
6940
7095
7095
7249
7249
7249
7403
7403
7403
7403
7403
7557
7557
6786
6940
6940
7095
7095
7249
7249
7246
7394
7391
7385
7532
7529
7526
4606
4608
5066
5373
5678
5829
6133
6287
6437
6591
6744
6894
6894
7047
7047
5676
5980
6131
6284
6437
6588
6741
6894
6891
7044
7198
7198
7198
7351
7351
6284
6437
6591
6741
6894
6894
7047
7044
7198
7198
7351
7351
7351
7348
7501
7501
6131
6284
6435
6588
6741
6894
7044
7044
7198
7198
7198
7351
7351
7351
7501
7501
5824
6131
6281
6435
6588
6741
6891
6891
7044
7044
7198
7198
7348
7348
7348
7501
5977
6131
6281
6435
6588
6738
6891
7044
7044
7198
7198
7198
7351
7348
7348
7501
5827
5977
6131
6435
6588
6741
6741
6891
7044
7044
7198
7198
7351
7351
7351
7348
7501
5671
5977
6131
6281
6435
6588
6738
6891
7044
7044
7198
7198
7198
7348
7348
7348
7501
5671
5977
6128
6281
6435
6585
6738
6891
7044
7044
7198
7198
7351
7348
7348
7348
7501
461
615
769
1538
2307
2922
3535
3995
4456
4761
5220
5527
5678
5985
6138
6289
6443
6596
6749
5220
5527
5831
5985
6138
6445
6596
6596
6749
6903
7056
7053
7207
7207
7207
7360
7360
7360
4450
4604
4913
5222
5527
5834
5987
6138
6445
6599
6752
6749
6903
7056
7056
7210
7210
7210
4608
4915
5222
5527
5680
5985
6138
6445
6596
6749
6749
6903
7056
7053
7207
7207
7207
7360
7360
5985
6138
6443
6596
6749
6749
6900
7053
7053
7207
7207
7207
7360
7360
7360
7513
7513
7513
7513
5987
6141
6292
6599
6599
6749
6903
7056
7056
7207
7210
7207
7360
7360
7360
7513
7513
7513
7513
6292
6443
6596
6749
6749
6903
7053
7053
7207
7207
7360
7363
7369
7372
7529
7535
7538
7538
7542
7545
463
617
925
1541
2310
2925
3540
4000
4459
4765
5224
5531
5683
5990
6144
6294
6448
6602
6752
6906
6906
5222
5529
5683
5992
6146
6297
6451
6602
6755
6909
6906
7059
7213
7213
7213
7366
7363
7366
7366
7520
