5068
5373
5524
5831
5982
6136
6289
5678
6138
6445
6596
6596
6747
6900
5218
5524
5829
5982
6136
6443
6903
6292
6599
6599
6749
6903
6903
7053
7053
4608
5068
5376
5834
6294
6602
5836
5987
6141
6292
6445
6596
6749
6749
5373
5678
6138
6445
6906
7213
6141
6294
6445
6599
6596
6749
6900
6900
6900
5524
5985
6292
6599
6749
6903
6903
5373
5524
5831
5982
6136
6287
6440
6747
6292
6599
6752
6903
6903
7056
7053
7053
5220
5524
5678
5982
6289
6596
6903
7210
5987
6138
6138
6289
6289
6443
6440
6593
6593
6593
6747
5985
6136
6136
6289
6287
6440
6440
6593
6593
6591
6744
5371
5678
5829
5982
6136
6133
6287
6440
6440
6440
6593
5064
5524
5831
5985
6136
6136
6289
6289
6440
6440
6593
4759
5064
5524
5985
5985
6138
6289
6289
6443
6440
6593
4913
5218
5371
5524
5985
6292
6443
6443
6443
6593
6593
4454
4606
4913
5064
5371
5831
6292
6599
6752
5068
5373
5527
5678
5831
5982
6136
6136
6289
6440
6749
6637
6792
6946
6946
7100
7100
7255
7255
7252
7406
7406
7406
7406
7560
7560
6637
6792
6946
6946
7097
7097
7252
7252
7252
7406
7406
7406
7406
7560
7560
6637
6792
6946
6943
7097
7097
7252
7252
7252
7406
7406
7406
7406
7560
7560
6637
6792
6946
6946
7100
7100
7255
7255
7255
7406
7406
7406
7406
7560
7560
6637
6792
6946
6946
7100
7100
7255
7255
7255
7409
7406
7406
7406
7560
7557
7557
6635
6786
6940
6940
7095
7095
7252
7252
7252
7406
7406
7406
7406
7557
7554
7548
4927
5233
5538
5690
5995
6149
6300
6451
6607
6764
6917
6920
7071
7068
7222
7219
5380
5685
5836
6144
6297
6448
6602
6758
6912
6912
7062
7062
7216
7213
7366
7366
7366
5376
5683
5834
6141
6297
6451
6604
6755
6909
6909
7059
7059
7213
7213
7363
7363
7363
5529
5836
5992
6297
6451
6602
6755
6755
6909
7059
7059
7213
7213
7213
7363
7363
7363
6602
6602
6755
6909
7059
7059
7213
7213
7210
7363
7363
7363
7516
7516
7516
7516
7516
5834
5987
6292
6445
6599
6752
6752
6906
7056
7056
7210
7210
7363
7366
7369
7369
7520
7520
5683
5836
6141
6294
6448
6599
6752
6906
6906
7059
7059
7216
7216
7369
7366
7366
7366
7520
5529
5836
5987
6294
6448
6599
6752
6752
6909
7062
7062
7216
7213
7366
7366
7366
7363
7516
5529
5680
5987
6138
6294
6451
6602
6755
6909
6906
7059
7213
7213
7210
7363
7363
7363
7516
7516
5527
5683
5992
6144
6297
6448
6602
6755
6906
6906
7059
7213
7213
7213
7363
7363
7363
7516
7516
6448
6602
6752
6906
6906
7059
7056
7210
7210
7363
7363
7363
7363
7516
7516
7516
7513
7513
7520
462
615
923
1692
2460
3075
3537
4150
4456
4915
5222
5527
5834
5985
6292
6445
6599
6755
6761
6917
6310
6464
6621
6778
6778
6935
6935
7092
7092
7246
7246
7403
7403
7403
7403
7403
7557
7557
7560
7560
6789
6789
6943
7097
7097
7252
7252
7252
7406
7406
7406
7406
7406
7560
7560
7560
7560
7560
7560
7560
8007
8315
8465
8773
8927
8007
8315
8619
8773
8927
8007
8315
8619
8773
8927
8007
8311
8619
8773
9077
8161
8311
8619
8773
9077
8161
8465
8619
8927
9077
8161
8465
8619
8927
9077
9231
8161
8465
8619
8923
9077
9231
8157
8465
8773
8923
9077
9231
8311
8465
8773
8923
9077
9231
8311
8465
8769
8923
9077
9231
8311
8465
8769
8923
9077
9231
8311
8465
8769
8923
9077
9231
8311
8619
8773
8923
9077
9231
8311
8619
8773
8923
9231
9385
8311
8619
8773
8923
9231
9385
8311
8619
8773
9077
9231
9385
9539
8311
8619
8773
9081
9231
9385
9539
8465
8619
8927
9077
9231
9385
9539
8465
8619
8927
9077
9231
9385
9539
