6629
6786
6786
6940
7095
7095
7249
7249
7249
7403
7403
7403
7403
7403
7557
6632
6786
6786
6940
7095
7095
7095
7249
7249
7403
7403
7403
7403
7403
7557
6632
6786
6940
6940
7095
7095
7249
7249
7249
7403
7403
7403
7403
7403
7557
6632
6786
6786
6940
7095
7095
7249
7249
7249
7403
7403
7403
7400
7400
7554
6632
6786
6786
6940
7095
7095
7249
7249
7249
7403
7403
7403
7403
7403
7557
7557
6786
6786
6940
7095
7095
7095
7249
7249
7249
7403
7403
7403
7403
7557
7557
7557
6632
6786
6940
6940
7095
7095
7249
7249
7249
7403
7403
7403
7403
7403
7557
7557
6786
6786
6940
6940
7095
7095
7249
7249
7249
7403
7403
7403
7403
7557
7557
7557
7557
6632
6786
6940
6940
7095
7095
7249
7249
7249
7403
7403
7403
7403
7557
7557
7557
7557
6786
6786
6940
7095
7095
7249
7249
7249
7403
7403
7403
7403
7403
7557
7557
7557
7557
6786
6786
6940
6940
7095
7095
7249
7249
7403
7403
7400
7400
7400
7554
7554
7554
7554
7557
6786
6786
6940
6940
7095
7095
7249
7249
7249
7403
7403
7403
7403
7557
7557
7557
7557
7557
6786
6786
6940
6940
7095
7095
7249
7249
7403
7403
7403
7403
7403
7557
7557
7557
7557
7557
6786
6786
6940
6940
7095
7095
7249
7249
7249
7403
7403
7403
7403
7557
7557
7557
7557
7557
7557
6632
6786
6940
6940
7095
7095
7249
7249
7249
7403
7403
7403
7403
7557
7557
7557
7557
7557
7557
6786
6940
6940
7095
7095
7249
7249
7249
7403
7403
7403
7403
7557
7557
7557
7557
7551
7548
7542
4923
5231
5536
5841
5992
6144
6448
6602
6752
6752
6903
7056
7053
7207
7207
7204
7357
7357
7357
5215
5524
5676
5982
6133
6287
6440
6593
6747
6900
7050
7050
7204
7204
7204
7357
7357
7357
7357
7510
4911
5064
5369
5676
5982
6133
6287
6440
6593
6747
6897
6897
7050
7204
7204
7204
7357
7357
7354
7507
4909
5062
5369
5676
5980
6133
6287
6440
6591
6744
6897
6897
7050
7204
7204
7201
7354
7354
7354
7507
6177
6323
6472
6467
6464
6613
6610
6610
6761
6758
6755
6755
6752
6749
6903
6903
6900
6900
6900
6897
6897
6897
6897
6897
6897
6894
6894
6894
6894
6894
6894
6894
6894
4602
4755
5062
5367
5520
5673
5824
5977
6131
6131
6284
6437
6437
6435
6588
6588
6588
6749
6755
6758
6764
6766
6772
6775
6778
6935
6935
6937
6940
6940
6940
6943
6943
6946
462
615
769
1538
2153
2614
3228
3687
3993
4454
4759
4913
5218
5371
5524
5829
5829
5982
6136
6289
6287
6440
6440
6593
6593
6593
6593
6747
6747
6747
6747
6747
6747
6900
6900
6900
5678
5831
5985
5982
6136
6289
6289
6443
6440
6593
6593
6593
6747
6747
6747
6747
6747
6747
6900
6900
6900
6900
6900
6900
6900
6900
6900
6900
6900
6900
6900
6900
6900
6900
6900
6138
6138
6289
6289
6443
6443
6596
6593
6596
6749
6749
6747
6747
6747
6747
6900
6900
6900
6900
6900
6900
6900
6900
6900
6900
6900
6900
6900
6900
6900
6900
6900
6900
6900
6900
6900
5064
5220
5524
5678
5831
5985
6136
6136
6289
6289
6443
6443
6593
6593
6593
6747
6747
6747
6747
6747
6747
6900
6900
6900
6900
6903
6909
6914
6917
6923
6926
6929
6932
6935
6935
6937
6940
460
614
767
1381
1995
2607
3221
3680
3986
4291
4751
4902
5209
5362
5515
5819
5972
5972
6126
6279
6279
6432
6432
6585
6585
6585
6738
6738
6738
6738
6735
6735
6888
6888
6888
6888
6888
6888
6891
5977
6131
6281
6281
6435
6435
6585
6585
6585
6738
6738
6738
6738
6738
6891
6888
6888
6888
6888
6888
6888
6888
6888
6888
6888
6888
6888
6888
6888
6888
6888
6888
7042
7042
7042
7042
7042
7042
4904
5211
5364
5518
5822
5975
5975
6128
6281
6281
6435
6432
6585
6585
6585
6738
6738
6738
6738
6738
6891
6888
6888
6888
6891
6888
6888
6888
6888
6888
6888
6888
6888
6888
6888
7042
7042
7042
7044
6289
6294
6453
6456
6613
6618
6621
6624
6780
6780
6783
6786
6786
6786
6789
6943
6946
6946
6946
6946
6946
6949
6949
6949
6949
6949
6949
6949
6949
6949
6949
6949
6952
6952
6952
6952
6952
6952
6952
6952
6179
6334
6334
6488
6488
6643
6643
6643
6643
6797
6797
6797
6797
6797
6797
6797
6797
6952
6952
6952
6952
6952
6952
6952
6952
6952
6952
6952
6952
6952
6952
6952
6952
6952
6952
6952
6952
6952
6952
6952
6952
6179
6334
6334
6488
6488
6643
6643
6643
6643
6797
6797
6797
6797
6797
6797
6795
6795
6949
6952
6952
6952
6952
6949
6952
6952
6949
6952
6949
6949
6952
6949
6949
6949
6952
6952
6952
6952
6952
6952
6952
6952
6952
6179
6334
6334
6488
6488
6643
6643
6643
6643
6797
6797
6797
6797
6797
6797
6797
6797
6952
6952
6952
6952
6952
6952
6952
6952
6952
6952
6952
6952
6952
6952
6952
6952
6952
6952
6952
6952
6952
6952
6952
6952
6952
6179
6334
6334
6488
6488
6643
6643
6643
6643
6643
6797
6797
6797
6797
6797
6797
6797
6797
6952
6952
6952
6952
6952
6952
6952
6952
6952
6952
6952
6952
6952
6952
6952
6952
6952
6952
6952
6952
6952
6952
6952
6952
6952
6179
6334
6334
6488
6488
6643
6643
6643
6643
6643
6797
6797
6797
6797
6797
6797
6797
6797
6952
6952
6952
6952
6952
6952
6952
6952
6952
6952
6952
6952
6952
6952
6952
6952
6952
6952
6952
6952
6952
6952
6952
6952
6952
6952
6179
6334
6334
6488
6488
6488
6643
6643
6643
6643
6797
6797
6797
6797
6797
6797
6797
6797
6952
6952
6952
6952
6952
6952
6952
6952
6952
6952
6952
6952
6952
6952
6952
6952
6952
6952
6952
6952
6952
6952
6952
6952
6952
6952
6952
6179
6334
6334
6488
6488
6488
6643
6643
6643
6643
6797
6797
6797
6797
6797
6797
6797
6797
6952
6952
6952
6952
6952
6952
6952
6952
6952
6952
6952
6952
6952
6952
6952
6952
6952
6952
6952
6952
6952
6952
6952
6952
6952
6952
6952
6179
6334
6334
6488
6488
6488
6643
6643
6643
6643
6797
6797
6797
6797
6797
6797
6797
6797
6952
6952
6952
6952
6952
6952
6952
6952
6952
6952
6952
6952
6952
6952
6952
6952
6952
6952
6952
6952
6952
6952
6952
6952
6952
6952
6952
6952
6179
6334
6334
6488
6488
6643
6643
6643
6643
6643
6797
6797
6797
6797
6797
6797
6797
6797
6952
6952
6952
6952
6952
6952
6952
6952
6952
6952
6952
6952
6949
6949
6949
6949
6949
6949
6949
6949
6949
6949
6949
6949
6949
6949
6949
6949
6949
6179
6334
6334
6488
6488
6488
6643
6643
6643
6643
6797
6797
6797
6797
6795
6797
6795
6797
6952
6952
6952
6949
6952
6952
6952
6952
6952
6952
6952
6952
6952
6952
6952
6952
6952
6952
6952
6952
6952
6952
6952
6952
6952
6952
6952
6952
6952
