463
617
925
1541
2156
2617
3232
3691
3996
3382
3689
4148
4454
4759
5220
5527
5678
4300
4608
4913
5066
5371
5524
5676
5829
5982
4606
5066
5527
5987
6141
6292
6292
4915
5066
5220
5524
5678
5829
5982
5982
6136
6287
4913
5527
5987
6138
6292
6289
6443
6443
4913
5218
5371
5524
5676
5829
5982
6133
6287
6287
5678
6138
6602
7062
7369
461
615
615
923
1539
2153
2613
3073
3534
3840
4145
4452
4147
4452
4759
4911
5064
5371
5522
5522
5676
5829
5980
5980
3836
4143
4604
5218
5371
5522
5676
5676
5827
5980
4604
4757
5064
5215
5369
5522
5673
5673
5827
5980
5980
6133
3990
4295
4602
4909
5369
5676
5676
5829
5982
5980
6133
4450
4757
4911
5218
5369
5522
5676
5676
5827
5980
5980
6133
3990
4297
4602
4755
5062
5522
5985
5982
6136
6136
6136
4143
4604
5066
5371
5524
5676
5676
5829
5982
5982
6133
6133
4759
5064
5218
5369
5522
5676
5829
5827
5980
5980
6133
6133
6287
3529
3683
4143
4757
5371
5834
5985
5985
6138
6136
3836
3991
4145
4452
4757
4911
5062
5215
5369
5522
5673
5827
5827
4759
4911
5064
5369
5369
5522
5673
5827
5827
5980
5980
6133
6133
6284
7391
7699
8007
8311
8619
7699
7699
8007
8311
8619
7699
8007
8311
8619
8773
7853
8161
8465
8773
8927
8007
8315
8619
8773
8927
8007
8315
8619
8773
9081
8161
8465
8619
8927
9077
9231
8161
8465
8619
8927
9077
9231
8161
8465
8619
8927
9077
9231
8161
8465
8773
8927
9077
9231
8315
8465
8773
8927
9077
9231
8315
8465
8773
8927
9077
9231
8315
8619
8773
8927
9077
9231
8315
8619
8773
8927
9231
9385
8315
8619
8615
8308
8150
8147
7990
7833
7680
7676
7523
5834
6294
6755
7219
7526
7833
8140
461
616
770
1385
2000
2615
3229
3689
3995
4456
4761
4915
5220
5373
4917
5224
5376
5683
5834
5987
6141
6138
6292
6445
6445
6599
6599
6749
3532
3993
4761
5376
5836
5990
6141
6141
6294
6445
4300
4761
5068
5373
5527
5680
5831
5985
6138
6292
6292
6445
6443
