6783
6783
6935
7086
7083
7234
7231
7228
7378
7375
7375
7526
7526
7523
5529
5683
5990
6141
6294
6445
6599
6752
6906
6903
7056
7056
7210
7210
7360
5987
6138
6292
6445
6596
6749
6903
7056
7053
7207
7207
7207
7360
7360
7360
6138
6292
6443
6596
6749
6903
6900
7053
7053
7207
7207
7360
7360
7360
7360
5985
6138
6443
6596
6596
6749
6900
7053
7053
7210
7207
7207
7360
7360
7360
7513
5831
5985
6138
6443
6596
6749
6749
6900
7053
7053
7207
7207
7207
7360
7360
7360
5678
5985
6136
6443
6596
6749
6749
6903
7053
7053
7207
7207
7207
7360
7360
7360
5678
5985
6138
6292
6443
6596
6749
6903
6903
7056
7056
7207
7207
7360
7360
7360
5220
5527
5834
5985
6292
6445
6596
6749
6749
6903
7056
7056
7207
7207
7360
7360
7360
5371
5680
5831
6138
6292
6443
6596
6749
6903
6900
7053
7053
7207
7207
7360
7360
7360
5066
5376
5685
5995
6151
6308
6464
6621
6775
6932
6932
7089
7089
7246
7246
7246
7400
7403
462
616
924
1694
2308
2923
3538
4000
4461
4771
5233
5538
5690
5995
6146
6300
6451
6604
6755
4917
5376
5529
5834
5987
6297
6453
6604
6758
6755
6909
7062
7059
7213
7213
7213
7363
7363
5376
5683
5839
6146
6297
6451
6602
6755
6909
6906
7059
7059
7213
7213
7363
7363
7363
7363
6448
6602
6755
6752
6906
7059
7056
7210
7210
7210
7363
7363
7363
7516
7516
7516
7513
7516
5529
5834
5987
6141
6292
6599
6599
6752
6906
7056
7056
7210
7210
7213
7366
7366
7366
7520
7520
5529
5683
5987
6141
6294
6445
6599
6752
6906
7059
7062
7213
7213
7213
7366
7366
7366
7363
7516
5529
5834
5987
6294
6445
6599
6755
6758
6914
7071
7074
7231
7234
7237
7391
7394
7394
7397
7551
7551
465
465
620
620
930
1084
1703
2322
2940
3557
4021
4484
4791
5255
5407
5716
6025
6177
6331
6486
6637
6792
6792
6177
6329
6483
6637
6792
6946
6946
7100
7100
7255
7255
7255
7409
7406
7406
7406
7406
7560
7560
7560
8007
8311
8465
8773
8923
8007
8311
8619
8773
8923
8007
8311
8619
8773
8923
8007
8311
8619
8773
9077
8161
8311
8619
8773
9077
8161
8465
8619
8927
9077
8161
8465
8619
8927
9077
9231
8161
8465
8619
8927
9077
9231
8161
8465
8773
8927
9077
9231
8315
8465
8773
8927
9077
9231
8315
8465
8773
8927
9077
9231
8315
8465
8773
8927
9077
9231
8311
8619
8773
8923
9077
9231
8311
8619
8769
8923
9231
9385
8311
8619
8769
9077
9231
9381
8308
8462
8766
8919
9073
9227
8308
8615
8769
9073
9227
9381
9535
8465
8615
8769
9077
9231
9381
9535
8465
8615
8923
9077
9231
9385
9535
8465
8619
8923
9077
9231
9385
9539
