6323
6323
6478
6480
6480
6635
6635
6635
6635
6789
6789
6789
6789
6789
6789
6789
6792
6946
6946
6946
6946
6946
6946
6946
6946
6946
6946
6946
6946
6946
6946
6946
6937
4923
5075
5380
5531
5683
5834
5985
6136
6136
6287
6437
6437
6591
6588
6588
6588
6741
6738
6738
6738
6738
6891
6891
6891
6891
6891
6891
6891
6891
6888
6891
6888
6888
6888
5518
5671
5822
5975
6128
6126
6279
6432
6432
6432
6585
6585
6585
6738
6735
6735
6735
6735
6888
6888
6888
6888
6888
6888
6888
6888
6888
6888
6888
6888
6888
6888
6888
6888
4445
4753
4904
5211
5364
5668
5822
5975
5975
6126
6279
6279
6432
6432
6585
6585
6585
6738
6738
6738
6735
6735
6888
6888
6888
6888
6888
6888
6888
6888
6888
6888
6888
6888
6888
5518
5671
5822
5975
6128
6126
6279
6432
6432
6585
6585
6582
6735
6735
6735
6735
6744
6749
6909
6914
6917
6920
6926
6929
6932
6932
6935
6937
6937
6940
6940
6943
6943
6943
6946
6946
1381
1995
2609
3069
3528
3988
4293
4600
4907
5211
5364
5518
5824
5977
5977
6128
6281
6281
6435
6435
6588
6588
6588
6741
6741
6741
6741
6741
6894
6894
6894
6894
6894
6894
6894
6894
6894
4142
4450
4757
5062
5215
5522
5673
5827
5980
6133
6131
6284
6437
6437
6437
6591
6591
6591
6744
6741
6741
6741
6741
6894
6894
6894
6894
6894
6894
6894
6894
6894
6894
6894
6894
6894
6894
4767
5077
5233
5543
5699
5856
6010
6012
6167
6323
6323
6478
6480
6480
6635
6637
6637
6637
6792
6792
6792
6792
6795
6795
6795
6949
6949
6949
6949
6949
6949
6949
6949
6949
6949
6949
6949
6946
4463
4771
4923
5228
5378
5683
5836
5987
5985
6138
6289
6289
6443
6440
6593
6593
6591
6747
6752
6758
6764
6766
6769
6772
6775
6932
6935
6937
6937
6940
6940
6943
6943
6943
6943
6946
6946
6946
6946
6331
6331
6486
6486
6486
6640
6640
6640
6640
6795
6795
6795
6795
6797
6797
6797
6952
6952
6949
6949
6949
6949
6949
6949
6949
6949
6949
6949
6949
6949
6949
6949
6949
6949
6949
6949
6949
6949
6949
6949
6331
6486
6486
6486
6640
6640
6640
6640
6795
6795
6795
6795
6795
6795
6795
6795
6949
6949
6949
6949
6949
6949
6949
6952
6952
6952
6952
6952
6952
6952
6952
6952
6952
6952
6952
6952
6952
6952
6952
6952
6334
6334
6488
6488
6488
6643
6643
6643
6643
6797
6797
6797
6797
6797
6797
6797
6952
6952
6952
6952
6952
6952
6952
6952
6952
6952
6952
6952
6952
6952
6952
6952
6952
6952
6952
6952
6952
6952
6952
6952
6952
6334
6334
6488
6488
6488
6643
6643
6643
6643
6797
6797
6797
6797
6797
6797
6797
6797
6952
6952
6952
6952
6952
6952
6952
6952
6952
6952
6952
6952
6952
6952
6952
6952
6949
6949
6949
6949
6949
6949
6949
6949
6949
6331
6331
6486
6486
6640
6640
6640
6640
6795
6795
6795
6797
6797
6797
6797
6797
6952
6952
6952
6952
6952
6952
6952
6952
6952
6952
6952
6952
6952
6952
6952
6952
6952
6952
6952
6952
6952
6952
6952
6952
6952
6952
6952
6334
6334
6488
6488
6488
6643
6643
6643
6643
6797
6797
6797
6797
6797
6797
6797
6797
6952
6952
6952
6952
6952
6952
6952
6952
6952
6952
6952
6952
6952
6952
6952
6952
6952
6952
6952
6952
6952
6952
6952
6952
6952
6952
6952
6334
6334
6488
6488
6643
6643
6643
6643
6797
6797
6797
6797
6797
6797
6797
6797
6797
6952
6952
6952
6949
6949
6949
6949
6949
6946
6946
6946
6946
6946
6946
6946
6946
6946
6946
6949
6949
6949
6949
6949
6949
6949
6949
6949
6331
6331
6486
6486
6640
6640
6640
6640
6640
6797
6797
6797
6797
6797
6797
6797
6797
6952
6952
6952
6952
6952
6952
6952
6952
6952
6952
6952
6952
6952
6952
6952
6952
6952
6952
6952
6952
6952
6952
6952
6952
6952
6952
6952
6952
6334
6334
6488
6488
6488
6643
6643
6643
6643
6797
6797
6797
6797
6797
6797
6797
6797
6952
6952
6952
6952
6952
6952
6952
6952
6952
6952
6952
6949
6949
6949
6949
6949
6949
6949
6949
6949
6949
6949
6949
6949
6949
6949
6949
6949
6949
6331
6331
6486
6486
6486
6640
6640
6640
6640
6795
6795
6795
6795
6795
6795
6795
6795
6949
6949
6952
6952
6952
6952
6952
6952
6952
6952
6952
6952
6952
6952
6952
6952
6952
6952
6952
6952
6952
6952
6952
6952
6952
6952
6952
6952
6952
6334
6334
6488
6488
6488
6643
6643
6643
6643
6797
6797
6797
6797
6797
6797
6797
6797
6952
6952
6952
6952
6952
6952
6952
6952
6952
6952
6952
6952
6952
6952
6952
6952
6952
6952
6952
6952
6952
6952
6952
6952
6952
6952
6952
6952
6952
6952
6792
6946
6946
7097
7097
7252
7252
7252
7406
7406
7406
7406
7406
7560
6792
6946
6946
7097
7097
7252
7252
7252
7406
7406
7406
7406
7406
7560
6792
6946
6946
7100
7097
7252
7252
7252
7406
7406
7406
7406
7406
7560
7560
6792
6946
6946
7097
7097
7252
7252
7252
7406
7406
7406
7406
7406
7560
7560
6792
6946
6943
7097
7097
7252
7252
7252
7406
7406
7406
7406
7406
7560
7560
7560
6789
6943
6943
7097
7097
7252
7252
7252
7406
7406
7406
7406
7560
7560
7560
7560
6789
6943
6943
7097
7097
7252
7252
7252
7406
7406
7406
7406
7560
7560
7560
7560
6792
6946
6943
7097
7097
7252
7252
7252
7406
7406
7406
7406
7406
7560
7560
7560
7560
6792
6946
7097
7097
7097
7252
7252
7252
7406
7406
7406
7406
7560
7560
7560
7560
6792
6946
6946
7097
7097
7252
7252
7252
7406
7406
7406
7406
7560
7560
7560
7560
7560
6792
6946
7100
7097
7252
7252
7252
7406
7406
7406
7406
7406
7560
7560
7560
7560
7560
6792
6943
7097
7097
7252
7252
7252
7406
7406
7406
7406
7406
7560
7560
7560
7560
7560
6789
6943
7097
7097
7097
7252
7252
7252
7406
7406
7406
7406
7560
7560
7560
7560
7560
7560
6792
6943
6943
7097
7097
7252
7252
7252
7406
7406
7406
7406
7560
7560
7560
7560
7560
7560
6792
6946
7097
7097
7097
7252
7252
7252
7406
7406
7406
7406
7560
7560
7560
7560
7560
7560
7560
6792
6946
7097
7097
7252
7252
7252
7406
7406
7406
7406
7406
7560
7560
7560
7560
7560
7560
7560
6792
6946
7100
7097
7252
7252
7252
7406
7406
7406
7406
7406
7560
7560
7560
7560
7560
7560
7560
6946
6946
7097
7097
7252
7252
7252
7406
7406
7406
7406
7406
7560
7560
7560
7560
7560
7560
7560
6943
6943
7097
7097
7252
7252
7252
7406
7406
7406
7406
7406
7560
7560
7560
7560
7560
7560
7560
7560
6943
6943
7097
7097
7252
7252
7252
7406
7406
7406
7406
7406
7560
7560
7560
7560
7560
7560
7560
7560
7246
7400
7554
7708
7708
7862
8017
8017
8017
7246
7400
7554
7708
7708
7862
7862
8017
8017
7246
7400
7554
7708
7708
7862
7862
8017
8017
7246
7400
7554
7708
7862
7862
8017
8017
8017
7400
7400
7554
7708
7862
7862
8017
8017
8017
8171
7400
7554
7554
7708
7862
7862
8017
8017
8171
8171
7400
7554
7554
7708
7862
7862
8017
8013
8167
8167
7400
7554
7554
7708
7862
7859
8013
8013
8164
8164
7394
7548
7548
7702
7856
7856
8013
8013
8167
8167
7397
7551
7705
7705
7859
7859
8013
8013
8167
8167
7400
7554
7708
7708
7862
7862
8017
8017
8167
8167
8167
7400
7554
7708
7708
7859
7859
8013
8013
8167
8167
8167
7400
7554
7708
7708
7859
7859
8013
8013
8167
8167
8167
7400
7554
7708
7708
7862
7862
8017
8017
8171
8167
8167
7400
7554
7708
7708
7862
7862
8017
8017
8171
8167
8167
7400
7554
7708
7708
7862
7862
8017
8017
8171
8167
8167
8322
7400
7554
7708
7708
7862
8013
8013
8013
8167
8167
8167
8322
7400
7554
7708
7708
7859
8013
8013
8013
8167
8167
8167
8322
7400
7554
7708
7708
7862
7862
8017
8017
8167
8167
8167
8322
7400
7554
7708
7862
7862
8013
8013
8013
8167
8167
8167
8322
