7068
7375
7683
7990
8140
7378
7686
7990
8144
8451
7532
7840
8147
8297
8605
7686
7993
8147
8451
8605
7840
7993
8301
8451
8605
7840
8147
8301
8451
8605
7840
8147
8301
8455
8758
7843
8147
8301
8608
8758
7843
8147
8301
8608
8758
7997
8147
8301
8608
8762
8758
7843
8147
8301
8455
8762
8758
7997
8147
8301
8608
8762
8912
7997
8147
8455
8608
8758
8912
7993
8301
8455
8605
8758
8912
7993
8301
8455
8605
8758
8912
7993
8301
8455
8605
8758
8912
7993
8301
8451
8605
8758
8912
7993
8144
8451
8601
8755
8905
7990
8297
8451
8601
8755
8908
7993
8297
8451
8605
8758
8908
6329
6329
6483
6483
6483
6637
6637
6637
6637
6792
6792
6792
6792
6792
6792
6792
6792
6946
6946
6946
6946
6946
6946
6946
6946
6946
6946
6946
6946
6946
6946
6946
6946
6946
6329
6329
6329
6483
6483
6637
6637
6637
6637
6792
6792
6792
6792
6792
6792
6792
6792
6946
6946
6946
6946
6946
6946
6946
6946
6946
6946
6946
6946
6946
6946
6946
6946
6946
6331
6331
6486
6483
6483
6637
6637
6637
6637
6792
6792
6792
6792
6792
6792
6792
6792
6946
6946
6946
6946
6946
6946
6946
6946
6946
6946
6946
6946
6946
6946
6946
6946
6946
6946
6329
6329
6483
6483
6483
6637
6637
6637
6637
6792
6792
6792
6792
6792
6792
6792
6792
6946
6946
6946
6946
6946
6946
6946
6946
6946
6946
6946
6946
6946
6946
6946
6946
6946
6946
6946
6329
6329
6483
6483
6483
6637
6637
6637
6637
6792
6792
6792
6792
6792
6792
6792
6792
6946
6946
6946
6946
6946
6946
6946
6946
6946
6946
6946
6946
6946
6946
6946
6946
6946
6946
6946
6946
6331
6331
6486
6483
6483
6637
6637
6637
6637
6792
6792
6792
6792
6792
6792
6792
6792
6792
6946
6946
6946
6946
6946
6946
6946
6946
6946
6946
6946
6946
6946
6946
6946
6946
6946
6946
6946
6329
6329
6483
6483
6483
6637
6637
6637
6637
6792
6792
6792
6792
6792
6792
6792
6792
6946
6946
6946
6946
6946
6946
6946
6946
6946
6946
6946
6940
6935
6932
6926
6923
6920
6920
6914
6914
6912
5070
5224
5376
5683
5834
5985
5985
6136
6292
6289
6443
6443
6593
6593
6593
6747
6747
6744
6744
6744
6744
6897
6897
6897
6897
6897
6897
6897
6897
6897
6897
6894
6894
6894
6894
6897
6897
6894
4602
4913
5066
5371
5524
5676
5829
5982
6133
6287
6287
6440
6437
6591
6591
6591
6591
6744
6744
6744
6744
6744
6894
6894
6897
6897
6897
6897
6894
6894
6894
6894
6894
6894
6894
6894
6894
6894
6894
6133
6287
6287
6437
6437
6437
6591
6591
6591
6744
6744
6744
6744
6744
6894
6894
6894
6894
6894
6894
6894
6894
6894
6894
6894
6894
6894
6894
6894
6894
6894
7047
7047
7047
7050
7047
7047
7047
7047
7047
5062
5371
5522
5676
5829
5980
6133
6133
6284
6437
6440
6593
6591
6591
6744
6744
6744
6744
6744
6749
6909
6914
6917
6923
6926
6929
6932
6935
6935
6937
6940
6940
6943
6943
6943
6946
6946
6946
6946
6946
6949
462
462
771
1388
2005
2468
2932
3396
3704
4013
4324
4632
4941
5096
5405
5559
5713
5868
6022
6177
6177
6331
6331
6486
6486
6488
6643
6643
6643
6643
6797
6797
6797
6797
6797
6797
6797
6797
6952
6952
6952
6952
6952
6179
6334
6334
6488
6488
6488
6643
6643
6643
6643
6797
6797
6797
6797
6797
6797
6797
6797
6952
6952
6952
6952
6952
6952
6952
6952
6952
6952
6952
6952
6952
6952
6952
6952
6952
6952
6952
6952
6952
6952
6952
6952
6179
6334
6334
6488
6488
6643
6643
6643
6643
6797
6797
6797
6797
6797
6797
6797
6797
6797
6952
6952
6952
6952
6952
6952
6952
6952
6952
6952
6952
6952
6952
6952
6952
6952
6952
6952
6952
6952
6952
6952
6952
6952
6952
6179
6334
6334
6488
6488
6488
6643
6643
6643
6643
6797
6797
6797
6797
6797
6797
6797
6797
6952
6952
6952
6952
6952
6952
6952
6952
6952
6952
6952
6952
6952
6952
6952
6952
6952
6952
6952
6952
6952
6952
6952
6952
6952
6952
6179
6334
6334
6488
6488
6488
6643
6643
6643
6643
6797
6797
6797
6797
6797
6797
6797
6797
6952
6952
6952
6952
6952
6952
6952
6952
6952
6952
6952
6952
6952
6952
6952
6952
6952
6952
6952
6952
6952
6952
6952
6952
6952
6952
6952
6179
6334
6334
6488
6488
6488
6643
6643
6643
6643
6797
6797
6797
6797
6797
6797
6797
6797
6952
6952
6952
6952
6952
6952
6952
6952
6952
6952
6952
6952
6952
6952
6952
6952
6952
6952
6952
6952
6952
6952
6952
6952
6952
6952
6952
6179
6334
6334
6488
6488
6488
6643
6643
6643
6643
6797
6797
6797
6797
6797
6797
6797
6797
6952
6952
6952
6952
6952
6952
6952
6952
6952
6952
6952
6952
6952
6952
6952
6952
6952
6952
6952
6952
6952
6952
6952
6952
6952
6952
6952
6952
6179
6334
6334
6488
6488
6488
6643
6643
6643
6643
6797
6797
6797
6797
6797
6797
6797
6797
6952
6952
6952
6952
6952
6952
6952
6952
6952
6952
6952
6952
6952
6952
6952
6952
6952
6952
6952
6952
6952
6952
6952
6952
6952
6952
6952
6952
6952
6179
6334
6334
6488
6488
6643
6643
6643
6643
6643
6797
6797
6797
6797
6797
6797
6797
6797
6952
6952
6952
6952
6952
6952
6952
6952
6952
6952
6952
6952
6952
6952
6952
6952
6952
6952
6952
6952
6952
6952
6952
6952
6952
6952
6952
6952
6952
8007
8315
8465
8773
8927
8007
8315
8619
8773
8927
8007
8315
8619
8773
8927
8007
8315
8619
8773
9081
8161
8311
8619
8773
9077
8161
8465
8619
8927
9077
8161
8465
8619
8927
9077
9231
8157
8465
8619
8923
9077
9231
8157
8465
8773
8923
9077
9231
8311
8465
8769
8923
9077
9231
8311
8465
8769
8923
9077
9231
8311
8465
8769
8923
9077
9231
8311
8619
8773
8923
9231
9385
8311
8619
8773
8923
9231
9385
8311
8619
8773
9077
9231
9385
8311
8619
8773
9077
9231
9385
8465
8619
8773
9077
9231
9385
9539
8465
8619
8927
9077
9231
9385
9539
8465
8619
8927
9077
9231
9385
9539
8465
8619
8927
9077
9231
9385
9539
