7086
7240
7394
7548
7702
7702
7856
7856
8010
7089
7243
7397
7551
7702
7702
7856
8010
8010
7089
7243
7397
7551
7705
7705
7856
8010
8010
7089
7243
7397
7551
7705
7705
7856
8010
8010
8010
7089
7243
7397
7551
7705
7705
7859
8010
8010
8010
7243
7397
7551
7551
7705
7856
7856
8010
8010
8164
7243
7397
7397
7548
7702
7856
7856
8010
8010
8010
7089
7243
7397
7551
7702
7702
7856
8010
8010
8010
7243
7397
7397
7551
7705
7859
7856
8010
8010
8010
8164
7243
7397
7551
7705
7705
7859
7856
8010
8010
8164
8164
7243
7397
7551
7705
7705
7859
8010
8010
8010
8164
8164
7243
7397
7551
7705
7705
7859
8010
8010
8010
8164
8164
7243
7397
7551
7551
7705
7859
7856
8010
8010
8164
8164
7089
7243
7397
7551
7705
7859
7859
8010
8010
8010
8164
8164
7243
7397
7551
7705
7702
7856
7856
8010
8010
8164
8164
8164
7243
7397
7548
7702
7856
7856
8010
8010
8010
8164
8164
8164
7243
7397
7548
7702
7702
7856
7856
8010
8010
8164
8164
8164
7397
7551
7551
7702
7856
7856
8010
8010
8010
8164
8164
8164
7243
7397
7551
7705
7859
7856
8010
8010
8010
8164
8164
8164
7243
7397
7551
7551
7705
7859
7856
8010
8010
8164
8164
8164
8164
