6783
6783
6937
7092
7092
7246
7246
7246
7400
7400
7403
7403
7403
7557
7557
6786
6780
6929
7077
7074
7225
7219
7372
7369
7366
7363
7516
7513
7513
7510
6445
6596
6749
6900
6900
7050
7050
7201
7201
7354
7354
7354
7351
7504
7504
6437
6591
6744
6894
7047
7047
7198
7198
7198
7351
7351
7351
7504
7504
7501
6287
6437
6591
6744
6741
6894
7047
7047
7198
7201
7351
7351
7351
7351
7504
7504
6131
6284
6437
6588
6741
6894
7044
7044
7198
7198
7198
7351
7351
7351
7504
7501
6131
6284
6435
6588
6741
6894
6894
7044
7198
7198
7198
7351
7351
7351
7501
7501
5827
6133
6284
6437
6588
6741
6894
6894
7044
7047
7198
7198
7351
7351
7351
7351
5827
5977
6131
6437
6588
6741
6741
6891
7044
7044
7198
7198
7351
7351
7351
7348
7501
5824
5977
6131
6435
6588
6741
6741
6891
7044
7044
7198
7198
7351
7351
7348
7348
7501
5671
5824
6131
6281
6435
6588
6738
6891
6891
7044
7198
7198
7198
7351
7351
7351
7504
4909
5218
5529
5683
5995
6151
6308
6461
6618
6775
6929
6932
7086
7089
7243
7243
7246
7400
462
616
925
1695
2463
3078
3538
3998
4458
4919
5226
5534
5685
5992
6144
6297
6448
6602
6755
5222
5529
5680
5990
6144
6297
6451
6602
6755
6909
6906
7059
7059
7213
7213
7363
7363
7366
5529
5834
5987
6294
6445
6599
6752
6752
6906
7059
7062
7216
7216
7216
7366
7366
7366
7520
7520
5683
5836
6141
6294
6451
6604
6758
6755
6909
7062
7059
7213
7213
7213
7366
7366
7363
7516
7516
6602
6755
6909
7059
7059
7213
7213
7213
7363
7363
7363
7363
7516
7516
7516
7516
7516
7516
7516
5529
5834
5987
6294
6445
6599
6752
6752
6909
7062
7062
7216
7213
7213
7366
7366
7366
7516
7516
7516
5529
5680
5990
6144
6297
6448
6602
6755
6906
6906
7059
7213
7210
7210
7363
7363
7363
7363
7516
7516
5680
5834
6141
6294
6445
6599
6752
6906
6906
7056
7056
7213
7216
7369
7369
7366
7366
7520
7520
7520
7095
7249
7400
7554
7708
7862
7862
8017
8017
7095
7249
7403
7554
7708
7862
7862
8017
8017
7249
7095
6940
7095
7249
7403
7557
7708
7862
7862
7095
7249
7403
7557
7554
7708
7862
7862
8017
8017
7095
7249
7403
7554
7708
7862
7862
8017
8017
8017
7249
7403
7554
7554
7708
7862
7862
8017
8017
8171
7249
7403
7554
7554
7708
7862
7862
8017
8017
8171
7249
7400
7554
7554
7708
7862
7862
8017
8017
8167
7246
7400
7554
7708
7708
7856
7849
8000
7997
8147
6149
6300
6604
6909
7062
7213
7366
7516
7673
7673
7827
5836
6141
6448
6599
6906
7056
7210
7363
7513
7667
7820
6445
6752
6906
7210
7363
7516
7513
7667
7820
7820
7970
5985
6292
6596
6749
7056
7210
7363
7516
7670
7667
7820
5527
5834
6138
6599
6749
6903
7207
7360
7513
7513
7667
6141
6292
6599
6903
7056
7207
7360
7513
7667
7664
7817
7970
5678
5987
6297
6602
6755
7059
7213
7363
7516
7667
7667
7820
5680
5985
6292
6596
6749
7053
7210
7363
7516
7670
7667
7820
5985
6292
6443
6749
6903
7207
7360
7513
7513
7667
7820
7823
7065
7222
7378
7535
7692
7692
7849
7849
8003
8007
8161
8161
7243
7397
7551
7705
7859
7859
8013
8013
8013
8167
8167
8167
8322
