7532
7836
8144
8297
8451
7686
7840
8147
8297
8605
7689
7993
8147
8455
8605
7689
7993
8301
8455
8608
7843
7997
8301
8455
8608
7843
8150
8301
8455
8608
7843
8150
8301
8455
8608
7843
8150
8301
8455
8762
7843
8150
8301
8608
8762
7843
8150
8301
8455
8608
8762
7843
8150
8301
8455
8608
8762
7843
8150
8301
8608
8762
8912
7997
8150
8455
8608
8762
8912
7997
8150
8455
8608
8762
8912
7997
8301
8455
8608
8758
8912
7997
8301
8455
8605
8758
8912
7993
8301
8455
8605
8758
8912
8147
8301
8455
8605
8758
8912
7993
8301
8455
8605
8758
8912
8147
8301
8455
8605
8758
8912
7243
7397
7548
7702
7702
7856
7856
8010
8010
7243
7397
7551
7705
7705
7859
7859
8010
8010
7243
7397
7551
7705
7705
7859
7859
8013
8010
7243
7397
7551
7705
7705
7859
7859
8013
8013
8164
7243
7397
7551
7705
7705
7859
7859
8013
8013
8164
7243
7397
7551
7705
7705
7859
8013
8013
8010
8164
7243
7397
7551
7705
7705
7859
8013
8013
8013
8164
7397
7397
7551
7705
7859
7859
8013
8013
8013
8164
7397
7397
7551
7705
7859
7859
8013
8013
8013
8164
8164
7397
7397
7551
7705
7859
7859
8013
8013
8010
8164
8164
7397
7551
7551
7705
7856
7856
8010
8010
8010
8164
8164
7397
7551
7551
7702
7856
7856
8010
8010
8164
8164
8164
7397
7551
7551
7705
7859
7859
8010
8010
8164
8164
8164
7397
7551
7551
7702
7856
7856
8010
8010
8164
8164
8164
8164
7397
7551
7705
7705
7859
7856
8010
8010
8164
8164
8164
8164
7397
7551
7705
7705
7859
7859
8013
8013
8164
8164
8164
8164
7397
7551
7705
7705
7859
7859
8013
8013
8164
8164
8164
8318
7397
7551
7705
7705
7859
7859
8013
8013
8167
8164
8164
8164
7397
7551
7705
7705
7859
7859
8013
8013
8164
8164
8164
8318
7397
7551
7705
7705
7859
7856
8010
8010
8164
8164
8164
8318
8318
