6294
6599
6752
6903
7056
7210
7207
5680
5985
6445
6906
7213
7673
5683
5836
5987
6294
6445
6599
6903
7056
5834
6448
6909
7216
7213
7366
7516
5529
5834
5987
6292
6445
6749
7056
6448
6755
6906
7059
7210
7210
7363
7513
4915
5376
5987
6448
6909
7216
6451
6602
6755
6906
7059
7210
7363
7363
7513
5834
6138
6599
7059
7213
7363
7363
7516
5222
5527
5834
5985
6292
6596
6903
7210
6602
7062
7523
7520
7520
7670
7670
7667
5834
6138
6292
6596
6749
6903
7363
7670
6909
7059
7059
7056
7210
7210
7210
7207
7360
7360
7360
5831
6138
6292
6443
6596
6749
6749
6900
6900
7053
7053
5220
5836
6141
6294
6445
6599
6752
6749
6903
6903
5066
5373
5834
6294
6445
6599
6599
6749
6903
6903
7056
5220
5527
5678
5985
6445
6752
6906
6903
7056
7056
7056
4608
4915
5066
5373
5680
6294
6755
7062
7213
5222
5529
5680
5987
6138
6292
6445
6596
6749
7056
7363
5527
5680
5985
6138
6292
6443
6596
6749
6747
6900
6900
7053
7542
7846
8154
8308
8458
7542
7846
8154
8308
8458
7696
7846
8154
8308
8612
7696
8000
8154
8462
8612
7696
8000
8154
8462
8612
7696
8000
8154
8462
8612
7696
8000
8308
8462
8612
7849
8000
8308
8458
8612
7849
8000
8308
8458
8612
7846
8000
8308
8458
8612
8766
7846
8000
8308
8458
8612
8766
7846
8000
8308
8458
8612
8766
7846
8154
8308
8458
8766
8919
7846
8154
8308
8612
8766
8919
7846
8154
8308
8612
8766
8919
7846
8154
8308
8612
8766
8919
8000
8154
8308
8612
8766
8919
8000
8154
8462
8612
8766
8919
8000
8154
8462
8612
8766
8919
8000
8154
8462
8612
8766
8919
6635
6789
6943
6943
7097
7097
7252
7252
7252
7406
7406
7406
7406
7406
7560
6637
6792
6946
6943
7097
7097
7252
7252
7252
7406
7406
7406
7406
7406
7560
6637
6792
6946
6946
7100
7100
7255
7255
7252
7406
7406
7406
7406
7406
7560
6637
6792
6946
6946
7100
7100
7255
7255
7255
7409
7406
7406
7406
7406
7560
6637
6792
6946
6946
7100
7100
7255
7255
7255
7409
7406
7406
7406
7560
7560
7560
6637
6792
6946
6946
7100
7097
7252
7252
7252
7406
7406
7406
7403
7551
7548
7545
5541
5692
5997
6149
6302
6453
6604
6758
6914
6914
7068
7065
7219
7216
7369
7369
5378
5683
5836
6141
6294
6451
6604
6758
6912
6909
7062
7062
7213
7213
7366
7366
7366
5529
5834
5990
6146
6451
6604
6758
6755
6909
7062
7059
7213
7213
7213
7366
7363
7363
5990
6297
6448
6602
6755
6752
6906
7059
7059
7213
7213
7210
7363
7363
7363
7516
7520
5529
5683
5987
6141
6294
6445
6599
6752
6906
6906
7059
7210
7213
7216
7369
7369
7366
5529
5836
5987
6294
6448
6599
6752
6752
6906
7059
7062
7216
7216
7366
7366
7366
7366
7516
5529
5834
6141
6294
6445
6599
6752
6755
6912
7062
7062
7216
7213
7366
7366
7366
7366
7516
5376
5683
5987
6141
6294
6451
6604
6755
6909
6909
7059
7213
7213
7213
7366
7366
7363
7363
5529
5683
5992
6144
6297
6451
6602
6755
6909
7059
7059
7213
7213
7213
7366
7363
7363
7516
7516
6448
6602
6752
6906
6906
7059
7213
7210
7210
7363
7363
7363
7516
7516
7516
7516
7513
7516
7516
5068
5222
5529
5834
5987
6294
6445
6599
6752
6752
6906
7056
7056
7213
7219
7222
7378
7382
7385
6621
6775
6932
6932
7089
7089
7243
7246
7246
7400
7400
7403
7403
7557
7557
7557
7557
7557
7557
7560
6789
6943
6943
7097
7097
7252
7252
7252
7406
7406
7406
7406
7560
7560
7560
7560
7560
7560
7560
7560
6792
6946
6946
7100
7100
7255
7255
7255
7406
7406
7406
7406
7560
7560
7560
7560
7560
7560
7560
7560
7095
7249
7400
7554
7708
7862
7862
8017
8017
7249
7403
7400
7554
7708
7862
7862
8017
8017
7249
7403
7554
7554
7708
7862
7862
8017
8017
7249
7403
7554
7554
7708
7862
7862
8017
8017
8171
7249
7403
7554
7554
7708
7862
7862
8017
8017
8171
7249
7400
7554
7554
7708
7862
7862
8017
8017
8171
7246
7400
7554
7708
7708
7862
7862
8017
8017
8171
7249
7403
7554
7708
7708
7862
7862
8017
8017
8171
7249
7403
7554
7708
7708
7862
7862
8017
8017
8171
8171
7249
7403
7554
7708
7708
7862
7862
8017
8017
8171
8171
7249
7403
7554
7708
7708
7862
7862
8017
8017
8171
8171
7249
7403
7554
7708
7708
7862
8017
8017
8017
8171
8171
7249
7403
7554
7708
7708
7862
8017
8017
8017
8171
8171
7249
7403
7554
7708
7708
7862
8017
8017
8017
8171
8171
7403
7403
7554
7708
7862
7862
8017
8017
8017
8171
8171
8171
7246
7400
7554
7708
7862
7862
8017
8017
8017
8167
8167
8167
7400
7400
7554
7708
7862
7862
8017
8017
8171
8171
8171
8171
7403
7554
7554
7708
7862
7862
8017
8017
8171
8171
8171
8171
7403
7403
7554
7708
7862
7862
8017
8017
8171
8171
8171
8171
7403
7554
7554
7708
7862
7862
8017
8017
8171
8171
8171
8171
8325
