6783
6783
6937
7092
7092
7246
7246
7249
7403
7403
7403
7403
7403
7557
7557
6786
6940
6940
7095
7095
7249
7249
7249
7403
7403
7403
7403
7403
7557
7557
6786
6940
6940
7095
7095
7249
7249
7249
7403
7403
7400
7400
7400
7554
7554
6786
6940
6940
7095
7095
7249
7249
7249
7403
7403
7403
7403
7403
7557
7557
6786
6940
6940
7095
7095
7249
7249
7249
7403
7403
7403
7403
7403
7557
7557
7557
6786
6940
6940
7095
7095
7249
7249
7249
7403
7403
7403
7403
7403
7557
7557
7557
6786
6940
6940
7095
7095
7249
7249
7249
7403
7403
7403
7403
7557
7557
7557
7557
6786
6940
6940
7095
7095
7249
7249
7249
7403
7400
7400
7400
7554
7554
7554
7554
7554
6786
6940
6940
7095
7095
7249
7249
7249
7403
7403
7403
7403
7557
7557
7557
7557
7557
6786
6940
6940
7095
7095
7249
7249
7249
7403
7403
7400
7400
7554
7554
7554
7554
7554
6786
6940
6940
7095
7095
7249
7249
7249
7403
7403
7403
7403
7557
7557
7557
7557
7557
7557
6786
6940
6940
7095
7095
7249
7249
7249
7403
7403
7403
7403
7557
7557
7557
7557
7557
7557
6786
6940
6940
7095
7095
7249
7249
7249
7403
7403
7403
7403
7554
7554
7554
7554
7554
7554
6786
6940
6940
7095
7095
7249
7249
7249
7403
7403
7403
7403
7557
7557
7557
7557
7557
7557
7557
6786
6940
6940
7095
7095
7249
7249
7249
7403
7403
7403
7403
7554
7554
7554
7554
7554
7554
7554
6786
6940
6940
7095
7095
7249
7249
7246
7400
7400
7400
7400
7554
7554
7554
7554
7554
7554
7554
6786
6940
7095
7095
7095
7249
7249
7403
7403
7403
7403
7403
7557
7557
7557
7557
7557
7557
7557
6786
6940
7095
7095
7095
7249
7249
7403
7403
7403
7403
7403
7557
7557
7557
7557
7557
7557
7557
7557
6786
6940
6940
7095
7095
7249
7249
7249
7403
7403
7403
7403
7557
7557
7557
7557
7557
7557
7557
7557
6786
6940
6940
7095
7095
7249
7249
7403
7403
7403
7403
7403
7557
7557
7557
7557
7557
7557
7557
7557
7689
7997
8147
8455
8608
7689
7997
8147
8455
8608
7689
7997
8301
8455
8608
7843
7997
8301
8455
8608
7843
7997
8301
8455
8608
7843
8147
8301
8455
8608
7843
8150
8301
8455
8758
7686
7990
8297
8448
8601
7840
8144
8297
8451
8605
7840
8147
8297
8451
8605
8758
7840
8147
8301
8451
8605
8758
7840
8147
8301
8605
8758
8912
7997
8147
8455
8608
8758
8912
7997
8147
8455
8608
8758
8912
7997
8301
8455
8605
8758
8912
7993
8301
8455
8605
8758
8912
7993
8301
8455
8605
8758
8912
7993
8301
8455
8605
8758
8912
7993
8301
8455
8608
8758
8912
8150
8301
8455
8608
8758
8912
7240
7394
7548
7548
7702
7856
7856
8010
8010
7243
7394
7548
7702
7702
7856
7856
8010
8010
7243
7397
7551
7705
7705
7856
7856
8010
8010
7243
7397
7551
7705
7705
7859
7856
8010
8010
8164
7243
7397
7551
7705
7705
7702
7696
7692
7689
7840
7836
6146
6297
6448
6755
6906
7059
7056
7210
7360
7360
7513
4755
5218
5522
5829
6136
6287
6593
6747
6897
7050
7050
6443
6596
6749
6900
7053
7207
7204
7357
7357
7510
7510
7664
4602
5064
5371
5678
5982
6289
6440
6593
6747
6900
7050
7204
6289
6443
6596
6596
6747
6900
7053
7204
7357
7357
7510
7510
4602
4909
5064
5369
5676
5982
6287
6440
6593
6744
6897
7050
6138
6448
6604
6914
7071
7228
7382
7538
7692
7696
7849
7086
7240
7394
7548
7548
7702
7856
7856
8010
8013
8167
7246
7400
7551
7705
7705
7859
7859
8013
8013
8167
8167
7246
7400
7554
7708
7862
7862
8017
8017
8017
8171
8171
8171
7403
7400
7554
7708
7862
7862
8017
8017
8017
8171
8171
8167
7400
7400
7554
7708
7862
7862
8017
8017
8167
8167
8167
8167
7400
7400
7554
7708
7862
7862
8017
8017
8171
8171
8171
8171
7403
7554
7554
7708
7862
7862
8017
8017
8171
8171
8171
8171
7403
7554
7554
7708
7862
7862
8017
8017
8171
8171
8171
8171
8325
