7068
7375
7683
7990
8140
7378
7686
7990
8144
8451
7532
7840
8147
8297
8605
7689
7993
8147
8455
8605
7843
7993
8301
8455
8608
7843
8147
8301
8455
8608
7843
8150
8301
8455
8758
7843
8147
8301
8608
8758
7997
8147
8301
8608
8758
7997
8147
8301
8455
8758
8758
7843
8147
8301
8455
8762
8758
7997
8147
8301
8608
8762
8912
7997
8147
8455
8608
8762
8912
7997
8147
8455
8608
8762
8912
7997
8301
8455
8608
8762
8912
7997
8301
8455
8608
8762
8912
7997
8301
8455
8608
8758
8912
8150
8301
8455
8608
8758
8912
8150
8301
8455
8608
8758
8912
8150
8301
8455
8608
8758
8912
7243
7397
7551
7705
7705
7856
7856
8010
8010
7243
7397
7551
7705
7705
7859
7859
8010
8010
6156
6308
6459
6610
6761
7065
7219
7219
7369
7366
7520
5220
5529
5834
5985
6292
6443
6596
6903
6900
7053
7207
6445
6596
6749
6903
7053
7207
7207
7360
7357
7510
7510
4909
5215
5522
5982
6292
6445
6596
6749
6900
7053
7207
5371
5678
5985
6289
6443
6593
6747
6900
7053
7204
7204
6596
6755
6912
7222
7378
7532
7535
7692
7846
7849
7083
7240
7394
7548
7702
7702
7856
7856
8010
8010
8164
7246
7400
7554
7708
7705
7859
7859
8013
8013
8167
8167
7246
7400
7554
7708
7708
7862
7862
8017
8017
8171
8171
7249
7403
7554
7708
7708
7862
8017
8017
8017
8171
8171
7249
7403
7554
7708
7862
7862
8017
8017
8017
8171
8171
7246
7400
7554
7708
7862
7862
8017
8017
8017
8167
8167
7246
7400
7554
7708
7862
7862
8017
8017
8017
8171
8171
8171
7249
7403
7554
7708
7862
7862
8017
8017
8017
8171
8171
8171
7403
7403
7554
7708
7862
7862
8017
8017
8017
8171
8171
8171
7403
7403
7554
7708
7862
7862
8017
8017
8171
8171
8171
8171
7403
7557
7554
7708
7862
7859
7856
7849
7692
7689
7686
7686
7683
7680
7680
5995
6300
6451
6602
6755
6906
6906
7059
7056
7210
7210
7210
7363
7363
7513
