6326
6326
6480
6480
6483
6637
6637
6637
6637
6792
6792
6792
6792
6792
6792
6792
6792
6792
6946
6946
6946
6946
6946
6946
6946
6946
6946
6946
6946
6946
6946
6946
6946
6946
6331
6329
6483
6483
6483
6637
6637
6637
6637
6792
6792
6792
6792
6792
6792
6792
6792
6792
6792
6946
6946
6946
6946
6946
6946
6946
6946
6946
6946
6946
6946
6946
6943
6937
4771
5077
5228
5380
5683
5834
5987
5985
6138
6289
6287
6440
6437
6591
6591
6588
6588
6741
6741
6741
6741
6738
6891
6891
6891
6891
6891
6891
6891
6891
6891
6891
6891
6891
6891
5520
5671
5824
5975
6128
6128
6281
6432
6432
6432
6585
6585
6585
6738
6738
6738
6738
6735
6888
6888
6891
6891
6891
6891
6888
6888
6888
6888
6888
6888
6891
6891
6891
6891
6891
4293
4600
4907
5213
5364
5518
5671
5822
5975
6128
6281
6281
6432
6432
6585
6585
6585
6738
6738
6738
6738
6738
6738
6891
6891
6891
6891
6891
6888
6888
6888
6888
6888
6888
6888
6891
5673
5827
5977
6131
6131
6284
6437
6437
6437
6591
6591
6591
6744
6744
6744
6744
6741
6894
6894
6897
6903
6909
6914
6917
6923
6926
6929
6932
6935
6935
6937
6940
6940
6943
6943
6943
6946
461
461
768
1382
1996
2610
3070
3529
3990
4295
4602
4907
5213
5367
5518
5671
5824
5977
6131
6284
6281
6435
6435
6588
6588
6588
6588
6741
6741
6741
6741
6741
6741
6894
6894
6894
6894
6894
6894
5062
5213
5520
5673
5824
5977
6131
6131
6284
6284
6437
6435
6588
6588
6588
6741
6741
6741
6741
6741
6741
6894
6894
6894
6894
6894
6894
6894
6894
6894
6894
6894
6894
6894
6894
6894
6894
6894
5215
5369
5520
5673
5827
5977
6131
6284
6284
6437
6437
6591
6588
6588
6588
6741
6741
6741
6741
6741
6894
6894
6894
6894
6894
6894
6894
6891
6891
6891
6894
6894
6894
6894
6894
6894
6894
6894
6894
4295
4604
4757
5064
5369
5522
5676
5827
5980
6133
6133
6292
6297
6456
6459
6615
6618
6621
6624
6780
6780
6783
6786
6786
6786
6789
6943
6943
6946
6946
6946
6946
6949
6949
6949
6949
6949
6949
6949
6949
461
461
770
1078
1847
2461
2922
3382
3841
4147
4608
4759
5064
5371
5522
5676
5829
5982
6133
6133
6287
6440
6437
6437
6593
6591
6591
6744
6744
6744
6744
6744
6744
6897
6897
6897
6897
6897
6897
6897
6897
6897
4604
4759
5066
5220
5524
5678
5829
5982
6133
6133
6287
6287
6437
6437
6591
6591
6591
6747
6747
6747
6747
6744
6744
6897
6897
6897
6900
6900
6900
6897
6897
6897
6897
6897
6897
6900
6900
6900
6897
6897
6897
5369
5676
5829
5980
5980
6133
6284
6284
6437
6437
6591
6591
6588
6741
6741
6741
6741
6744
6894
6894
6894
6894
6894
6894
6894
6894
6894
6894
6894
6894
6894
6894
6894
6894
6894
6894
6894
6894
6894
6894
7047
7047
5982
6133
6287
6287
6440
6437
6591
6591
6591
6744
6749
6755
6758
6764
6766
6772
6775
6932
6932
6935
6937
6937
6940
6940
6943
6943
6943
6946
6946
6946
6946
6946
6946
6949
6949
6949
6949
6949
6949
6949
6949
6949
6949
6177
6331
6331
6486
6486
6640
6643
6643
6643
6797
6797
6797
6797
6797
6797
6797
6797
6952
6952
6952
6952
6952
6952
6952
6952
6952
6952
6952
6952
6952
6952
6952
6952
6952
6952
6952
6952
6952
6952
6952
6952
6952
6949
6952
6179
6334
6334
6488
6488
6643
6643
6643
6643
6797
6797
6797
6797
6797
6797
6797
6797
6797
6952
6952
6952
6952
6952
6952
6952
6952
6952
6952
6952
6952
6952
6952
6952
6952
6952
6952
6952
6952
6952
6952
6952
6952
6952
6952
6952
6179
6334
6334
6488
6488
6643
6643
6643
6643
6643
6797
6797
6797
6797
6797
6797
6797
6797
6952
6952
6952
6952
6952
6952
6952
6952
6952
6952
6952
6952
6952
6952
6952
6952
6952
6952
6952
6952
6952
6952
6952
6952
6952
6952
6952
6179
6334
6334
6488
6488
6488
6643
6643
6643
6643
6797
6797
6797
6797
6797
6797
6797
6797
6949
6952
6952
6949
6949
6949
6949
6952
6952
6952
6952
6952
6952
6952
6949
6952
6952
6952
6949
6952
6949
6952
6952
6952
6952
6952
6949
6952
6179
6334
6334
6488
6488
6643
6643
6643
6643
6643
6797
6797
6797
6797
6797
6797
6797
6797
6952
6952
6952
6952
6952
6952
6952
6952
6952
6952
6952
6952
6952
6952
6952
6952
6952
6952
6952
6952
6949
6952
6949
6949
6949
6952
6952
6949
6952
6179
6334
6334
6488
6488
6488
6643
6643
6643
6643
6797
6797
6797
6797
6797
6797
6797
6797
6797
6952
6952
6952
6952
6952
6952
6952
6952
6952
6952
6952
6952
6952
6952
6952
6952
6952
6952
6952
6952
6952
6952
6952
6952
6952
6952
6952
6952
