7689
7993
8301
8608
8762
7997
8304
8458
8766
8916
8154
8304
8612
8766
9069
8154
8458
8612
8919
9069
8154
8458
8766
8919
9069
8308
8458
8766
8919
9069
8308
8458
8766
8919
9073
9223
8308
8612
8766
8919
9227
9377
8308
8612
8766
8919
9227
9377
8308
8612
8766
9073
9227
9377
8308
8612
8766
9073
9227
9377
8462
8612
8919
9073
9227
9377
8462
8612
8919
9073
9227
9377
8462
8612
8919
9073
9223
9377
8458
8608
8762
9066
9219
9373
8455
8608
8916
9069
9223
9373
8458
8766
8916
9069
9223
9377
9531
8458
8766
8916
9069
9223
9377
9531
8458
8766
8919
9073
9223
9377
9531
8462
8766
8919
9073
9223
9377
9531
