7225
7532
7836
7990
8297
7382
7686
7993
8147
8451
7382
7689
7993
8301
8451
7535
7843
7993
8301
8455
7535
7843
8147
8301
8455
7535
7843
8147
8301
8455
7535
7843
8147
8301
8455
7689
7997
8147
8455
8608
7689
7997
8147
8455
8608
7843
7997
8301
8455
8608
8762
7689
7997
8150
8455
8608
8762
7843
7997
8301
8455
8608
8762
7843
7997
8304
8455
8608
8762
7843
8150
8301
8455
8608
8762
7843
8150
8301
8608
8762
8762
7843
8150
8301
8455
8608
8758
7843
8150
8301
8455
8762
8758
7997
8150
8455
8608
8762
8912
7997
8147
8455
8608
8762
8912
7997
8301
8455
8608
8762
8912
