4917
5068
5373
5527
5831
5985
6136
6289
5371
5831
6292
6445
6596
6596
6749
5066
5220
5524
5831
5982
6443
6749
6141
6448
6752
6752
6903
6903
7056
4915
5220
5524
5831
6292
6599
6144
6294
6445
6445
6596
6749
6749
6900
6900
5220
5527
5987
6448
6909
7216
5531
5836
5990
6141
6292
6445
6596
6596
6749
5527
5831
6292
6445
6596
6596
6749
6900
4454
4608
4913
5373
5680
6141
6448
5990
6297
6448
6602
6599
6752
6903
6903
6903
5373
5527
5831
6138
6445
6906
7213
6294
6448
6445
6599
6596
6596
6596
6749
6747
6747
6747
5831
5985
6136
6136
6289
6440
6440
6440
6593
6593
6593
5218
5678
5831
5982
5982
6136
6287
6287
6440
6440
6593
4911
5524
5831
5985
6136
6136
6289
6287
6440
6440
4300
4759
5376
5836
5987
6141
6292
6292
6443
4913
5066
5218
5524
5678
5829
6292
6289
6443
6443
6596
4913
5220
5371
5524
5676
5829
5982
6289
6596
6749
6749
4913
5220
5371
5524
5678
5829
5982
6136
6287
6596
6903
8007
8315
8465
8773
8927
8007
8315
8465
8773
8927
8007
8315
8619
8773
8927
8007
8315
8619
8773
9081
8161
8315
8619
8773
9081
8161
8465
8619
8927
9077
8161
8465
8619
8927
9077
9231
8161
8465
8619
8927
9077
9231
8311
8465
8773
8923
9077
9231
8311
8465
8773
8923
9077
9231
8311
8465
8773
8923
9077
9231
8311
8465
8773
8923
9077
9231
8311
8619
8773
8927
9231
9385
8315
8619
8773
9081
9231
9385
8315
8619
8773
9077
9231
9385
8311
8619
8773
9077
9231
9385
8465
8619
8923
9077
9231
9385
9535
8465
8619
8923
9077
9231
9385
9539
8465
8619
8927
9077
9231
9385
9539
8465
8619
8927
9077
9231
9385
9539
6637
6792
6946
6946
7100
7097
7252
7252
7252
7406
7406
7406
7406
7406
7560
6637
6792
6946
6943
7097
7097
7252
7252
7252
7406
7406
7406
7406
7406
7560
6637
6792
6946
6946
7100
7100
7255
7255
7255
7409
7406
7406
7406
7406
7560
6637
6792
6946
6946
7100
7100
7255
7255
7255
7409
7409
7406
7406
7406
7560
6637
6792
6946
6946
7100
7100
7255
7252
7252
7403
7400
7394
7391
7542
7538
7535
5536
5690
5995
6146
6300
6453
6607
6758
6912
6912
7062
7062
7216
7213
7366
7366
5529
5836
5987
6144
6297
6451
6604
6755
6909
6909
7059
7213
7213
7213
7366
7366
5683
5990
6144
6294
6448
6602
6755
6906
6906
7059
7059
7213
7210
7363
7363
7363
7363
5529
5834
5987
6294
6445
6599
6752
6752
6906
7059
7059
7210
7210
7213
7369
7369
7369
5378
5683
5836
6141
6294
6448
6602
6752
6906
6906
7059
7062
7219
7216
7369
7369
7366
5529
5836
6141
6294
6448
6599
6752
6752
6906
7059
7062
7213
7213
7213
7366
7366
7363
5529
5680
5987
6141
6292
6445
6599
6755
6909
6909
7062
7059
7213
7213
7366
7366
7366
7366
5529
5683
5987
6141
6294
6451
6607
6758
6912
6909
7062
7216
7216
7213
7366
7366
7366
7366
5529
5836
5987
6297
6451
6604
6758
6755
6909
7062
7059
7213
7213
7213
7366
7366
7363
7516
5683
5839
6144
6297
6448
6602
6755
6906
6906
7059
7059
7213
7213
7363
7363
7363
7363
7516
7516
465
465
620
620
775
775
775
930
930
930
929
929
1084
1084
1084
1084
1084
1084
1084
1084
1084
1084
1084
1084
1084
1084
1239
1239
1239
1239
1239
1393
2012
2630
3248
3865
4327
4634
4943
5252
5559
5868
6022
5405
5713
5868
6174
6329
6483
6637
6792
6792
6946
7100
7097
7097
7252
7252
7252
7406
7406
7406
6637
6792
6792
6943
7097
7097
7252
7252
7252
7406
7406
7406
7406
7406
7560
7560
7560
7560
7560
7560
6792
6792
6946
7100
7100
7255
7255
7252
7406
7406
7406
7406
7406
7560
7560
7560
7560
7560
7560
7560
6792
6946
6946
7100
7097
7252
7252
7252
7406
7406
7406
7406
7406
7560
7560
7560
7560
7560
7560
7560
