6629
6629
6786
6940
6940
7095
7095
7249
7249
7249
7403
7403
7403
7403
7557
6632
6786
6940
6940
7095
7095
7249
7249
7249
7403
7403
7403
7403
7403
7557
6632
6786
6786
6940
7095
7095
7249
7249
7249
7403
7403
7403
7403
7403
7557
6632
6786
6940
6940
7095
7095
7249
7249
7249
7403
7403
7403
7403
7557
7557
6632
6786
6786
6940
7095
7095
7095
7249
7249
7403
7403
7403
7400
7400
7554
7554
6786
6786
6940
7095
7095
7095
7249
7246
7400
7400
7403
7403
7403
7557
7557
7557
6632
6786
6940
6940
7095
7095
7249
7249
7249
7403
7403
7403
7403
7403
7557
7557
6786
6786
6940
6940
7095
7095
7249
7249
7249
7403
7403
7403
7403
7557
7557
7557
7557
6632
6786
6940
6940
7095
7095
7249
7249
7249
7403
7403
7403
7403
7403
7557
7557
7557
6786
6786
6940
7095
7095
7249
7249
7249
7403
7403
7403
7403
7403
7557
7557
7557
7557
6632
6786
6940
6940
7095
7095
7249
7249
7249
7403
7403
7403
7403
7403
7557
7557
7557
7557
6786
6786
6940
6940
7095
7095
7249
7249
7249
7403
7400
7400
7400
7554
7554
7554
7554
7554
6786
6940
6940
7095
7095
7249
7249
7249
7403
7403
7403
7403
7557
7557
7557
7557
7557
7557
6786
6940
6940
7095
7095
7249
7249
7249
7403
7403
7403
7403
7557
7557
7557
7557
7557
7557
7557
6786
6940
6940
7095
7095
7249
7249
7249
7403
7403
7403
7403
7557
7557
7557
7557
7557
7557
7557
6786
6940
6940
7095
7095
7249
7249
7249
7403
7403
7403
7403
7557
7557
7557
7557
7557
7557
7557
6786
6940
6940
7095
7095
7246
7246
7246
7397
7397
7397
7397
7551
7551
7551
7554
7554
7554
7554
6783
6937
6937
7092
7092
7246
7246
7246
7400
7400
7400
7400
7554
7554
7551
7545
7542
7538
7532
7529
6149
6300
6451
6602
6755
6906
6906
7056
7056
7207
7207
7360
7357
7357
7357
7510
7510
7510
7510
7507
5676
5829
6136
6287
6440
6593
6747
6897
6897
7050
7050
7204
7204
7357
7357
7354
7354
7507
7507
7507
6179
6329
6323
6472
6467
6618
6613
6613
6764
6761
6758
6755
6752
6752
6906
6903
6903
6900
6900
6900
6900
6897
6897
6897
6897
6897
6894
6894
6894
6894
6894
6894
6894
5829
5980
6133
6287
6284
6437
6437
6437
6591
6591
6588
6741
6741
6741
6741
6741
6894
6894
6894
6894
6894
6894
6894
6894
6894
6894
6894
6894
6894
6894
6894
6894
6894
6894
5213
5213
5520
5673
5824
5977
6131
6131
6284
6284
6437
6435
6588
6588
6588
6741
6741
6741
6741
6741
6894
6894
6894
6894
6900
6906
6912
6917
6920
6923
6926
6929
6932
6935
6937
465
465
620
620
930
1549
2168
2631
3096
3404
3868
4176
4331
4640
4793
5102
5257
5411
5409
5564
5718
5718
5873
5873
6027
6027
6027
6182
6182
6182
6182
6182
6336
6336
6336
6336
6336
6336
6336
6336
5718
5718
5873
5873
6027
6027
6027
6182
6182
6182
6182
6182
6336
6336
6336
6336
6336
6336
6336
6336
6336
6336
6336
6336
6336
6336
6336
6336
6336
6491
6491
6491
6491
6491
6491
6491
6491
6491
5718
5873
5873
6027
6027
6027
6182
6182
6182
6182
6182
6336
6336
6336
6336
6336
6336
6336
6336
6336
6336
6336
6336
6336
6336
6336
6491
6491
6491
6491
6491
6488
6488
6488
6488
6488
6488
6488
5716
5255
5100
4947
5255
5409
5564
5718
5873
6025
6179
6179
6334
6334
6488
6488
6488
6643
6643
6643
6643
6797
6797
6797
6797
6797
6797
6797
6797
6797
6797
6952
6952
6952
6952
6952
6952
6952
6952
6179
6334
6334
6488
6488
6488
6643
6643
6643
6643
6643
6797
6797
6797
6797
6797
6797
6797
6797
6797
6797
6952
6952
6952
6952
6952
6952
6952
6952
6952
6952
6952
6952
6952
6952
6952
6952
6952
6952
6179
6334
6334
6488
6488
6488
6643
6643
6643
6643
6643
6797
6797
6797
6797
6797
6797
6797
6797
6797
6797
6952
6952
6952
6952
6952
6952
6952
6952
6952
6952
6952
6952
6952
6952
6952
6952
6952
6952
6952
6179
6334
6334
6488
6488
6488
6643
6643
6643
6643
6643
6797
6797
6797
6797
6797
6797
6797
6797
6797
6797
6952
6952
6952
6952
6952
6952
6952
6952
6952
6952
6952
6952
6952
6952
6952
6952
6952
6952
6952
6179
6334
6334
6488
6488
6488
6643
6643
6643
6643
6797
6797
6797
6797
6797
6797
6797
6797
6797
6797
6952
6952
6952
6952
6952
6952
6952
6952
6952
6952
6952
6952
6952
6952
6952
6952
6952
6952
6952
6952
6952
6179
6334
6334
6488
6488
6488
6643
6643
6643
6643
6797
6797
6797
6797
6797
6797
6797
6797
6797
6797
6952
6952
6952
6952
6952
6952
6952
6952
6952
6952
6952
6952
6952
6952
6952
6952
6952
6952
6952
6952
6952
6952
6179
6334
6334
6488
6488
6488
6643
6643
6643
6643
6797
6797
6797
6797
6797
6797
6797
6797
6797
6797
6952
6952
6952
6952
6952
6952
6952
6952
6952
6952
6952
6952
6952
6952
6952
6952
6952
6952
6952
6952
6952
6952
6179
6334
6334
6488
6488
6488
6643
6643
6643
6643
6797
6797
6797
6797
6797
6797
6797
6797
6797
6797
6952
6952
6952
6952
6952
6952
6952
6952
6952
6952
6952
6952
6952
6952
6952
6952
6952
6952
6952
6952
6952
6952
6952
6179
6334
6334
6488
6488
6488
6643
6643
6643
6643
6797
6797
6797
6797
6797
6797
6797
6797
6797
6797
6952
6952
6952
6952
6952
6949
6949
6952
6952
6949
6952
6949
6952
6952
6952
6952
6952
6952
6952
6952
6952
6952
6952
6952
6179
6334
6334
6488
6488
6488
6643
6643
6643
6643
6797
6797
6797
6797
6797
6797
6797
6797
6797
6952
6952
6952
6952
6952
6952
6952
6952
6952
6952
6952
6952
6952
6952
6952
6952
6952
6952
6952
6952
6952
6952
6952
6952
6952
6952
6179
6334
6334
6488
6488
6488
6643
6643
6643
6643
6797
6797
6797
6797
6797
6797
6797
6797
6797
6797
6952
6952
6952
6952
6952
6952
6952
6952
6952
6952
6952
6952
6952
6952
6952
6952
6952
6952
6952
6952
6952
6952
6952
6952
6952
6179
6334
6334
6488
6488
6488
6643
6643
6643
6643
6797
6797
6797
6797
6797
6797
6797
6797
6797
6797
6952
6952
6952
6952
6952
6952
6952
6952
6952
6952
6952
6952
6952
6952
6952
6952
6952
6952
6952
6952
6952
6952
6952
6952
6952
6952
6179
6334
6334
6488
6488
6488
6643
6643
6643
6643
6797
6797
6797
6797
6797
6797
6797
6797
6797
6797
6952
6952
6952
6952
6952
6952
6952
6952
6952
6952
6952
6952
6952
6952
6952
6952
6952
6952
6952
6952
6952
6952
6952
6952
6952
6952
6952
6179
6334
6334
6488
6488
6488
6643
6643
6643
6643
6797
6797
6797
6797
6797
6797
6797
6797
6797
6952
6952
6952
6952
6949
6949
6949
6949
6949
6949
6949
6949
6949
6949
6949
6949
6949
6949
6949
6949
6949
6949
6949
6949
6949
6949
6949
6949
