7240
7394
7548
7702
7702
7856
7856
8010
8010
7243
7397
7551
7705
7702
7856
7856
8010
8010
7243
7397
7551
7705
7705
7856
8010
8010
8010
7243
7397
7551
7705
7705
7859
8010
8010
8010
8164
7243
7397
7551
7705
7705
7859
8013
8010
8010
8164
7243
7397
7551
7705
7859
7859
8013
8010
8010
8164
7397
7397
7551
7705
7859
7859
8013
8010
8010
8164
7397
7551
7551
7702
7856
7856
8010
8010
8164
8164
7397
7551
7548
7702
7856
7856
8010
8010
8164
8164
8164
7397
7551
7551
7705
7859
7856
8010
8010
8164
8164
8164
7397
7551
7551
7705
7859
7859
8010
8010
8164
8164
8164
7397
7551
7551
7705
7859
7859
8010
8010
8164
8164
8164
7397
7548
7545
7538
7689
7686
7683
7833
7830
7830
7827
7827
7823
5220
5527
5831
6138
6289
6443
6747
6900
7053
7053
7204
7357
7357
4757
5062
5369
5829
5980
6287
6440
6593
6744
6897
7050
7204
7357
4909
5215
5522
5829
6133
6287
6593
6747
6897
7050
7050
7204
7357
4448
4911
5215
5522
5827
6133
6287
6593
6744
6897
7050
7204
7204
4143
4299
4757
5218
5522
5829
6136
6287
6440
6747
6900
7050
7050
7204
4143
4450
4911
5218
5522
5829
6136
6287
6593
6747
6900
7050
7204
7204
4297
4450
4911
5218
5678
5985
6136
6443
6596
6747
6900
7053
7207
7204
6179
6334
6334
6488
6488
6488
6643
6643
6643
6643
6797
6797
6797
6797
6797
6797
6797
6797
6797
6952
6952
6952
6952
6952
6952
6952
6952
6952
6952
6952
6952
6952
6952
6952
6179
6334
6334
6488
6488
6488
6643
6643
6643
6643
6797
6797
6797
6797
6797
6797
6797
6797
6797
6952
6952
6952
6952
6952
6952
6952
6952
6952
6952
6952
6952
6952
6952
6952
6179
6334
6334
6488
6488
6488
6643
6643
6643
6643
6797
6797
6797
6797
6797
6797
6797
6797
6952
6952
6952
6952
6952
6952
6952
6952
6952
6952
6952
6952
6952
6952
6952
6952
6952
6179
6334
6334
6488
6488
6488
6643
6643
6643
6643
6797
6797
6797
6797
6797
6797
6797
6797
6952
6949
6940
6935
6932
6926
6923
6917
6917
6914
6912
6909
6906
6906
6903
6903
6903
6900
4297
4606
4913
5064
5371
5522
5676
5827
5980
6133
6133
6284
6437
6437
6437
6591
6591
6591
6749
6755
6761
6764
6769
6772
6775
6778
6935
6935
6937
6937
6940
6940
6943
6943
6943
6946
462
461
769
1384
1999
2613
3073
3535
3998
4307
4617
4927
5083
5393
5550
5704
5861
6015
6169
6172
6326
6326
6483
6483
6483
6637
6637
6640
6640
6795
6795
6795
6795
6795
6795
6795
6795
6949
6949
460
615
769
1539
2156
2619
3237
3700
4010
4318
4627
4937
5246
5400
5557
5711
5865
6020
6174
6177
6331
6331
6486
6486
6486
6640
6640
6640
6640
6795
6797
6797
6797
6795
6797
6795
6797
6949
6949
6179
6334
6334
6488
6488
6488
6643
6643
6643
6643
6797
6797
6797
6797
6797
6797
6797
6797
6797
6952
6952
6952
6952
6952
6952
6952
6952
6952
6952
6952
6952
6952
6952
6952
6952
6952
6952
6952
6952
6179
6334
6334
6488
6488
6488
6643
6643
6643
6643
6797
6797
6797
6797
6797
6795
6795
6795
6949
6949
6949
6949
6949
6949
6949
6949
6949
6949
6949
6949
6949
6949
6949
6949
6949
6949
6949
6949
6949
6179
6334
6334
6488
6488
6488
6643
6643
6643
6643
6797
6797
6797
6797
6797
6797
6797
6797
6952
6952
6952
6952
6952
6952
6952
6952
6952
6952
6952
6952
6952
6952
6952
6952
6952
6952
6952
6952
6952
6952
6179
6334
6334
6488
6488
6488
6643
6643
6643
6643
6797
6797
6797
6797
6797
6797
6797
6797
6952
6952
6952
6952
6952
6952
6952
6952
6952
6952
6952
6952
6952
6952
6952
6952
6952
6952
6952
6952
6952
6952
6952
6179
6334
6334
6488
6488
6643
6643
6643
6643
6643
6797
6797
6797
6797
6797
6797
6797
6797
6952
6952
6952
6952
6952
6952
6952
6952
6952
6952
6952
6952
6952
6952
6952
6952
6952
6952
6952
6952
6952
6952
6952
6952
6179
6334
6334
6488
6488
6488
6643
6643
6643
6643
6797
6797
6797
6797
6797
6797
6797
6797
6952
6952
6952
6952
6952
6952
6952
6952
6952
6952
6952
6952
6952
6952
6952
6952
6952
6952
6952
6952
6952
6952
6952
6952
6179
6334
6334
6488
6488
6643
6643
6643
6643
6643
6797
6797
6797
6797
6797
6797
6797
6797
6952
6952
6952
6952
6952
6952
6952
6952
6952
6952
6952
6952
6952
6952
6952
6952
6952
6952
6952
6952
6952
6952
6952
6952
6952
6179
6334
6334
6488
6488
6643
6643
6643
6643
6797
6797
6797
6797
6797
6797
6797
6797
6797
6952
6952
6952
6952
6952
6952
6952
6952
6952
6952
6952
6952
6952
6952
6952
6952
6952
6952
6952
6952
6952
6952
6952
6952
6952
6952
6179
6334
6334
6488
6488
6488
6643
6643
6643
6643
6797
6797
6797
6797
6797
6797
6797
6797
6952
6952
6952
6952
6952
6952
6952
6952
6952
6952
6952
6952
6952
6952
6952
6952
6952
6952
6952
6952
6952
6952
6952
6952
6952
6952
6952
6179
6334
6334
6488
6488
6488
6643
6643
6643
6643
6797
6797
6797
6797
6797
6797
6797
6797
6952
6952
6952
6952
6952
6952
6952
6952
6952
6952
6952
6952
6952
6952
6952
6952
6952
6952
6952
6952
6952
6952
6952
6952
6952
6952
6952
6179
6334
6334
6488
6488
6488
6643
6643
6643
6643
6797
6797
6797
6797
6797
6797
6797
6797
6952
6952
6952
6952
6952
6952
6952
6952
6952
6952
6952
6952
6952
6952
6952
6952
6952
6952
6952
6952
6952
6952
6952
6952
6952
6952
6952
6952
6179
6334
6334
6488
6488
6488
6643
6643
6643
6643
6797
6797
6797
6797
6797
6797
6797
6797
6952
6952
6952
6952
6952
6952
6952
6952
6952
6952
6952
6952
6952
6952
6952
6952
6952
6952
6952
6952
6952
6952
6952
6952
6952
6952
6952
6952
6952
6179
6334
6334
6488
6488
6488
6643
6643
6643
6643
6797
6797
6797
6797
6797
6797
6797
6797
6952
6952
6952
6952
6952
6952
6952
6952
6952
6952
6952
6952
6952
6952
6952
6952
6952
6952
6952
6952
6952
6952
6952
6952
6952
6952
6952
6952
6952
