6326
6326
6480
6480
6480
6635
6635
6635
6635
6789
6789
6789
6789
6789
6789
6789
6789
6789
6946
6946
6946
6946
6943
6937
6935
6929
6926
6923
6920
6920
6917
6914
6912
5073
5226
5531
5683
5836
5987
6141
6141
6294
6292
6445
6445
6599
6596
6596
6596
6749
6749
6749
6749
6749
6903
6903
6903
6903
6903
6903
6903
6900
6900
6903
6903
6903
6903
4452
4761
4915
5222
5376
5527
5834
5831
5985
6138
6292
6292
6445
6443
6596
6596
6596
6596
6749
6749
6749
6749
6749
6903
6903
6900
6900
6903
6900
6900
6900
6900
6900
6900
6900
6138
6138
6292
6443
6443
6443
6596
6596
6596
6749
6749
6749
6749
6749
6903
6900
6900
6900
6900
6900
6900
6900
6900
6900
6900
6900
6900
6900
6900
6900
6900
6900
6900
6900
6900
5985
6138
6138
6289
6289
6443
6443
6596
6596
6596
6749
6747
6747
6747
6747
6900
6900
6900
6900
6900
6900
6900
6900
6900
6900
6900
6900
6900
6900
6900
6900
6900
6900
6900
6900
6900
5373
5527
5834
5831
5985
6138
6292
6289
6443
6443
6599
6604
6607
6613
6769
6772
6775
6778
6780
6780
6783
6783
6940
6940
6943
6943
6943
6943
6946
6946
6946
6946
6946
6946
6949
6949
6949
1382
1995
2609
3069
3528
3988
4293
4600
4907
5213
5364
5518
5671
5824
5977
6131
6281
6281
6435
6435
6588
6588
6588
6741
6741
6741
6741
6741
6741
6894
6894
6894
6894
6894
6894
6894
6894
5522
5673
5827
5980
6131
6131
6284
6284
6437
6437
6588
6588
6588
6741
6741
6741
6741
6741
6894
6894
6894
6894
6894
6894
6894
6894
6894
6894
6894
6894
6894
6894
6894
6894
6894
6894
6894
6894
5215
5520
5673
5827
5980
6131
6131
6284
6284
6437
6437
6591
6591
6591
6741
6744
6741
6741
6741
6894
6894
6894
6894
6894
6894
6894
6894
6894
6894
6894
6894
6894
6894
6894
6894
6894
6894
7047
7047
5060
5367
5518
5673
5829
5982
6133
6287
6287
6437
6437
6591
6591
6596
6602
6761
6764
6769
6772
6775
6778
6780
6935
6937
6937
6940
6940
6943
6943
6943
6946
6946
6946
6946
6946
6949
6949
6949
6949
6949
1227
1994
2607
3066
3525
3985
4291
4596
4902
5209
5362
5513
5666
5819
5972
6126
6279
6276
6429
6429
6582
6582
6582
6735
6735
6735
6735
6735
6735
6888
6888
6888
6888
6888
6888
6888
6888
6888
6888
6888
4446
4753
4904
5211
5364
5668
5822
5975
5975
6126
6279
6279
6432
6432
6585
6585
6585
6738
6738
6735
6735
6738
6891
6891
6891
6888
6888
6888
6888
6888
6888
6888
6888
6888
6888
6888
6888
7042
7042
7042
7042
5364
5518
5668
5822
5975
6126
6279
6279
6432
6432
6585
6585
6582
6735
6735
6735
6735
6735
6888
6888
6888
6888
6888
6894
6900
6906
6912
6917
6920
6923
6926
6929
6932
6935
6937
6937
6940
6940
6943
6943
6943
6946
1075
1842
2455
2915
3528
3835
4293
4600
4907
5060
5364
5518
5671
5824
5977
6131
6284
6281
6435
6435
6588
6588
6588
6741
6741
6741
6741
6741
6894
6894
6894
6894
6894
6894
6894
6894
6894
6894
6894
6894
6894
6894
6894
6133
6287
6287
6440
6437
6591
6591
6591
6744
6744
6741
6741
6741
6894
6894
6894
6894
6894
6894
6894
6894
6894
6894
6894
6894
6894
6894
6894
7047
7047
7047
7047
7047
7047
7047
7047
7047
7047
7047
7047
7047
7047
7047
5980
5980
6133
6284
6284
6437
6437
6591
6591
6591
6744
6741
6741
6741
6741
6894
6900
6906
6912
6914
6920
6923
6926
6929
6932
6935
6937
6937
6940
6940
6943
6943
6943
6943
6946
6946
6946
6946
6946
6949
6949
6949
6949
6949
6331
6331
6486
6486
6640
6640
6640
6640
6797
6797
6797
6797
6797
6797
6797
6797
6952
6952
6952
6952
6952
6952
6952
6952
6952
6952
6952
6952
6952
6952
6952
6952
6952
6952
6952
6952
6952
6952
6952
6952
6952
6952
6952
6952
6952
6334
6334
6488
6488
6643
6643
6643
6643
6797
6797
6797
6797
6797
6797
6797
6797
6952
6952
6952
6952
6952
6952
6952
6952
6949
6949
6949
6949
6949
6949
6949
6949
6949
6949
6949
6949
6949
6949
6949
6949
6949
6949
6949
6949
6949
6949
6334
6488
6488
6488
6643
6643
6643
6643
6797
6797
6797
6797
6797
6797
6797
6797
6952
6952
6952
6952
6952
6952
6952
6952
6952
6952
6952
6952
6949
6949
6949
6949
6949
6949
6949
6949
6949
6949
6949
6949
6949
6949
6949
6949
6949
6949
6334
6334
6488
6488
6643
6643
6643
6643
6797
6797
6797
6797
6797
6797
6797
6797
6952
6952
6952
6952
6952
6952
6952
6952
6952
6952
6949
6949
6949
6949
6949
6949
6949
6949
6949
6949
6949
6949
6949
6949
6949
6949
6949
6949
6949
6949
6949
