7237
7391
7545
7699
7699
7853
7856
8010
8010
7243
7394
7548
7702
7702
7856
7856
8010
8010
7243
7397
7551
7705
7705
7856
7856
8010
8010
7243
7397
7551
7705
7705
7859
7856
8010
8010
8164
7243
7397
7551
7705
7705
7859
7859
8010
8010
8164
7243
7551
7545
7542
7689
7686
7683
7680
7833
7830
7830
4300
4456
5070
5380
5841
5992
6297
6448
6602
6752
6906
5680
5987
6138
6445
6596
6749
6900
7053
7207
7207
7360
7357
5062
5369
5676
5829
6136
6445
6596
6749
6903
7053
7207
7207
5524
5831
5982
6289
6443
6593
6747
6900
7050
7204
7357
7357
4757
5215
5522
5829
6138
6445
6599
6752
6903
7056
7210
7207
5371
5678
5985
6138
6443
6596
6749
6900
7053
7207
7207
7360
4911
5215
5522
5829
6133
6443
6599
6749
6903
7056
7207
7360
5064
5373
5680
5985
6138
6443
6596
6749
6900
7053
7207
7207
7360
6445
6599
6749
6749
6903
7056
7207
7207
7360
7357
7510
7510
7664
7664
3838
3993
4302
4765
5226
5531
5839
6144
6294
6602
6752
6906
7056
5220
5527
5831
6138
6289
6596
6747
6900
7053
7207
7204
7357
7357
4911
5215
5522
5676
5982
6287
6440
6749
6903
7056
7210
7207
7360
7360
4757
5220
5527
5834
6138
6292
6443
6749
6903
7053
7053
7207
7360
7360
6138
6294
6607
6914
7071
7228
7385
7538
7696
7696
7849
7853
8007
6179
6334
6334
6488
6488
6488
6643
6643
6643
6643
6797
6797
6797
6797
6797
6797
6797
6797
6797
6952
6952
6952
6952
6952
6952
6952
6952
6952
6952
6952
6952
6952
6952
6952
6179
6334
6334
6488
6488
6488
6643
6643
6643
6643
6797
6797
6797
6797
6797
6797
6797
6797
6797
6952
6952
6952
6952
6952
6952
6952
6952
6952
6952
6952
6952
6952
6952
6952
6179
6334
6334
6488
6488
6488
6643
6643
6643
6643
6797
6797
6797
6797
6797
6797
6797
6797
6797
6952
6952
6952
6952
6952
6952
6952
6952
6952
6952
6952
6952
6952
6952
6952
6952
6179
6334
6334
6488
6488
6488
6643
6643
6643
6643
6797
6797
6797
6797
6797
6797
6797
6797
6797
6952
6952
6952
6952
6952
6952
6952
6952
6952
6952
6952
6952
6952
6952
6952
6952
6952
6179
6334
6334
6488
6488
6488
6643
6643
6643
6643
6797
6797
6797
6797
6797
6797
6797
6797
6797
6952
6952
6952
6952
6952
6952
6952
6952
6952
6952
6952
6952
6952
6952
6952
6952
6952
6952
6179
6334
6334
6488
6488
6488
6643
6643
6643
6643
6797
6797
6797
6797
6797
6797
6797
6797
6797
6952
6952
6952
6952
6952
6952
6952
6952
6952
6952
6952
6952
6952
6952
6952
6952
6952
6952
6179
6334
6334
6488
6488
6488
6643
6643
6643
6643
6797
6797
6797
6797
6797
6797
6797
6797
6797
6952
6952
6952
6952
6952
6952
6952
6952
6952
6952
6952
6952
6952
6952
6952
6952
6952
6952
6952
6179
6334
6334
6488
6488
6488
6643
6643
6643
6643
6797
6797
6797
6797
6797
6797
6797
6797
6797
6797
6952
6952
6952
6952
6952
6952
6952
6952
6952
6952
6952
6952
6952
6952
6952
6952
6952
6952
6952
6179
6334
6334
6488
6488
6488
6643
6643
6643
6643
6797
6797
6797
6797
6797
6797
6797
6797
6797
6952
6952
6952
6952
6952
6952
6952
6952
6952
6952
6952
6952
6952
6952
6952
6952
6952
6952
6952
6952
6179
6334
6334
6488
6488
6488
6643
6643
6643
6643
6797
6797
6797
6797
6797
6797
6797
6797
6797
6952
6952
6952
6952
6952
6952
6952
6952
6952
6952
6952
6952
6952
6952
6952
6952
6952
6952
6949
6949
6949
6179
6334
6334
6488
6488
6488
6643
6643
6643
6643
6795
6797
6797
6797
6797
6797
6797
6797
6797
6797
6952
6952
6952
6952
6952
6952
6952
6952
6952
6952
6952
6952
6952
6952
6952
6952
6952
6952
6952
6952
6952
6179
6334
6334
6488
6488
6488
6643
6643
6643
6643
6797
6797
6797
6797
6797
6797
6797
6797
6797
6952
6952
6952
6952
6952
6952
6952
6952
6952
6952
6952
6952
6952
6952
6952
6952
6952
6952
6952
6952
6952
6952
6952
6179
6334
6334
6488
6488
6488
6643
6643
6643
6643
6797
6797
6797
6797
6797
6797
6797
6797
6797
6797
6952
6952
6952
6952
6952
6952
6952
6952
6952
6952
6952
6952
6952
6952
6952
6952
6952
6952
6952
6952
6952
6952
6179
6334
6334
6488
6488
6488
6643
6643
6643
6643
6797
6797
6797
6797
6797
6797
6797
6797
6797
6797
6952
6952
6952
6952
6952
6952
6952
6952
6952
6952
6952
6952
6952
6952
6952
6952
6952
6952
6952
6952
6952
6952
6952
6179
6334
6334
6488
6488
6488
6643
6643
6643
6643
6797
6797
6797
6797
6797
6797
6797
6797
6797
6797
6952
6952
6952
6952
6952
6952
6952
6952
6952
6952
6952
6952
6952
6952
6952
6952
6952
6952
6952
6952
6952
6952
6952
6952
6179
6334
6334
6488
6488
6488
6643
6643
6643
6643
6797
6797
6797
6797
6797
6797
6797
6797
6797
6797
6952
6952
6952
6952
6952
6952
6952
6952
6952
6952
6952
6952
6952
6952
6952
6952
6952
6952
6952
6952
6952
6952
6952
6952
6952
6179
6334
6334
6488
6488
6488
6643
6643
6643
6643
6797
6797
6797
6797
6797
6797
6797
6797
6797
6797
6952
6952
6952
6952
6952
6952
6952
6952
6952
6952
6952
6952
6952
6952
6952
6952
6952
6952
6952
6952
6952
6952
6952
6952
6952
6179
6334
6334
6488
6488
6488
6643
6643
6643
6643
6797
6797
6797
6797
6797
6797
6797
6797
6797
6952
6952
6952
6952
6952
6952
6952
6952
6952
6952
6952
6952
6952
6952
6952
6952
6952
6952
6952
6952
6952
6952
6952
6952
6952
6952
6952
6179
6334
6334
6488
6488
6488
6643
6643
6643
6643
6797
6797
6797
6797
6797
6797
6797
6797
6797
6797
6952
6952
6952
6952
6952
6952
6952
6952
6952
6952
6952
6952
6952
6952
6952
6952
6952
6952
6952
6952
6952
6952
6952
6952
6952
6952
6952
6179
6334
6334
6488
6488
6488
6643
6643
6643
6643
6797
6797
6797
6797
6797
6797
6797
6797
6797
6952
6952
6949
6952
6949
6952
6952
6952
6952
6952
6952
6952
6952
6952
6952
6952
6952
6952
6952
6952
6952
6952
6952
6952
6952
6952
6952
6952
7542
7846
8000
8308
8458
7542
7846
8154
8308
8458
7542
7846
8154
8308
8612
7696
7846
8154
8308
8612
7696
8000
8154
8304
8612
7696
8000
8154
8458
8612
7692
8000
8154
8458
8612
7692
8000
8308
8458
8612
7849
8000
8308
8462
8612
7849
8000
8150
8458
8608
8762
7689
7997
8147
8301
8608
8762
7692
7997
8150
8458
8608
8762
7846
8000
8304
8458
8612
8762
7846
8154
8304
8458
8612
8766
7846
8154
8308
8458
8612
8766
7846
8154
8308
8458
8612
8766
7846
8154
8308
8458
8766
8766
8000
8154
8308
8612
8766
8766
8000
8154
8308
8612
8766
8919
8000
8154
8462
8612
8766
8919
8007
8315
8465
8773
8927
8007
8315
8465
8773
8927
8007
8315
8619
8773
8927
8007
8311
8619
8773
9077
8161
8311
8619
8769
9077
8157
8465
8619
8769
9077
8157
8465
8619
8923
9077
9231
8161
8465
8619
8927
9077
9231
8161
8465
8619
8927
9077
9231
8161
8465
8773
8927
9077
9231
8315
8465
8773
8927
9077
9231
8311
8465
8773
8923
9077
9231
8311
8619
8769
8923
9077
9231
8311
8619
8769
8923
9231
9385
8311
8619
8773
9077
9231
9385
8311
8619
8773
9077
9231
9385
8311
8619
8773
9077
9231
9385
9539
8465
8619
8773
9077
9231
9385
9539
8465
8619
8927
9077
9231
9385
9535
8465
8619
8923
9077
9231
9385
9535
