8150
8304
8608
8762
9069
8000
8304
8612
8766
8919
8154
8462
8612
8919
9073
8154
8462
8612
8919
9073
8308
8462
8766
8919
9073
8308
8458
8766
8919
9069
8308
8612
8766
8919
9069
9223
8308
8612
8766
8919
9223
9377
8308
8612
8766
9073
9223
9377
8308
8612
8766
9073
9223
9377
8304
8612
8766
9073
9223
9377
8458
8612
8919
9069
9223
9377
8458
8612
8919
9069
9223
9377
8458
8612
8919
9069
9223
9377
8458
8612
8919
9069
9223
9377
8458
8766
8919
9069
9223
9377
8458
8766
8919
9073
9223
9377
9531
8462
8766
8919
9073
9223
9377
9531
8615
8766
8919
9073
9223
9377
9531
8612
8766
8919
9069
9223
9377
9531
