7686
7836
8144
8297
8605
7686
7993
8147
8451
8605
7689
7993
8301
8455
8605
7843
7993
8301
8455
8605
7843
8147
8301
8455
8605
7843
8147
8301
8455
8762
7843
8147
8301
8455
8762
7843
8147
8301
8608
8758
7997
8147
8301
8608
8762
7843
8147
8301
8455
8762
8758
7843
8150
8301
8455
8762
8758
7843
8147
8301
8608
8758
8912
7997
8147
8455
8605
8758
8912
7993
8301
8455
8605
8758
8912
7993
8301
8455
8605
8758
8912
7993
8301
8455
8605
8758
8912
7993
8301
8455
8605
8758
8912
7993
8301
8451
8605
8758
8912
8147
8301
8455
8605
8758
8912
8147
8301
8455
8605
8758
8912
6329
6329
6483
6483
6483
6637
6637
6637
6637
6792
6792
6792
6792
6792
6792
6792
6792
6792
6946
6946
6946
6946
6946
6946
6946
6946
6946
6946
6946
6946
6946
6946
6946
6946
6331
6331
6486
6486
6486
6640
6640
6637
6637
6792
6792
6795
6795
6792
6792
6792
6792
6792
6946
6946
6946
6946
6946
6946
6946
6946
6946
6946
6946
6946
6946
6946
6946
6946
6177
6331
6331
6486
6486
6640
6640
6640
6637
6792
6792
6792
6792
6792
6792
6792
6792
6792
6946
6946
6946
6946
6946
6946
6946
6946
6946
6946
6946
6946
6946
6946
6946
6946
6946
6329
6329
6483
6483
6483
6637
6637
6637
6637
6792
6792
6792
6792
6792
6792
6792
6792
6792
6946
6946
6946
6946
6946
6946
6946
6946
6946
6946
6946
6946
6946
6946
6946
6946
6946
6946
6331
6331
6486
6486
6486
6637
6637
6640
6637
6792
6795
6795
6792
6792
6792
6795
6795
6792
6946
6946
6946
6946
6946
6946
6946
6946
6946
6946
6946
6946
6946
6946
6946
6946
6946
6946
6946
6331
6331
6486
6486
6486
6640
6637
6637
6640
6792
6795
6792
6795
6792
6795
6792
6792
6792
6946
6946
6946
6946
6946
6946
6946
6946
6946
6946
6946
6946
6946
6946
6946
6946
6946
6946
6946
6329
6329
6483
6483
6483
6637
6637
6637
6637
6792
6792
6792
6792
6792
6792
6792
6792
6792
6946
6946
6946
6946
6946
6946
6946
6946
6946
6946
6946
6946
6946
6946
6946
6946
6946
6946
6946
6946
6331
6331
6486
6483
6483
6637
6637
6637
6637
6792
6792
6792
6792
6792
6792
6792
6792
6792
6946
6946
6946
6946
6946
6946
6946
6946
6946
6946
6946
6946
6946
6946
6946
6946
6946
6946
6946
6946
6946
6331
6331
6486
6486
6483
6637
6637
6637
6637
6792
6792
6792
6792
6792
6792
6792
6792
6792
6946
6946
6946
6946
6946
6946
6946
6946
6946
6946
6946
6946
6946
6946
6946
6946
6946
6946
6946
6946
6946
6946
6329
6329
6483
6483
6483
6637
6637
6637
6637
6792
6789
6783
6778
6775
6769
6920
6917
6914
6912
6909
6909
6906
6903
6903
6903
6900
6900
6900
6900
6897
6897
6897
6897
6897
6897
6894
6894
6894
6894
6894
4448
4755
4909
5215
5367
5673
5827
5980
5980
6131
6284
6284
6437
6437
6591
6591
6588
6741
6741
6741
6741
6741
6894
6894
6894
6894
6894
6894
6894
6894
6894
6894
6894
6894
6894
6894
6894
6894
6894
6894
6894
6133
6287
6287
6437
6437
6591
6591
6591
6744
6744
6741
6741
6741
6894
6894
6894
6894
6894
6894
6894
6894
6894
6894
6894
6894
6894
6894
6894
6894
6894
6894
6894
6894
6894
6894
6894
6897
7050
6897
7050
7050
3991
3993
4452
4757
4911
5215
5369
5673
5827
5980
5980
6131
6284
6284
6437
6435
6588
6593
6599
6604
6761
6766
6769
6772
6775
6778
6780
6937
6937
6940
6940
6943
6943
6943
6946
6946
6946
6946
6949
6949
6949
6949
462
616
770
1539
2153
2614
3228
3687
3993
4454
4759
4913
5218
5371
5676
5829
5980
5980
6133
6287
6287
6440
6440
6591
6591
6593
6744
6744
6744
6744
6744
6744
6897
6897
6897
6897
6894
6894
6894
6894
6894
6897
6897
6894
4295
4604
4913
5066
5373
5524
5678
5829
5982
6136
6133
6287
6440
6437
6591
6591
6591
6744
6744
6744
6744
6744
6741
6894
6894
6894
6894
6894
6894
6894
6894
6894
6894
6894
6894
6894
6894
6894
6894
6894
6894
6894
7047
461
615
923
1693
2308
2769
3383
3689
4148
4454
4761
5066
5220
5524
5678
5831
5982
6136
6136
6289
6287
6440
6440
6593
6593
6593
6747
6747
6747
6747
6747
6747
6900
6900
6900
6900
6900
6900
6900
6900
6900
6900
6900
6900
6900
4450
4759
4913
5220
5373
5524
5678
5831
5982
6136
6289
6289
6443
6443
6593
6593
6593
6747
6747
6747
6747
6747
6747
6900
6900
6900
6900
6900
6900
6900
6900
6900
6900
6900
6900
6900
6900
6897
6897
6897
6897
6897
6897
7050
7050
5524
5678
5829
5982
6136
6287
6287
6440
6440
6593
6593
6593
6747
6747
6747
6747
6747
6747
6897
6897
6897
6900
6897
6897
6900
6906
6912
6914
6920
6923
6926
6929
6932
6935
6937
6937
6940
6940
6943
6943
6943
6946
6946
6946
6946
6949
6177
6331
6331
6486
6486
6640
6640
6643
6643
6797
6797
6797
6797
6797
6797
6797
6797
6952
6952
6952
6952
6952
6952
6952
6952
6952
6952
6952
6952
6952
6952
6952
6952
6952
6952
6952
6952
6952
6952
6952
6952
6952
6952
6952
6952
6952
6952
6179
6334
6334
6488
6488
6643
6643
6643
6643
6797
6797
6797
6797
6797
6797
6797
6797
6952
6952
6952
6952
6952
6952
6952
6952
6952
6952
6952
6952
6952
6952
6952
6952
6952
6952
6952
6952
6952
6952
6952
6952
6952
6952
6952
6952
6952
6952
