6017
6174
6329
6329
6483
6483
6483
6637
6635
6629
6624
6775
6772
6766
6764
6764
6761
6758
6912
6909
6906
6906
6906
6903
6903
6903
6900
6900
6900
6900
6900
6900
6900
5220
5524
5678
5829
5982
5982
6133
6287
6287
6440
6440
6440
6593
6593
6591
6747
6744
6744
6744
6744
6744
6744
6897
6897
6897
6897
6897
6897
6897
6897
6897
6897
6897
6897
4759
5064
5218
5522
5676
5829
5982
5980
6136
6289
6287
6440
6440
6593
6591
6591
6591
6744
6744
6744
6744
6744
6744
6897
6897
6897
6897
6897
6897
6897
6897
6897
6897
6897
4143
4450
4757
5066
5220
5373
5678
5831
5982
5982
6136
6287
6289
6443
6443
6593
6593
6593
6593
6744
6747
6744
6744
6744
6744
6897
6897
6897
6897
6897
6897
6897
6897
6897
6897
5064
5371
5524
5678
5829
5982
6136
6133
6287
6287
6440
6440
6593
6593
6593
6747
6747
6744
6744
6747
6755
6758
6764
6920
6926
6929
6932
6932
6935
6937
6937
6940
6940
6943
6943
6943
1229
1997
2611
3072
3531
3991
4297
4604
4911
5064
5369
5522
5676
5829
5982
6136
6133
6287
6287
6440
6440
6593
6593
6593
6747
6747
6747
6747
6747
6747
6747
6900
6900
6900
6900
6900
6900
4911
5218
5373
5527
5678
5831
5985
6138
6136
6289
6443
6443
6443
6596
6596
6596
6749
6749
6749
6747
6747
6747
6747
6900
6900
6900
6900
6900
6900
6900
6900
6900
6900
6900
6900
6900
6900
4299
4604
4913
5066
5371
5524
5678
5831
5982
6136
6136
6289
6289
6443
6440
6593
6593
6593
6747
6747
6747
6747
6747
6747
6747
6900
6900
6900
6900
6900
6900
6900
6900
6900
6906
6912
6917
6920
6313
6315
6472
6472
6475
6632
6632
6635
6635
6789
6792
6792
6792
6792
6792
6795
6795
6795
6795
6795
6949
6949
6949
6949
6952
6952
6952
6952
6952
6952
6952
6952
6952
6952
6952
6952
6952
6952
6952
6179
6334
6334
6488
6488
6488
6643
6643
6643
6643
6797
6797
6797
6797
6797
6797
6797
6797
6797
6797
6952
6952
6952
6952
6952
6952
6952
6952
6952
6952
6952
6952
6952
6952
6952
6952
6952
6952
6952
6952
6334
6334
6488
6488
6488
6643
6643
6643
6643
6643
6797
6797
6797
6797
6795
6795
6795
6792
6792
6946
6946
6946
6946
6946
6949
6949
6949
6949
6949
6949
6949
6949
6949
6949
6949
6949
6949
6949
6949
6949
6949
6334
6334
6488
6488
6488
6643
6643
6643
6643
6797
6797
6797
6797
6797
6797
6797
6797
6797
6797
6797
6952
6952
6952
6952
6952
6952
6952
6952
6952
6952
6952
6952
6952
6952
6952
6952
6952
6952
6952
6952
6952
6179
6334
6334
6488
6488
6488
6643
6643
6643
6643
6797
6797
6797
6797
6797
6797
6797
6797
6797
6797
6952
6952
6952
6952
6952
6952
6952
6952
6952
6952
6952
6952
6952
6952
6952
6952
6952
6952
6952
6952
6952
6952
6334
6334
6488
6488
6488
6643
6643
6643
6643
6643
6797
6797
6797
6797
6797
6797
6797
6797
6797
6797
6797
6952
6952
6952
6952
6952
6952
6952
6952
6952
6952
6952
6952
6952
6952
6952
6952
6952
6952
6952
6952
6952
6952
6334
6334
6488
6488
6488
6643
6643
6643
6643
6643
6797
6797
6797
6797
6797
6797
6797
6797
6797
6797
6797
6952
6952
6952
6952
6952
6952
6952
6952
6952
6952
6952
6952
6952
6952
6952
6952
6952
6952
6952
6952
6952
6952
6179
6334
6334
6488
6488
6488
6643
6643
6643
6643
6797
6797
6797
6797
6797
6797
6797
6797
6797
6797
6797
6952
6952
6952
6952
6952
6952
6952
6952
6952
6952
6952
6952
6952
6952
6952
6952
6952
6952
6952
6952
6952
6952
6952
6179
6334
6334
6488
6488
6488
6643
6643
6643
6643
6797
6797
6797
6797
6797
6797
6797
6797
6797
6797
6797
6952
6952
6952
6952
6952
6952
6952
6952
6952
6952
6952
6952
6952
6952
6952
6952
6952
6952
6952
6952
6952
6952
6952
6952
6334
6334
6488
6488
6488
6643
6643
6643
6643
6643
6797
6797
6797
6797
6797
6797
6797
6797
6797
6797
6797
6797
6952
6952
6952
6952
6952
6952
6952
6952
6952
6952
6952
6952
6952
6952
6952
6952
6952
6952
6952
6952
6952
6952
6952
6952
6334
6334
6334
6488
6488
6643
6643
6643
6643
6643
6797
6797
6797
6797
6797
6797
6797
6797
6797
6797
6797
6952
6952
6952
6952
6952
6952
6952
6952
6952
6952
6952
6952
6952
6952
6952
6952
6952
6952
6952
6952
6952
6952
6952
6952
6952
6334
6334
6334
6488
6488
6643
6643
6643
6643
6643
6797
6797
6797
6797
6797
6797
6797
6797
6797
6797
6797
6952
6952
6952
6952
6952
6952
6952
6952
6952
6952
6952
6952
6952
6952
6952
6952
6952
6952
6952
6952
6952
6952
6952
6952
6952
6952
7696
7846
8154
8308
8458
7696
8000
8308
8458
7696
8000
8308
8458
8612
7846
8154
8308
8458
8612
7846
8154
8308
8458
8766
7846
8154
8308
8612
8766
7846
8154
8308
8458
8766
7849
8154
8308
8458
8612
8000
8154
8462
8612
8766
8000
8154
8462
8612
8766
7846
8154
8308
8458
8612
8766
8000
8154
8458
8612
8766
8000
8154
8458
8612
8766
8000
8154
8458
8612
8766
8916
8000
8308
8458
8612
8766
8916
8000
8304
8458
8612
8766
8916
8000
8304
8458
8612
8766
8919
8000
8308
8458
8612
8766
8919
8154
8308
8458
8612
8766
8919
8154
8308
8458
8612
8766
8919
7249
7403
7554
7708
7708
7862
7862
8017
8017
7249
7403
7554
7708
7708
7862
7862
8017
8017
7249
7403
7554
7708
7708
7862
7862
8017
8017
7249
7403
7554
7708
7708
7862
7862
8017
8017
7249
7403
7554
7708
7708
7862
7862
8017
8017
7249
7403
7554
7708
7708
7862
7862
8017
8017
8171
7249
7403
7554
7708
7708
7862
7862
8017
8017
8171
7403
7554
7554
7708
7862
7862
8017
8017
8017
8171
7246
7400
7554
7708
7708
7862
7862
8017
8017
8171
7400
7400
7554
7708
7708
7862
8017
8017
8017
8171
8171
7403
7554
7554
7708
7862
7862
8017
8017
8017
8171
8171
7403
7554
7554
7708
7862
7862
8017
8017
8017
8171
8171
7403
7554
7554
7708
7862
7862
8017
8017
8017
8171
8171
7403
7403
7554
7708
7862
7862
8017
8017
8017
8171
8171
7403
7554
7554
7708
7862
7862
8017
8017
8017
8171
8171
8171
7403
7554
7708
7708
7862
7862
8017
8017
8171
8171
8171
7403
7554
7554
7708
7862
7862
8017
8017
8017
8171
8171
8171
7403
7554
7554
7708
7862
7862
8017
8017
8017
8171
8167
8167
7400
7554
7708
7708
7862
7862
8017
8017
8171
8171
8171
8171
7400
7554
7708
7705
7859
7859
8010
8010
8164
8164
8164
8164
8322
