7993
8301
8455
8762
8916
8150
8304
8612
8762
9069
8154
8458
8612
8919
9073
8154
8462
8766
8919
9073
8308
8462
8766
8919
9073
8308
8462
8766
8919
9073
8308
8615
8766
8919
9227
9377
8308
8612
8766
8919
9227
9377
8308
8615
8766
9073
9227
9377
8308
8615
8766
9073
9227
9377
8462
8615
8919
9073
9227
9377
8462
8612
8919
9073
9223
9377
8458
8612
8919
9069
9223
9377
8458
8766
8919
9069
9223
9377
8458
8766
8919
9069
9223
9377
8458
8766
8919
9069
9223
9377
8458
8766
8919
9069
9223
9377
9531
8458
8766
8919
9073
9223
9377
9531
8615
8766
8919
9073
9223
9377
9531
8615
8766
8919
9227
9377
9377
9531
7689
7993
8147
8301
8605
7689
7993
8147
8455
8605
7689
7993
8301
8455
8605
7843
7993
8301
8455
8605
7843
7993
8301
8455
8605
7843
8147
8301
8455
8605
7843
8147
8301
8455
8758
7843
8147
8301
8608
8758
7997
8147
8301
8608
8758
7997
8147
8301
8608
8762
8912
7997
8150
8301
8608
8762
8912
7997
8150
8455
8608
8762
8912
7997
8147
8455
8608
8758
8912
7997
8301
8455
8608
8758
8912
7997
8301
8455
8608
8758
8912
7997
8147
7993
7836
7680
7526
7372
7216
7216
7062
7059
7059
4606
4913
5220
5373
5527
5678
5831
5831
5985
5985
6138
6136
4452
4606
4911
5064
5524
5834
5985
5985
6138
6138
6138
6289
4761
5066
5220
5371
5524
5678
5831
5831
5982
5982
6136
6136
6289
6289
4297
4757
5218
5371
5524
5678
5831
5829
5982
5982
6136
6136
6136
6637
6792
6946
6946
7100
7100
7255
7255
7255
7406
7406
7406
7406
7554
7548
4617
4925
5233
5538
5844
5995
6146
6451
6604
6602
6755
6909
7059
7059
7210
4761
5068
5373
5680
5831
6138
6292
6445
6596
6749
6903
6903
7056
7056
7210
5066
5373
5680
5831
6138
6292
6443
6596
6749
6903
6903
7056
7053
7207
7207
4913
5222
5527
5834
5985
6138
6445
6596
6596
6749
6903
7056
7056
7210
7207
7207
4913
5222
5527
5680
5985
6138
6292
6596
6596
6749
6903
7056
7056
7210
7210
7210
4759
5068
5373
5680
5831
6138
6292
6445
6596
6749
6903
6903
7062
7065
7222
7228
462
616
925
1079
1234
1543
2158
2928
3387
4001
4461
4767
5073
5378
5685
5990
6144
6294
6448
4763
5070
5376
5683
5834
6141
6294
6445
6599
6752
6909
6912
7062
7062
7213
7213
7366
5683
5987
6141
6294
6445
6599
6755
6909
6909
7059
7059
7213
7213
7363
7363
7363
7363
5683
5836
6144
6297
6448
6602
6755
6906
6906
7059
7059
7213
7213
7363
7363
7363
7363
5680
5987
6141
6294
6445
6599
6752
6906
6906
7056
7062
7216
7216
7369
7366
7366
7366
7520
5683
5836
6141
6294
6448
6602
6758
6912
6909
7062
7062
7213
7213
7366
7366
7366
7366
7516
5529
5839
5992
6144
6451
6602
6755
6755
6909
7059
7059
7213
7213
7213
7363
7363
7363
7516
5683
5834
6141
6294
6445
6599
6752
6906
6906
7059
7056
7213
7216
7369
7369
7366
7366
7520
7520
5529
5836
5987
6294
6448
6599
6752
6752
6906
7062
7059
7213
7213
7213
7366
7366
7363
7516
7516
5680
5834
6141
6292
6448
6604
6755
6909
6909
7059
7059
7213
7213
7363
7363
7363
7363
7516
7516
6141
6294
6602
6602
6755
6906
7059
7059
7213
7213
7210
7363
7363
7363
7516
7516
7516
7516
7516
7516
5529
5834
5987
6294
6445
6599
6752
6752
6906
7059
7056
7210
7216
7216
7369
7366
7366
7520
7520
7520
5683
5834
6141
6294
6448
6599
6752
6906
6909
7065
7062
7216
7216
7366
7366
7366
7366
7516
7516
7516
