462
616
770
1539
2308
3077
3692
4307
4767
5226
4304
4609
5070
5529
5834
6138
6445
6749
6903
6144
6448
6755
6906
7056
7363
7363
7513
7667
5831
6138
6445
6599
6906
7059
7210
7363
7513
7667
5680
5985
6292
6596
6749
7056
7213
7366
7516
7670
5529
5987
6292
6599
6749
6903
7210
7360
7513
7520
5683
5987
6294
6599
6906
7056
7210
7363
7513
7667
6138
6448
6755
6906
7056
7210
7363
7513
7667
7820
5680
5985
6289
6599
6755
7059
7210
7363
7516
7667
7667
5834
6138
6443
6596
6903
7053
7207
7363
7516
7670
7823
5680
5987
6292
6599
6749
7056
7210
7360
7513
7667
7670
6758
7062
7216
7366
7516
7670
7670
7820
7820
7973
7970
5220
5527
5836
6146
6451
6758
6909
7059
7213
7363
7516
5527
5987
6292
6445
6749
6903
7213
7366
7520
7516
7670
5680
5987
6292
6599
6749
7056
7210
7360
7513
7670
7670
7823
5834
6141
6445
6599
6903
7056
7207
7360
7513
7667
7820
7817
6906
7059
7210
7363
7516
7667
7820
7820
7973
7970
8123
8123
6138
6443
6596
6903
7059
7213
7366
7516
7670
7820
7820
7973
4915
5068
5373
5680
5985
6294
6604
6758
7065
7219
7369
7520
7673
5529
5987
6294
6445
6752
6903
7210
7363
7513
7667
7670
7827
7823
7542
7846
8154
8308
8458
7542
7846
8154
8308
8612
7696
7692
8000
8154
8458
7542
7846
8154
8304
8458
7692
7846
8154
8304
8612
7692
8000
8154
8458
8612
7696
8000
8308
8458
8612
7696
8000
8308
8458
8612
7849
8000
8308
8458
8612
7849
8000
8308
8462
8612
8766
7849
8000
8308
8462
8612
8766
7849
8000
8308
8462
8612
8766
7849
8154
8308
8458
8766
8919
7846
8154
8308
8612
8766
8919
8000
8154
8308
8612
8766
8919
8000
8154
8308
8612
8766
8919
8000
8154
8462
8612
8766
8919
8000
8154
8462
8612
8766
8919
8000
8154
8462
8612
8766
8919
8608
6149
6300
6297
6297
6448
6448
6599
6599
6596
6749
6749
6747
6637
6792
6946
6946
7100
7100
7255
7252
7252
7406
7406
7406
7406
7560
7560
6637
6792
6946
6946
7100
7100
7255
7255
7255
7406
7406
7406
7406
7560
7560
6637
6792
6946
6946
7100
7100
7255
7255
7252
7406
7406
7406
7406
7560
7560
6792
6792
6943
6943
7097
7097
7252
7252
7252
7406
7406
7406
7406
7560
7560
6792
6792
6946
6946
7100
7100
7255
7252
7252
7406
7406
7406
7406
7560
7560
7560
6792
6792
6946
6946
7100
7100
7255
7255
7255
7406
7406
7406
7406
7560
7560
7560
6792
6792
6946
6946
7100
7100
7255
7255
7255
7406
7406
7406
7406
7560
7560
7560
6792
6792
6946
7100
7100
7255
7255
7255
7409
7406
7406
7406
7406
7560
7560
7560
7560
6792
6792
6946
7100
7100
7255
7255
7252
7406
7406
7406
7406
7406
7560
7560
7560
7560
6792
6789
6943
7097
7097
7252
7252
7252
7406
7406
7406
7406
7406
7560
7560
7560
7560
6792
6789
6943
7097
7097
7252
7252
7252
7406
7406
7406
7406
7406
7560
7560
7560
7560
7560
6792
6792
6946
7100
7100
7255
7255
7252
7406
7406
7406
7406
7406
7560
7560
7560
7560
7560
6792
6792
6946
7100
7100
7255
7255
7255
7409
7406
7406
7406
7406
7560
7560
7560
7560
7560
6792
6792
6946
7100
7100
7255
7255
7255
7409
7406
7406
7406
7406
7560
7560
7560
7560
7560
6792
6946
6946
7100
7100
7255
7255
7255
7406
7406
7406
7406
7406
7560
7560
7560
7560
7560
7560
6792
6946
6946
7100
7100
7255
7255
7255
7406
7406
7406
7406
7406
7560
7560
7560
7560
7560
7560
6792
6946
6943
7097
7097
7252
7252
7252
7406
7406
7406
7406
7557
7557
7557
7557
7557
7557
7557
6789
6943
6943
7097
7097
7252
7252
7252
7406
7406
7406
7406
7406
7560
7560
7560
7560
7560
7560
7560
6792
6946
6946
7097
7097
7252
7252
7252
7406
7406
7406
7406
7406
7560
7560
7560
7560
7560
7560
7560
6792
6946
6946
7100
7100
7255
7255
7252
7406
7406
7406
7406
7406
7560
7560
7560
7560
7560
7560
7560
8007
8311
8465
8773
8923
8007
8311
8619
8773
8923
8007
8311
8619
8773
9077
8161
8311
8619
8773
9077
8161
8465
8619
8927
9077
8161
8465
8619
8927
9077
8161
8465
8619
8927
9077
9231
8161
8465
8773
8927
9077
9231
8315
8465
8773
8927
9077
9231
8315
8465
8773
8927
9077
9231
8315
8465
8773
8927
9077
9231
8315
8619
8773
8923
9077
9227
8311
8615
8769
8923
9077
9227
8311
8619
8769
8923
9231
9385
8311
8619
8769
8923
9231
9385
8311
8619
8769
9077
9231
9385
8465
8619
8769
9077
9231
9385
9539
8465
8619
8927
9077
9231
9385
9539
8465
8619
8927
9077
9231
9385
9539
8465
8619
8927
9077
9231
9385
9539
