6629
6783
6937
6937
7092
7092
7246
7246
7246
7400
7400
7400
7400
7554
7554
6632
6786
6940
6940
7095
7095
7249
7249
7249
7403
7403
7403
7403
7403
7557
6632
6786
6940
6940
7095
7095
7249
7249
7249
7403
7403
7403
7403
7403
7557
6632
6786
6940
6935
7086
7080
7231
7228
7378
7378
7375
7375
7526
7523
7523
6144
6294
6448
6599
6752
6906
6903
7056
7056
7210
7210
7360
7360
7360
7360
6599
6599
6752
6903
7056
7056
7210
7207
7210
7360
7360
7360
7360
7513
7513
7513
6599
6602
6761
6917
6920
7077
7080
7234
7237
7240
7394
7397
7397
7397
7554
7554
6786
6786
6940
6940
7095
7095
7249
7249
7403
7406
7406
7406
7406
7560
7560
7560
7560
6792
6789
6943
7097
7097
7252
7252
7252
7406
7406
7406
7406
7406
7560
7560
7560
7560
6792
6792
6946
7100
7100
7255
7255
7252
7406
7406
7406
7406
7406
7560
7560
7560
7560
6792
6792
6946
7100
7100
7255
7255
7255
7409
7406
7406
7406
7406
7560
7560
7560
7560
7560
6792
6792
6946
7100
7100
7255
7255
7255
7409
7406
7406
7406
7406
7560
7560
7560
7560
7560
6792
6792
6946
7100
7100
7255
7255
7255
7409
7406
7406
7406
7406
7560
7560
7560
7560
7560
6792
6946
6946
7100
7100
7252
7252
7252
7406
7406
7406
7406
7406
7560
7560
7560
7560
7560
6792
6789
6943
7097
7097
7252
7252
7252
7406
7406
7406
7406
7406
7560
7560
7560
7560
7560
7560
6792
6946
6946
7100
7100
7255
7255
7255
7406
7406
7406
7406
7406
7560
7560
7560
7560
7560
7560
6792
6792
6946
7100
7100
7255
7255
7255
7406
7406
7406
7406
7406
7560
7560
7560
7560
7560
7560
6792
6946
6946
7100
7100
7255
7255
7255
7406
7406
7406
7406
7406
7560
7560
7560
7560
7560
7560
7560
6792
6946
6946
7100
7100
7252
7252
7252
7406
7406
7406
7406
7406
7560
7560
7560
7560
7560
7560
7560
6789
6943
6943
7097
7097
7252
7252
7252
7406
7406
7406
7406
7560
7560
7560
7557
7551
7548
7545
7542
7542
7692
8000
8308
8458
7542
7846
8154
8308
8458
7542
7846
8154
8308
8612
7696
8000
8154
8462
8612
7696
8000
8154
8462
8612
7696
8000
8154
8462
8612
7696
8000
8308
8462
8612
7849
8000
8308
8462
8612
7849
8000
8308
8462
8612
7849
8000
8154
8308
8458
8612
7696
8000
8154
8462
8612
8766
7849
8000
8308
8458
8612
8766
7846
8154
8308
8458
8612
8766
7846
8154
8304
8458
8612
8766
7846
8154
8304
8458
8612
8766
7846
8154
8304
8458
8766
8916
8000
8154
8304
8612
8766
8916
8000
8154
8458
8612
8766
8919
8000
8154
8458
8612
8766
8919
8000
8154
8462
8612
8766
8919
7853
8157
8465
8619
8923
8007
8311
8465
8773
8923
8007
8311
8619
8769
8923
8007
8311
8619
8773
8923
8161
8311
8619
8773
9077
8161
8465
8619
8927
9077
8161
8465
8619
8927
9077
9231
8161
8465
8619
8927
9077
9231
8161
8465
8773
8927
9077
9231
8315
8465
8773
8927
9077
9231
8315
8465
8773
8927
9077
9231
8315
8465
8773
8927
9077
9231
8315
8619
8773
8927
9231
9385
8315
8619
8773
8927
9231
9385
8311
8619
8773
9077
9231
9385
8311
8619
8773
9077
9231
9385
8311
8619
8773
9077
9231
9385
9539
8465
8619
8927
9077
9231
9385
9539
8465
8619
8923
9077
9231
9385
9535
8465
8619
8923
9077
9231
9385
9535
