462
770
1231
2000
2923
3692
4459
4154
4767
5073
5378
5531
5836
5987
6141
6292
4761
5068
5373
5527
5831
5985
6136
6599
6144
6294
6448
6599
6599
6749
6903
6903
6903
5373
5678
5831
5982
6136
6289
6749
7056
5222
5527
5680
5985
6138
6292
6443
6596
6596
6749
5066
5373
5834
6292
6445
6599
6596
6749
6903
5220
5527
5831
5985
6138
6289
6443
6596
6596
6749
461
615
923
1692
2615
3229
3689
4150
4456
4761
5068
3534
3687
4148
4454
4761
5066
5220
5527
5678
5831
5985
6138
5376
5680
5834
5987
5985
6138
6292
6292
6445
6445
6596
6596
5987
6141
6141
6294
6445
6445
6599
6599
6599
6749
6749
6749
5836
5990
5990
6141
6294
6294
6445
6445
6599
6599
6752
6752
6752
5531
5685
5839
5990
6144
6294
6294
6448
6445
6599
6599
6599
6752
5839
6453
6914
7222
7683
7990
7382
7689
7997
8304
8612
8766
8000
8154
8462
8769
8919
9073
8157
8465
8462
8304
8147
7993
7836
7833
7680
7680
7523
7523
6144
6144
6297
6294
6448
6448
6602
6599
6599
6752
6752
6752
6749
6903
4452
4606
4913
5066
5220
5527
5987
6294
6294
6445
6445
6599
6599
6789
6789
6943
6943
7097
7097
7252
7252
7252
7406
7406
7406
7406
7560
7560
6635
6789
6943
6943
7097
7097
7252
7252
7252
7406
7406
7406
7406
7560
7560
6637
6789
6943
6943
7097
7097
7246
7240
7388
7382
7378
7375
7529
7526
7523
5066
5371
5676
5982
6133
6284
6437
6591
6744
6894
6894
7047
7201
7198
7198
5982
6136
6287
6440
6591
6744
6897
7047
7047
7201
7201
7198
7351
7351
7351
7504
5829
5980
6287
6437
6591
6744
6894
6894
7047
7047
7198
7198
7351
7351
7351
7351
6284
6443
6602
6758
6914
6917
7074
7077
7234
7237
7237
7394
7394
7397
7397
7551
6632
6783
6935
6929
7080
7077
7225
7222
7372
7369
7369
7366
7520
7516
7516
7513
4911
5218
5524
5829
5980
6287
6437
6591
6741
6741
6894
7047
7047
7198
7198
7351
7351
5977
6131
6284
6435
6588
6741
6891
7044
7044
7198
7198
7198
7351
7348
7348
7501
7501
6131
6284
6435
6588
6741
6894
7044
7044
7198
7198
7198
7351
7351
7348
7501
7501
7501
5977
6131
6435
6588
6741
6738
6891
7044
7044
7198
7198
7351
7348
7348
7348
7501
7501
7501
5977
6131
6281
6435
6588
6738
6891
7044
7044
7198
7198
7195
7348
7348
7348
7501
7501
7501
5824
6136
6292
6451
6607
6764
6766
6923
7080
7083
7240
7240
7243
7397
7397
7400
7400
7554
6786
6786
6940
6940
7095
7095
7252
7252
7406
7406
7406
7406
7560
7560
7560
7560
7560
7560
7560
6792
6943
6943
7097
7097
7252
7252
7252
7406
7406
7406
7406
7560
7560
7560
7560
7560
7560
7560
6792
6946
6946
7100
7100
7255
7255
7255
7406
7406
7406
7406
7560
7560
7560
7560
7560
7560
7560
6792
6946
6946
7100
7100
7255
7255
7255
7409
7406
7406
7406
7560
7560
7560
7560
7560
7560
7560
7560
6792
6946
6946
7100
7100
7255
7255
7255
7409
7406
7406
7406
7560
7560
7560
7560
7560
7560
7560
7560
6792
6946
6946
7100
7100
7255
7255
7255
7409
7406
7406
7406
7560
7560
7560
7560
7560
7560
7560
7560
