6626
6626
6780
6935
6935
7089
7092
7246
7246
7246
7400
7400
7400
7400
7554
6632
6786
6940
6937
7092
7092
7246
7246
7246
7400
7400
7400
7400
7400
7554
6632
6786
6786
6940
7095
7095
7249
7249
7249
7403
7403
7403
7403
7403
7557
6632
6786
6940
6940
7095
7095
7249
7249
7249
7403
7403
7403
7403
7557
7557
6786
6786
6940
6940
7095
7095
7249
7249
7249
7403
7403
7403
7403
7557
7557
7557
6632
6786
6940
6940
7095
7095
7249
7249
7249
7403
7403
7403
7403
7554
7554
7554
6632
6786
6940
6940
7095
7095
7249
7246
7246
7400
7400
7400
7400
7554
7554
7554
6632
6786
6940
6940
7095
7092
7246
7246
7246
7400
7400
7400
7400
7554
7554
7554
7554
6632
6786
6940
6940
7095
7095
7246
7246
7246
7400
7400
7400
7400
7554
7554
7554
7554
6786
6940
6940
7095
7095
7249
7249
7249
7403
7403
7403
7403
7403
7557
7557
7557
7557
6632
6786
6940
6940
7095
7095
7249
7249
7249
7403
7403
7403
7403
7557
7557
7557
7557
7557
6786
6940
6940
7095
7095
7249
7249
7249
7403
7403
7403
7403
7403
7557
7557
7557
7557
7557
6786
6786
6940
6940
7095
7095
7249
7249
7249
7400
7400
7400
7400
7554
7554
7554
7554
7554
6786
6940
6940
7095
7095
7246
7246
7246
7400
7400
7400
7400
7400
7554
7554
7554
7554
7554
7554
6786
6786
6940
6940
7095
7095
7249
7249
7249
7403
7403
7403
7403
7557
7557
7557
7557
7557
7557
6632
6786
6940
6940
7095
7095
7249
7249
7249
7403
7403
7403
7403
7557
7557
7557
7557
7557
7557
6786
6786
6940
6940
7095
7095
7249
7249
7249
7403
7403
7403
7403
7557
7557
7557
7557
7557
7557
6632
6786
6940
6940
7095
7095
7249
7249
7249
7403
7403
7403
7403
7403
7557
7557
7557
7557
7557
7557
6786
6786
6940
6940
7095
7095
7249
7249
7403
7400
7400
7400
7400
7554
7548
7545
7542
7538
7535
7532
6459
6610
6761
6912
6912
7062
7062
7213
7213
7366
7366
7363
7363
7516
7516
7516
7513
7513
7513
7513
8007
8161
8465
8773
8927
8007
8161
8311
8619
8773
8007
8311
8465
8773
8923
8007
8311
8619
8769
8923
8157
8311
8619
8769
9077
8161
8465
8619
8927
9077
8161
8465
8619
8927
9077
9231
8161
8465
8619
8927
9077
9231
8161
8465
8773
8927
9077
9231
8315
8465
8773
8927
9077
9231
8315
8465
8773
8927
9077
9231
8315
8465
8773
8927
9077
9231
8315
8619
8773
8927
9077
9231
8315
8619
8773
8927
9231
9385
8315
8619
8773
8927
9231
9385
8311
8619
8773
9077
9231
9385
8465
8619
8773
9077
9231
9385
9539
8465
8619
8927
9077
9231
9385
9539
8465
8619
8927
9077
9231
9385
9539
8465
8619
8927
9077
9231
9385
9539
