463
617
771
1079
1695
2310
2770
3384
3691
4150
3229
3382
3687
3995
4454
4913
5373
5680
4302
4454
4608
4913
5220
5371
5524
5676
5829
4606
4759
5220
5527
5678
5831
5985
6136
6136
4608
4913
5066
5371
5524
5676
5829
5982
6136
5680
5834
5985
6138
6136
6289
6443
6440
6440
6593
4913
5064
5371
5522
5676
5982
6289
6443
6443
4913
5218
5371
5524
5676
5829
5982
6133
6133
6287
4911
5371
5678
5831
5982
6136
6289
6289
6440
4759
5066
5218
5524
5678
5829
5982
5982
6443
5987
6451
6912
7219
7526
7833
6917
7378
7686
7840
8147
8301
7538
7689
7997
8304
8458
8612
7692
8000
8154
8458
8612
8766
7846
8000
8308
8458
8612
8766
7849
8154
8308
8458
8612
8766
7849
8154
8308
8612
8766
8919
8003
8154
8308
8615
8766
8919
8003
8154
8462
8612
8766
8919
8000
8154
8462
8612
8766
8919
8007
8311
8465
8773
8923
8007
8315
8619
8773
8927
8007
8315
8619
8773
8927
8007
8315
8619
8773
9081
8161
8315
8619
8773
9081
8161
8469
8619
8927
9081
8161
8469
8619
8927
9081
9231
8161
8469
8619
8927
9081
9231
8161
8465
8773
8927
9081
9231
8315
8465
8773
8927
9081
9231
8315
8465
8773
8927
9077
9231
8315
8465
8773
8923
9077
9231
8311
8619
8773
8923
9077
9231
8311
8619
8773
8923
9231
9385
8311
8619
8773
8923
9231
9385
8311
8619
8773
9081
9231
9385
8469
8619
8773
9081
9231
9385
9539
8469
8619
8927
9081
9231
9385
9539
8469
8619
8927
9081
9231
9385
9539
8469
8619
8927
9081
9231
9385
9539
7095
7246
7400
7554
7708
7708
7862
8017
8017
7095
7249
7400
7554
7708
7862
7862
8017
8017
7249
7403
7403
7554
7708
7862
7862
8017
8017
7249
7403
7557
7554
7708
7862
7862
8017
8017
8017
7249
7403
7554
7554
7708
7862
7862
8017
8017
8171
7249
7400
7554
7554
7708
7862
7862
8017
8017
8171
7249
7400
7554
7554
7708
7862
7862
8017
8017
8171
7249
7400
7554
7708
7708
7862
7862
8017
8017
8171
7249
7403
7557
7708
7708
7862
7862
8017
8017
8171
8171
7249
7403
7557
7712
7708
7862
7862
8017
8017
8171
8171
7249
7403
7554
7708
7708
7862
7862
8017
8017
8171
8171
7249
7400
7554
7708
7705
7859
7859
8013
8013
8167
8167
7246
7400
7554
7708
7708
7862
7862
8013
8013
8167
8167
7246
7400
7554
7708
7708
7862
8017
8017
8017
8171
8171
7249
7403
7554
7708
7708
7862
7862
8017
8017
8171
8171
8171
7249
7403
7557
7708
7708
7862
8017
8017
8017
8171
8171
8171
7403
7400
7554
7708
7862
7862
8017
8017
8017
8171
8171
8171
7400
7400
7554
7708
7862
7862
8017
8017
8017
8171
8171
8171
7249
7400
7554
7708
7862
7862
8017
8017
8017
8171
8171
8171
7246
7400
7554
7708
7862
7862
8017
8017
8017
8171
8171
8171
8325
6637
6792
6946
6946
7097
7097
7252
7252
7252
7406
7406
7406
7406
7406
7560
6637
6792
6946
6946
7100
7100
7255
7255
7255
7409
7409
7409
7409
7409
7564
6637
6792
6946
6946
7100
7100
7255
7255
7255
7409
7409
7409
7409
7409
7564
6637
6792
6946
6946
7100
7100
7255
7255
7255
7409
7409
7409
7409
7409
7564
6637
6792
6946
6946
7100
7100
7255
7255
7255
7409
7409
7409
7409
7409
7564
7564
6637
6792
6946
6946
7100
7100
7255
7255
7255
7409
7409
7409
7409
7409
7564
7564
6637
6792
6946
6946
7100
7100
7255
7255
7255
7409
7409
7409
7409
7409
7560
7560
6637
6792
6946
6946
7100
7097
7252
7252
7252
7406
7406
7406
7406
7406
7560
7560
7560
6637
6792
6946
6946
7100
7100
7255
7255
7255
7409
7409
7409
7409
7409
7564
7564
7564
6792
6792
6946
6946
7100
7100
7255
7255
7255
7409
7409
7409
7409
7564
7564
7564
7564
6792
6792
6946
7100
7100
7100
7255
7255
7255
7409
7409
7409
7409
7564
7564
7564
7564
7564
6792
6792
6946
6946
7100
7100
7255
7255
7255
7409
7409
7409
7409
7564
7564
7564
7560
7560
6792
6792
6946
7100
7100
7100
7255
7255
7255
7409
7406
7406
7406
7560
7560
7560
7560
7560
6792
6792
6946
7100
7097
7097
7252
7252
7252
7406
7406
7406
7406
7560
7560
7560
7560
7560
7560
6792
6792
6946
7100
7097
7097
7252
7252
7252
7406
7406
7406
7406
7560
7560
7560
7560
7560
7560
6792
6792
6946
7100
7100
7100
7255
7255
7255
7409
7409
7409
7409
7564
7564
7564
7564
7560
7560
6792
6792
6946
7100
7100
7255
7255
7255
7409
7409
7409
7409
7409
7564
7564
7564
7564
7564
7564
6792
6792
6946
7100
7100
7100
7255
7255
7255
7409
7409
7409
7409
7564
7564
7564
7564
7564
7564
7564
6792
6792
6946
7100
7100
7100
7255
7255
7409
7409
7409
7409
7409
7564
7564
7564
7564
7564
7560
7560
6792
6946
6946
7100
7100
7252
7252
7252
7406
7406
7406
7406
7406
7560
7560
7560
7560
7560
7560
7560
