462
616
770
1540
2155
2925
3387
3849
4311
4773
5079
5384
5690
5995
6146
6300
4765
5070
5378
5529
5836
5992
6300
6451
6604
6755
6755
6909
7059
7059
7213
5222
5529
5683
5992
6144
6297
6451
6602
6755
6909
6906
7059
7213
7213
7213
5529
5685
5992
6146
6297
6451
6602
6755
6909
6906
7059
7059
7213
7213
7366
6144
6448
6602
6599
6752
6906
7059
7056
7210
7210
7210
7363
7363
7363
7363
4609
4761
5068
5376
5680
5834
6141
6292
6445
6599
6752
6909
6914
7071
7071
7222
5380
5685
5839
6144
6297
6451
6602
6755
6909
6906
7059
7062
7216
7216
7369
7366
5683
5990
6141
6294
6445
6599
6752
6906
6903
7059
7062
7216
7216
7366
7366
7366
7366
5376
5683
5987
6141
6294
6445
6599
6752
6912
6912
7062
7062
7216
7216
7366
7366
7366
5529
5836
5987
6141
6448
6599
6602
6758
6909
7062
7062
7213
7213
7213
7366
7366
7366
5376
5683
5987
6141
6297
6451
6604
6755
6909
6909
7059
7059
7213
7213
7366
7366
7363
5529
5834
5990
6300
6451
6604
6755
6755
6909
7059
7059
7213
7213
7213
7366
7363
7363
7516
5531
5839
5992
6297
6451
6602
6755
6755
6906
7059
7059
7213
7213
7366
7363
7363
7363
7516
6448
6602
6755
6906
6906
7059
7059
7210
7210
7363
7363
7363
7363
7516
7516
7513
7513
7513
461
614
768
1536
2304
2918
3531
3990
4450
4755
5215
5520
5673
5980
6133
6284
6591
6591
6744
6897
5522
5827
6133
6287
6437
6591
6744
6897
6897
7050
7047
7201
7201
7354
7354
7354
7354
7507
7507
4602
5062
5369
5673
5827
6133
6287
6437
6591
6744
6897
6897
7050
7050
7204
7201
7354
7354
7354
4602
4907
5215
5522
5829
5980
6133
6440
6591
6744
6744
6897
7050
7050
7204
7204
7357
7354
7354
5829
6136
6287
6440
6593
6744
6897
6897
7050
7050
7204
7201
7354
7354
7354
7354
7507
7507
7507
7507
4448
4600
4907
5369
5522
5829
6133
6287
6440
6593
6744
6897
6897
7050
7050
7204
7204
7357
7357
7354
7092
7246
7400
7554
7708
7862
7862
8017
8013
7246
7400
7400
7554
7708
7862
7862
8017
8013
7246
7400
7400
7554
7708
7862
7862
8017
8017
7249
7403
7554
7554
7708
7862
7862
8017
8017
8171
7249
7403
7554
7554
7708
7862
7862
8017
8017
8171
7249
7403
7554
7708
7708
7862
7862
8017
8017
8171
7249
7403
7554
7708
7708
7862
7862
8017
8017
8171
7249
7403
7554
7708
7708
7862
7862
8017
8017
8171
7249
7403
7554
7708
7708
7862
7862
8017
8017
8171
8171
7246
7400
7554
7708
7708
7862
8017
8017
8017
8167
8167
7246
7400
7554
7708
7708
7862
8017
8017
8017
8171
8171
7249
7400
7554
7708
7708
7862
8017
8017
8017
8171
8171
7249
7403
7554
7708
7708
7862
8017
8017
8017
8171
8171
7249
7403
7554
7708
7862
7862
8017
8017
8017
8171
8171
7403
7400
7554
7708
7862
7862
8017
8017
8171
8171
8171
8171
7400
7400
7554
7708
7862
7862
8017
8017
8171
8167
8167
8167
7400
7554
7554
7708
7862
7862
8017
8017
8171
8171
8171
8171
7403
7554
7554
7708
7862
7862
8017
8017
8171
8171
8171
8171
7403
7554
7554
7708
7862
7862
8017
8017
8171
8171
8171
8167
7400
7554
7554
7708
7862
7862
8017
8017
8167
8167
8167
8167
8322
