7222
7529
7836
7990
8297
7378
7686
7993
8144
8451
7535
7840
7532
7375
7222
7219
7065
7062
6909
6906
5990
6451
6912
7219
7526
6917
7225
7532
7840
8147
7228
7535
7843
8150
8301
7538
7846
7997
8304
8458
7692
8000
8150
8304
8612
7692
8000
8154
8458
8612
7846
8000
8308
8458
8612
8766
7692
8000
8308
8458
8612
8766
7849
8000
8308
8462
8612
8766
7849
8000
8308
8462
8612
8766
7849
8154
8308
8462
8612
8766
7849
8154
8308
8462
8612
8766
7849
8154
8308
8462
8766
8766
7849
8154
8308
8462
8766
8919
8003
8154
8308
8615
8766
8919
8003
8154
8462
8615
8766
8919
8003
8154
8462
8612
8766
8919
8007
8161
8311
8619
8773
7853
8161
8465
8773
8927
8007
8315
8465
8773
8927
8007
8315
8619
8773
9081
8161
8315
8619
8773
9081
8161
8469
8619
8927
9081
8161
8469
8619
8927
9081
9231
8161
8469
8619
8927
9081
9231
8161
8465
8773
8927
9081
9231
8161
8465
8465
8308
8150
7993
7836
7833
7680
7676
7523
6604
6604
6602
6755
6752
6752
6752
6903
6903
6903
6903
6903
4145
4606
5222
5680
5834
5985
6138
6138
6289
6443
4913
5373
5524
5678
5831
5982
6136
6289
6289
6440
6440
6593
4145
4299
4606
5066
5680
5834
5985
6138
6138
6292
6443
4608
5222
5373
5680
5834
5985
6138
6138
6292
6443
6443
6596
5834
5987
5987
6141
6138
6138
6292
6445
6443
6596
6596
6596
6903
6903
4450
4604
4911
5218
5524
6138
6138
6292
6445
6443
6596
6596
4759
5220
5371
5524
5831
5985
5982
6136
6289
6443
6443
6596
6593
3991
4145
4452
4606
5220
5834
6294
6448
6599
6599
6599
4299
4606
5066
5373
5678
5831
5985
5982
6136
6289
6443
6443
7095
7246
7400
7554
7708
7705
7702
7696
7692
7689
4458
4767
4919
5380
5685
5990
6141
6448
6599
6752
4913
5222
5527
5834
6138
6292
6596
6749
6903
7053
7053
5373
5678
5985
6136
6443
6596
6747
6900
7053
7207
7204
463
617
925
1695
2464
3232
3846
4459
4919
5378
5683
4609
5070
5531
5836
6141
6445
6599
6903
7056
7210
4917
5224
5534
5995
6300
6451
6755
6909
7213
7366
5376
5683
5987
6294
6604
6758
7062
7213
7366
7516
5529
5834
6138
6445
6749
6906
7059
7213
7363
7516
7670
5529
5834
6138
6445
6752
6903
7056
7213
7366
7520
7670
5683
5987
6294
6599
6752
7056
7210
7360
7513
7670
7673
5836
6141
6445
6599
6903
7056
7210
7360
7513
7667
7820
6906
7059
7210
7363
7513
7667
7820
7820
7970
7970
8123
5831
6138
6448
6755
6906
7059
7210
7363
7516
7667
7820
5834
6138
6445
6752
6909
7059
7213
7366
7516
7670
7823
7820
5680
5987
6292
6599
6749
6906
7213
7366
7516
7516
7670
7820
5680
5987
6292
6599
6749
7056
7210
7363
7520
7673
7670
7823
5683
5987
6292
6445
6752
6903
7210
7363
7513
7516
7673
7823
4763
4917
5376
5680
5987
6292
6599
6749
7056
7210
7366
7523
7680
6607
6912
7062
7216
7366
7520
7670
7670
7820
7973
7973
7973
8123
