6783
6783
6937
7092
7092
7092
7246
7246
7400
7400
7400
7400
7400
7554
7554
6786
6786
6940
7095
7095
7249
7249
7249
7403
7403
7403
7403
7403
7557
7557
6786
6786
6940
7095
7095
7095
7249
7249
7249
7403
7403
7403
7403
7557
7557
6786
6786
6940
7095
7095
7249
7249
7249
7403
7403
7403
7403
7403
7557
7557
6786
6786
6940
7095
7095
7249
7249
7249
7403
7403
7403
7403
7403
7557
7557
7557
6786
6940
6940
7095
7095
7249
7249
7249
7403
7403
7403
7403
7403
7557
7557
7557
6786
6940
6940
7095
7095
7249
7249
7249
7403
7403
7403
7403
7403
7557
7557
7557
6786
6940
6940
7095
7095
7249
7249
7249
7403
7403
7403
7403
7403
7554
7554
7554
7554
6786
6940
6940
7095
7095
7249
7249
7249
7403
7403
7403
7403
7403
7557
7557
7557
7557
6786
6940
6940
7095
7095
7249
7249
7249
7403
7403
7403
7403
7403
7557
7557
7557
7557
6786
6940
6940
7095
7095
7249
7249
7249
7403
7403
7403
7403
7403
7557
7557
7557
7557
7557
6786
6940
6940
7095
7095
7249
7249
7249
7403
7403
7403
7403
7403
7557
7557
7557
7557
7557
6786
6940
6940
7095
7095
7249
7249
7249
7403
7403
7403
7403
7557
7557
7557
7557
7557
7557
6786
6940
6940
7095
7095
7249
7249
7249
7403
7403
7403
7403
7403
7557
7557
7557
7557
7554
7554
6786
6940
6940
7095
7095
7249
7249
7249
7403
7403
7400
7400
7551
7545
7542
7538
7535
7532
7532
6305
6456
6610
6761
6912
6912
7062
7062
7216
7213
7213
7366
7363
7363
7516
7516
7516
7513
7513
5220
5529
5680
5987
6138
6292
6445
6599
6749
6903
6903
7056
7056
7210
7210
7360
7360
7360
7360
4759
5068
5222
5527
5834
5987
6292
6445
6599
6749
6749
6903
7056
7056
7210
7210
7207
7360
7360
7360
4300
4454
4761
5070
5376
5683
5987
6141
6294
6445
6599
6752
6906
6906
7056
7056
7210
7210
7363
7360
6138
6292
6445
6596
6749
6903
6903
7056
7053
7207
7207
7360
7360
7360
7360
7513
7513
7513
7513
7513
