6172
6326
6326
6480
6480
6483
6637
6637
6637
6637
6792
6792
6792
6792
6792
6792
6792
6792
6946
6946
6946
6946
6943
6937
6932
6926
6923
6920
6917
6914
6912
6909
6909
6144
6144
6294
6445
6445
6443
6596
6596
6593
6747
6747
6747
6744
6744
6897
6897
6897
6894
6894
6894
6894
6894
6894
6894
6894
6894
6894
6894
6894
6894
6894
6894
6894
6894
4909
5213
5367
5520
5671
5824
5977
6131
6284
6281
6435
6435
6588
6588
6588
6741
6741
6741
6741
6741
6741
6894
6894
6894
6894
6894
6894
6894
6894
6894
6894
6894
6894
6894
6894
4295
4600
4911
5062
5369
5522
5673
5827
5980
6131
6131
6284
6437
6437
6437
6591
6588
6588
6741
6741
6741
6741
6741
6894
6894
6894
6894
6894
6894
6894
6894
6894
6894
6894
6894
4448
4757
4911
5215
5369
5676
5827
5980
5980
6133
6292
6297
6456
6459
6615
6618
6621
6624
6780
6783
6783
6786
6786
6789
6789
6789
6946
6946
6946
6946
6949
6949
6949
6949
6949
6949
6949
462
616
769
1538
2153
2767
3226
3687
3993
4454
4759
4913
5218
5369
5676
5829
5982
5980
6133
6287
6287
6437
6437
6591
6591
6591
6744
6744
6744
6741
6741
6741
6894
6897
6894
6894
6894
6894
4909
5064
5371
5522
5676
5829
5980
6133
6287
6284
6437
6437
6437
6591
6591
6591
6744
6741
6741
6741
6741
6894
6894
6894
6894
6894
6894
6900
6906
6912
6914
6920
6923
6926
6929
6932
6935
6937
465
465
620
620
775
775
775
775
930
930
930
930
930
930
930
1085
1085
1084
1084
1084
1084
1084
1084
1084
1085
1085
1085
1085
1085
1085
1085
1085
1085
1085
1085
1085
1085
1085
1085
1085
1085
1085
1085
1085
1085
1085
1085
1085
1085
1085
1085
1085
1085
1085
1085
1085
1085
1085
1085
1085
1085
1085
1084
1084
1084
1084
1084
1084
1084
1084
1084
1084
1084
1084
1084
1084
1084
1084
1084
1084
1084
1084
1084
1085
1085
1085
1085
1085
1085
1085
1085
1085
1085
1085
1085
1085
1085
1085
1085
1085
1085
1084
1084
1084
1084
1084
1084
1084
1084
1084
1084
1084
1084
1084
1084
1084
1084
1084
1084
1084
1084
1084
1084
1084
1085
1085
1085
1085
1085
1085
1085
1085
1085
1085
1085
1085
1085
1085
1085
1085
1085
1085
1085
1085
1085
1085
1085
1085
1085
1085
1085
1085
1085
1085
1085
1085
1085
1085
1085
1085
1085
1085
1085
1085
1085
1085
1084
1084
1084
1084
1084
1084
1084
1084
1084
1084
1084
1084
1084
1084
1084
1084
1084
1084
1084
1084
1084
1084
1084
1084
1084
1084
1084
1084
1084
1084
1084
1084
1084
1084
1085
1085
1085
1085
1085
1085
1085
1085
1085
1085
1085
1085
1085
1085
1085
1085
1085
1085
1085
1085
1085
1085
1085
1085
1085
1085
1085
1085
1085
1085
1085
1085
1085
1085
1085
1085
1085
1085
1085
1085
1085
1085
1085
1085
1085
1085
1085
1085
1085
1085
1085
1085
1085
1085
1085
1085
1085
1085
1085
1085
1085
1085
1085
1085
1085
1085
1085
1085
1085
1085
1085
1085
1085
1085
1085
1085
1085
1085
1085
1085
1085
1085
1085
1085
1085
1085
1085
1085
1085
1085
1085
1085
1085
1085
1085
1085
1085
1084
1084
1084
1084
1084
1084
1084
1084
1084
1084
1084
1084
1084
1084
1084
1084
1084
1084
1084
1085
1085
1085
1085
1085
1085
1085
1085
1085
1085
1085
1085
1085
1085
1085
1085
1085
1085
1085
1084
1548
2168
2631
3095
3559
4021
4331
4640
4947
5102
5411
5566
5718
5873
6027
6027
6182
6336
6336
6488
6488
6488
6643
6643
6643
6643
6643
6797
6797
6797
6797
6797
6797
6797
6797
6797
6797
6952
6952
6179
6334
6334
6334
6488
6488
6643
6643
6643
6643
6643
6797
6797
6797
6797
6797
6797
6797
6797
6797
6797
6797
6952
6952
6952
6952
6952
6952
6952
6952
6952
6952
6952
6952
6952
6952
6952
6952
6952
6952
6952
6179
6334
6334
6488
6488
6488
6643
6643
6643
6643
6797
6797
6797
6797
6797
6797
6797
6797
6797
6797
6797
6952
6952
6952
6952
6952
6952
6952
6952
6952
6952
6952
6952
6952
6952
6952
6952
6952
6952
6952
6952
6952
6179
6334
6334
6488
6488
6488
6643
6643
6643
6643
6797
6797
6797
6797
6797
6797
6797
6797
6797
6797
6952
6952
6952
6952
6952
6952
6952
6952
6952
6952
6952
6952
6952
6952
6952
6952
6952
6952
6952
6952
6952
6952
6179
6334
6334
6488
6488
6488
6643
6643
6643
6643
6797
6797
6797
6797
6797
6797
6797
6797
6797
6797
6952
6952
6952
6952
6952
6952
6949
6949
6952
6949
6952
6952
6952
6952
6952
6949
6952
6949
6952
6952
6952
6949
6952
6179
6334
6334
6488
6488
6488
6643
6643
6643
6643
6797
6797
6797
6797
6797
6797
6797
6797
6797
6797
6797
6952
6952
6952
6952
6952
6952
6952
6952
6952
6952
6952
6952
6952
6952
6952
6952
6952
6952
6952
6952
6952
6952
6952
6179
6334
6334
6488
6488
6488
6643
6643
6643
6643
6797
6797
6797
6797
6797
6797
6797
6797
6797
6797
6952
6952
6952
6952
6952
6952
6952
6952
6952
6952
6952
6952
6952
6952
6952
6952
6952
6952
6952
6952
6952
6952
6952
6952
6952
6179
6334
6334
6488
6488
6488
6643
6643
6643
6643
6797
6797
6797
6797
6797
6797
6797
6797
6797
6797
6797
6952
6952
6952
6952
6952
6952
6952
6952
6952
6952
6952
6952
6952
6952
6952
6952
6952
6952
6952
6952
6952
6952
6952
6952
6179
6334
6334
6488
6488
6488
6643
6643
6643
6643
6797
6797
6797
6797
6797
6797
6797
6797
6797
6797
6952
6952
6952
6952
6952
6952
6952
6952
6952
6952
6952
6952
6952
6952
6952
6952
6952
6952
6952
6952
6952
6952
6952
6952
6952
6952
6179
6334
6334
6488
6488
6488
6643
6643
6643
6643
6797
6797
6797
6797
6797
6797
6797
6797
6797
6797
6952
6952
6952
6952
6952
6952
6952
6952
6952
6952
6952
6952
6952
6949
6952
6952
6949
6952
6952
6952
6952
6952
6952
6949
6952
6949
6952
6179
6334
6334
6488
6488
6488
6643
6643
6643
6643
6797
6797
6797
6797
6797
6797
6797
6797
6797
6797
6952
6952
6952
6952
6952
6952
6952
6952
6952
6952
6952
6952
6952
6952
6952
6952
6952
6952
6952
6952
6952
6952
6952
6952
6952
6952
6952
7542
7846
8000
8304
8458
7542
7846
8154
8304
8458
7542
7846
8154
8304
8612
7692
7846
8154
8304
8608
7538
7843
8150
8301
8455
7692
7843
8150
8304
8608
7692
8000
8150
8458
8612
7692
8000
8150
8458
8612
7692
8000
8154
8458
8612
7846
8000
8308
8458
8612
8766
7696
8000
8154
8462
8612
8766
7849
8000
8308
8462
8612
8766
7849
8154
8308
8458
8612
8766
7849
8154
8308
8458
8612
8766
7846
8154
8308
8458
8612
8766
7846
8154
8308
8458
8766
8919
8000
8154
8308
8612
8766
8919
8000
8154
8308
8612
8766
8919
8000
8154
8458
8612
8766
8916
8000
8154
8458
8612
8766
8916
