7997
8301
8455
8762
8916
8150
8304
8612
8762
9069
8154
8458
8612
8919
9073
8154
8458
8766
8919
9073
8308
8462
8766
8919
9073
8308
8462
8766
8919
9073
8308
8615
8766
8919
9073
9381
8308
8615
8766
8919
9227
9381
8308
8615
8766
9073
9227
9381
8308
8615
8766
9073
9227
9381
8462
8615
8919
9073
9227
9377
8462
8612
8919
9073
9227
9377
8462
8612
8919
9073
9227
9377
8462
8612
8919
9073
9227
9377
8462
8766
8919
9073
9227
9377
8462
8766
8919
9073
9227
9377
8462
8766
8919
9073
9227
9377
9531
8462
8766
8919
9073
9223
9377
9531
8612
8766
8919
9069
9223
9377
9531
8612
8766
8919
9223
9377
9377
9531
6329
6329
6329
6483
6483
6637
6637
6637
6637
6792
6792
6792
6792
6792
6792
6792
6792
6792
6946
6946
6946
6946
6946
6946
6946
6946
6946
6946
6946
6946
6946
6946
6946
6946
6177
6331
6331
6486
6486
6640
6640
6640
6640
6640
6795
6795
6795
6795
6792
6792
6792
6792
6946
6940
6937
6932
6929
6923
6923
6920
6917
6914
6914
6912
6909
6909
6909
6906
5068
5222
5376
5680
5834
5985
5985
6138
6292
6289
6443
6443
6596
6596
6596
6596
6747
6747
6747
6747
6747
6900
6900
6900
6900
6900
6900
6900
6900
6900
6900
6900
6900
6900
6900
4452
4608
4913
5220
5371
5524
5678
5829
5985
6136
6289
6289
6443
6440
6593
6593
6593
6593
6747
6747
6747
6747
6747
6900
6900
6900
6900
6900
6900
6900
6900
6900
6900
6900
6900
6900
5524
5678
5829
5982
6136
6136
6287
6287
6440
6440
6593
6593
6593
6747
6747
6747
6747
6747
6900
6900
6900
6897
6900
6900
6900
6900
6900
6900
6900
6900
6900
6900
6900
6900
6900
6900
5064
5220
5524
5678
5831
5985
5982
6136
6289
6292
6451
6453
6613
6615
6618
6621
6778
6780
6783
6783
6786
6786
6789
6789
6943
6946
6946
6946
6946
6949
6949
6949
6949
6949
6949
6949
6949
6179
6334
6334
6488
6488
6643
6643
6643
6643
6797
6797
6797
6797
6797
6797
6797
6797
6797
6952
6952
6952
6952
6952
6952
6952
6952
6952
6952
6952
6952
6952
6952
6952
6952
6952
6952
6952
6952
6179
6334
6334
6488
6488
6643
6643
6643
6643
6797
6797
6797
6797
6797
6797
6797
6797
6797
6952
6952
6952
6952
6952
6952
6952
6952
6952
6952
6952
6952
6952
6952
6952
6952
6952
6952
6952
6952
6952
6179
6334
6334
6488
6488
6488
6643
6643
6643
6797
6797
6797
6795
6795
6795
6795
6795
6795
6949
6949
6949
6949
6949
6949
6949
6949
6949
6949
6949
6949
6949
6949
6949
6949
6949
6949
6949
6952
6952
6179
6334
6334
6488
6488
6488
6643
6643
6643
6643
6797
6797
6797
6797
6797
6797
6797
6797
6952
6952
6952
6952
6952
6952
6952
6952
6952
6952
6952
6952
6952
6952
6952
6952
6952
6952
6952
6952
6952
6952
6179
6334
6334
6488
6488
6488
6643
6643
6643
6643
6797
6797
6797
6797
6797
6797
6797
6797
6797
6952
6952
6952
6952
6952
6952
6952
6952
6952
6952
6952
6952
6952
6952
6952
6952
6952
6952
6952
6952
6952
6952
6179
6334
6334
6488
6488
6488
6643
6643
6643
6643
6797
6797
6797
6797
6797
6797
6797
6797
6952
6952
6952
6952
6952
6952
6952
6952
6952
6952
6952
6952
6952
6952
6952
6952
6952
6952
6952
6952
6952
6952
6952
6952
6179
6334
6334
6488
6488
6488
6643
6643
6643
6643
6797
6797
6797
6797
6797
6797
6797
6797
6952
6952
6952
6952
6952
6952
6952
6952
6952
6952
6952
6952
6952
6952
6952
6952
6952
6952
6952
6952
6952
6952
6952
6952
6179
6334
6334
6488
6488
6488
6643
6643
6643
6643
6797
6797
6797
6797
6797
6797
6797
6797
6952
6952
6952
6952
6952
6952
6952
6952
6952
6952
6952
6952
6952
6952
6952
6952
6952
6952
6952
6952
6952
6952
6952
6952
6952
6179
6334
6334
6488
6488
6488
6643
6643
6643
6643
6797
6797
6797
6797
6797
6797
6797
6797
6952
6952
6952
6952
6952
6952
6952
6952
6952
6952
6952
6952
6952
6952
6952
6952
6952
6952
6952
6952
6952
6952
6952
6952
6952
6952
6179
6334
6334
6488
6488
6643
6643
6643
6643
6643
6797
6797
6797
6797
6797
6797
6797
6797
6952
6952
6952
6952
6952
6952
6952
6952
6952
6952
6952
6952
6952
6952
6952
6952
6952
6952
6952
6952
6952
6952
6952
6952
6952
6952
6952
6179
6334
6334
6488
6488
6488
6643
6643
6643
6643
6797
6797
6797
6797
6797
6797
6797
6797
6797
6952
6952
6952
6952
6952
6952
6952
6952
6952
6952
6952
6952
6952
6952
6952
6952
6952
6952
6952
6952
6952
6952
6952
6952
6952
6952
6179
6334
6334
6488
6488
6488
6643
6643
6643
6643
6797
6797
6797
6797
6797
6797
6797
6797
6952
6952
6952
6952
6952
6952
6952
6952
6952
6952
6952
6952
6952
6952
6952
6952
6952
6952
6952
6952
6952
6952
6952
6952
6952
6952
6952
6952
6179
6334
6334
6488
6488
6488
6643
6643
6643
6643
6797
6797
6797
6797
6797
6797
6797
6797
6797
6952
6952
6952
6952
6952
6952
6952
6952
6952
6952
6952
6952
6952
6952
6952
6952
6952
6952
6952
6952
6952
6952
6952
6952
6952
6952
6952
6952
6179
6334
6334
6488
6488
6488
6643
6643
6643
6643
6797
6797
6797
6797
6797
6797
6797
6797
6797
6952
6952
6952
6952
6952
6952
6952
6952
6952
6952
6952
6952
6952
6952
6952
6952
6952
6952
6952
6952
6952
6952
6952
6952
6952
6952
6952
6952
7542
7846
8000
8308
8458
7542
7849
8154
8308
8458
7542
7846
8154
8308
8612
7696
7846
8154
8308
8612
7696
8000
8154
8462
8612
7696
8000
8154
8462
8612
7696
8000
8154
8462
8612
7696
8000
8308
8462
8612
7849
8000
8308
8458
8612
7696
8000
8154
8458
8612
8766
7846
8000
8308
8458
8612
8766
7846
8000
8308
8458
8612
8766
7846
8154
8304
8458
8612
8766
7846
8154
8304
8458
8612
8766
7846
8154
8304
8458
8612
8766
7846
8154
8304
8458
8766
8916
7846
8154
8304
8612
8766
8916
8000
8154
8458
8612
8766
8919
8000
8154
8462
8612
8766
8919
8000
8154
8462
8612
8766
8919
6637
6792
6946
6946
7100
7100
7255
7252
7252
7406
7406
7406
7406
7406
7560
6637
6792
6946
6946
7100
7100
7255
7255
7255
7409
7409
7406
7406
7406
7560
6637
6792
6946
6946
7100
7100
7255
7255
7255
7409
7409
7409
7406
7406
7560
6637
6792
6946
6946
7100
7100
7255
7255
7255
7409
7409
7406
7406
7406
7560
6635
6789
6940
6940
7095
7097
7252
7252
7252
7406
7406
7406
7406
7406
7560
7560
6635
6789
6943
6943
7097
7097
7252
7252
7252
7406
7406
7406
7406
7406
7560
7560
6792
6789
6943
6943
7097
7097
7252
7252
7252
7406
7406
7406
7406
7406
7560
7560
6792
6792
6946
7100
7100
7100
7255
7255
7252
7406
7406
7406
7406
7560
7560
7560
7560
6792
6792
6946
6946
7100
7100
7255
7255
7255
7409
7409
7409
7406
7560
7560
7560
7560
6792
6792
6946
6946
7100
7100
7255
7255
7255
7409
7406
7406
7406
7406
7560
7560
7560
6792
6792
6946
7097
7097
7097
7252
7252
7252
7406
7406
7406
7406
7560
7560
7560
7560
7560
6792
6792
6946
7100
7100
7100
7255
7255
7252
7406
7406
7406
7406
7560
7560
7560
7560
7560
6792
6792
6946
7100
7100
7097
7252
7252
7252
7406
7406
7406
7406
7560
7560
7560
7560
7560
6792
6792
6946
7100
7097
7097
7252
7252
7406
7406
7406
7406
7406
7560
7560
7560
7560
7560
6792
6792
6946
7100
7100
7255
7255
7255
7409
7409
7409
7406
7406
7560
7560
7560
7560
7560
7560
6792
6792
6946
7100
7100
7255
7255
7255
7409
7409
7406
7406
7406
7560
7560
7560
7560
7560
7560
6792
6792
6946
7100
7100
7255
7255
7255
7409
7409
7406
7406
7406
7560
7560
7560
7560
7560
7560
6792
6792
6946
7100
7100
7255
7255
7255
7409
7409
7409
7409
7406
7560
7560
7560
7560
7560
7560
7560
6792
6792
6946
7100
7097
7252
7252
7252
7406
7406
7406
7406
7406
7560
7560
7560
7560
7560
7560
7560
6792
6946
6946
7100
7100
7252
7252
7252
7406
7406
7406
7406
7406
7560
7560
7560
7560
7560
7560
7560
