7532
7840
8144
8297
8451
7689
7840
8147
8301
8605
7689
7997
8147
8455
8608
7843
7997
8301
8455
8608
7843
7997
8301
8455
8608
7843
8150
8301
8455
8608
7843
8150
8301
8455
8762
7843
8150
8301
8608
8762
7997
8147
8301
8608
8762
7843
8147
8301
8455
8605
8758
7843
8147
8301
8455
8608
8758
7843
8150
8301
8608
8762
8912
7997
8150
8455
8608
8762
8912
7997
8150
8455
8608
8762
8916
7997
8150
8455
8608
8762
8912
7997
8304
8455
8608
8762
8912
7997
8301
8455
8608
8762
8912
7997
8301
8455
8608
8762
8912
7997
8301
8455
8608
8762
8912
8150
8301
8455
8608
8762
8912
8154
8462
8612
8919
9073
8154
8462
8615
8919
9073
8154
8462
8615
8919
9073
8154
8462
8769
8919
9073
8308
8462
8769
8919
9073
8308
8462
8769
8919
9073
8308
8462
8766
8919
9073
9227
8308
8615
8769
8919
9227
9381
8308
8615
8766
8919
9227
9381
8308
8615
8766
9073
9227
9381
8308
8615
8766
9073
9227
9381
8462
8615
8919
9073
9227
9381
8462
8615
8919
9073
9227
9381
8462
8615
8919
9073
9227
9381
8462
8615
8919
9073
9227
9381
8462
8769
8919
9073
9227
9377
8462
8766
8919
9073
9227
9377
9531
8462
8766
8919
9073
9223
9377
9531
8462
8766
8919
9073
9227
9377
9531
8615
8766
8919
9227
9381
9377
9531
