6172
6321
6315
6467
6464
6615
6613
6613
6610
6761
6761
6758
6758
6755
6909
6909
6906
6906
6906
6903
6903
6903
6903
6903
6903
6903
6903
6903
6903
6900
6900
6900
6900
4761
5070
5222
5529
5680
5834
5987
5985
6138
6294
6294
6445
6445
6599
6599
6599
6749
6749
6749
6749
6749
6749
6903
6903
6900
6900
6900
6900
6900
6900
6900
6900
6900
6900
6292
6292
6445
6443
6596
6596
6596
6749
6749
6749
6749
6749
6749
6903
6900
6900
6900
6900
6900
6900
6900
6900
6900
6900
6900
6900
6900
6900
6900
6900
6900
6900
6900
6900
6141
6138
6292
6445
6445
6443
6596
6596
6596
6752
6752
6749
6749
6749
6903
6903
6903
6900
6900
6900
6903
6903
6900
6900
6900
6900
6900
6900
6900
6900
6900
6900
6900
6900
6900
5376
5680
5834
5985
5985
6138
6292
6292
6443
6443
6599
6599
6596
6749
6749
6749
6749
6749
6903
6903
6903
6903
6903
6903
6903
6900
6900
6900
6900
6900
6906
6912
6914
6920
6923
6926
1382
1995
2609
3069
3528
3988
4295
4600
4907
5213
5364
5518
5671
5824
5977
6128
6281
6281
6435
6435
6588
6588
6588
6741
6741
6741
6741
6741
6741
6894
6894
6894
6894
6894
6894
6894
6894
4295
4604
4911
5062
5369
5520
5673
5827
5980
6133
6287
6284
6437
6437
6591
6591
6591
6591
6741
6741
6741
6744
6741
6894
6894
6894
6894
6894
6894
6894
6894
6894
6894
6894
6894
6894
6894
6894
4755
4911
5218
5369
5522
5827
5980
5980
6133
6287
6287
6437
6437
6591
6591
6591
6744
6744
6741
6741
6741
6894
6894
6894
6894
6894
6894
6894
6894
6894
6894
6894
6894
6894
6894
6894
6894
6894
5827
5980
6133
6131
6284
6437
6437
6591
6591
6591
6741
6741
6741
6741
6741
6894
6897
6903
6909
6912
6917
6920
6926
6929
6932
6932
6935
6937
6937
6940
6940
6943
6943
6943
6946
6946
6946
6946
6946
6331
6486
6486
6486
6640
6640
6640
6640
6795
6795
6795
6797
6797
6797
6797
6952
6952
6952
6952
6952
6952
6952
6952
6949
6949
6949
6949
6949
6949
6949
6949
6949
6949
6949
6949
6949
6949
6949
6949
6949
6334
6334
6488
6488
6643
6643
6643
6643
6797
6797
6797
6797
6797
6797
6797
6797
6952
6952
6952
6952
6952
6952
6952
6952
6952
6952
6952
6952
6952
6952
6952
6952
6952
6952
6952
6952
6952
6952
6952
6952
6952
6334
6334
6488
6488
6643
6643
6643
6643
6797
6797
6797
6797
6797
6797
6797
6797
6952
6952
6952
6952
6952
6949
6949
6949
6949
6949
6949
6949
6949
6949
6949
6949
6949
6949
6949
6949
6949
6949
6949
6949
6949
6331
6331
6486
6486
6640
6640
6640
6640
6795
6795
6795
6795
6795
6795
6795
6795
6949
6949
6949
6949
6949
6949
6949
6949
6949
6949
6949
6949
6949
6949
6949
6949
6949
6949
6952
6952
6952
6952
6952
6952
6952
6952
6334
6488
6488
6488
6643
6643
6643
6643
6797
6797
6797
6797
6797
6797
6797
6797
6952
6952
6952
6952
6952
6952
6952
6952
6952
6952
6952
6952
6952
6952
6952
6952
6952
6949
6949
6949
6949
6949
6949
6949
6949
6949
6949
6334
6331
6486
6486
6640
6640
6640
6640
6795
6795
6795
6795
6797
6797
6797
6797
6952
6952
6952
6952
6952
6952
6952
6952
6952
6952
6952
6952
6952
6952
6952
6952
6952
6952
6952
6952
6952
6952
6952
6952
6952
6952
6952
6334
6334
6488
6488
6643
6643
6640
6640
6795
6795
6795
6795
6795
6795
6795
6795
6949
6949
6949
6949
6949
6952
6952
6952
6952
6952
6952
6952
6952
6952
6952
6952
6952
6952
6952
6952
6952
6952
6952
6952
6952
6952
6952
6952
6334
6334
6488
6488
6488
6643
6643
6643
6797
6797
6797
6797
6797
6797
6797
6797
6797
6952
6952
6952
6952
6952
6952
6952
6952
6952
6952
6952
6952
6952
6952
6952
6952
6952
6952
6952
6952
6952
6952
6952
6952
6952
6952
6952
6952
6334
6331
6486
6486
6483
6637
6637
6637
6637
6792
6792
6795
6795
6795
6795
6795
6795
6949
6949
6949
6949
6949
6949
6949
6949
6949
6949
6949
6949
6949
6949
6949
6949
6949
6949
6949
6949
6949
6949
6949
6949
6949
6949
6949
6949
6949
6334
6334
6488
6488
6488
6643
6643
6643
6643
6797
6797
6797
6797
6797
6797
6797
6797
6952
6952
6952
6952
6952
6952
6952
6952
6952
6952
6952
6952
6952
6952
6952
6952
6952
6952
6952
6952
6952
6952
6952
6952
6952
6952
6952
6952
6952
6952
6334
6334
6488
6488
6488
6643
6643
6643
6643
6797
6795
6795
6795
6795
6795
6795
6795
6949
6949
6949
6949
6949
6949
6949
6949
6949
6949
6949
6949
6952
6952
6952
6952
6952
6952
6952
6952
6952
6952
6952
6952
6952
6952
6952
6952
6952
6952
8311
8465
8773
8923
8157
8465
8773
8923
9077
8311
8465
8773
8923
9077
8311
8465
8773
8923
9077
8311
8619
8769
9077
9231
8311
8619
8773
8923
9231
8311
8619
8769
9077
9231
8465
8619
8923
9077
9231
8465
8619
8923
9077
9231
8465
8619
8923
9077
9231
9385
8465
8769
8923
9077
9231
8465
8615
8923
9077
9231
9381
8465
8769
8923
9077
9227
9381
8465
8769
8923
9077
9231
9381
8619
8769
9077
9231
9385
9539
8465
8773
8923
9077
9231
9385
8619
8773
9077
9231
9385
9539
8619
8923
9077
9231
9385
9539
8619
8923
9077
9231
9385
9535
8619
8923
9077
9231
9385
9535
7692
8000
8150
8458
8612
7846
8150
8304
8458
7846
8154
8304
8458
8612
7846
8154
8304
8612
8766
8000
8154
8458
8612
8766
8000
8154
8458
8612
8766
8000
8154
8458
8612
8766
8000
8154
8458
8612
8766
8000
8308
8458
8612
8766
8000
8154
8304
8612
8766
8000
8154
8304
8612
8766
8000
8154
8458
8612
8766
8919
8154
8308
8458
8612
8766
8154
8308
8458
8612
8766
8919
8154
8308
8458
8612
8766
8916
8154
8308
8458
8766
8919
8916
8154
8304
8612
8766
8919
8916
8154
8304
8458
8766
8762
8916
8154
8304
8458
8612
8762
8916
8150
8304
8612
8762
8916
8916
