6783
6783
6937
7092
7092
7246
7249
7249
7403
7403
7403
7403
7403
7557
7557
6786
6786
6940
7095
7095
7249
7249
7249
7403
7403
7403
7403
7403
7557
7557
6786
6940
6940
7095
7095
7249
7249
7249
7403
7403
7403
7403
7403
7557
7557
6786
6940
6940
7095
7095
7249
7249
7249
7403
7403
7403
7403
7403
7557
7554
6786
6940
6940
7095
7095
7249
7249
7249
7400
7400
7400
7400
7400
7554
7557
7557
6786
6940
6940
7095
7095
7249
7249
7249
7403
7403
7403
7403
7403
7557
7557
7557
6786
6940
6940
7095
7095
7249
7249
7249
7403
7403
7403
7403
7403
7557
7557
7557
6786
6940
6940
7095
7095
7249
7249
7249
7403
7403
7403
7403
7403
7557
7557
7557
7557
6786
6940
6940
7095
7095
7249
7249
7249
7403
7403
7403
7403
7403
7557
7557
7557
7557
6786
6940
6940
7095
7095
7249
7249
7249
7403
7403
7403
7403
7403
7557
7557
7557
7557
6786
6940
6940
7095
7095
7249
7249
7249
7403
7403
7403
7403
7403
7554
7554
7554
7554
7554
6786
6940
6940
7095
7095
7249
7249
7246
7403
7403
7403
7403
7403
7557
7557
7557
7557
7557
6786
6940
6940
7095
7095
7249
7249
7249
7403
7403
7403
7403
7557
7557
7557
7557
7557
7557
6786
6940
6940
7095
7095
7249
7249
7249
7403
7403
7403
7403
7557
7557
7557
7557
7557
7557
7557
6786
6940
6940
7095
7095
7249
7249
7249
7403
7403
7403
7403
7557
7557
7557
7557
7557
7557
7557
6786
6940
6940
7095
7095
7249
7249
7249
7403
7403
7403
7403
7557
7557
7557
7557
7557
7557
7557
6786
6940
6940
7095
7095
7249
7246
7240
7391
7385
7382
7532
7529
7529
7526
7523
7520
7520
7516
6448
6604
6761
6764
6920
7077
7080
7083
7237
7240
7394
7397
7397
7397
7400
7554
7554
7554
7557
7557
6789
6789
6943
7097
7097
7252
7252
7252
7406
7406
7406
7406
7406
7560
7560
7560
7560
7560
7560
7560
6792
6946
6943
7097
7097
7252
7252
7252
7406
7406
7406
7406
7406
7560
7560
7560
7560
7560
7560
7560
