462
770
1386
2154
2923
3538
4154
4615
5077
5538
5079
5233
5536
5995
6300
6451
6758
6909
7059
5376
5680
5987
6292
6599
6749
7059
7213
7366
5529
5834
6138
6445
6749
6903
7056
7207
7360
7513
5834
6144
6451
6604
6909
7062
7213
7366
7516
7670
5834
6141
6445
6599
6903
7056
7210
7360
7516
7673
5531
5836
6141
6448
6752
6906
7056
7210
7363
7513
5068
5376
5836
6146
6456
6613
6920
7077
7231
7388
465
465
620
775
774
774
929
929
1084
1393
2167
2784
3556
4173
4634
5098
5559
5096
5405
5865
6174
6480
6635
6943
7095
7249
7403
7557
6786
6940
7095
7249
7403
7557
7708
7708
7862
8017
8017
7095
7095
7249
7403
7403
7554
7708
7862
7862
8017
8017
7249
7403
7554
7554
7708
7862
7862
8017
8017
8171
8171
7249
7403
7554
7708
7708
7862
7862
8017
8017
8171
8171
7246
7400
7554
7708
7862
7862
8017
8017
8017
8167
8167
8167
7246
7400
7554
7708
7862
7862
8017
8017
8017
8171
8171
8171
7249
7400
7554
7708
7862
7862
8017
8017
8017
8171
8171
8171
7403
7400
7554
7708
7862
7862
8017
8017
8017
8171
8171
8171
7403
7403
7554
7708
7862
7862
8017
8017
8017
8171
8171
8171
7403
7557
7554
7708
7862
7862
8017
8017
8171
8171
8171
8171
8325
6637
6792
6946
6946
7100
7100
7255
7255
7252
7406
7406
7406
7406
7406
7560
6637
6792
6946
6946
7100
7100
7255
7255
7255
7409
7409
7406
7406
7406
7560
6637
6792
6946
6946
7100
7100
7255
7255
7255
7406
7406
7406
7406
7406
7560
6637
6792
6946
6946
7100
7100
7255
7255
7255
7409
7406
7406
7406
7406
7560
6792
6792
6946
6946
7100
7097
7252
7252
7252
7406
7406
7406
7406
7560
7560
7560
6637
6792
6943
6943
7097
7097
7252
7252
7252
7406
7406
7406
7406
7560
7560
7560
6792
6792
6943
6943
7097
7097
7252
7252
7252
7406
7406
7406
7406
7560
7560
7560
6792
6792
6946
6946
7100
7100
7255
7252
7252
7406
7406
7406
7406
7560
7560
7560
7560
6792
6792
6946
7100
7100
7100
7255
7255
7409
7406
7406
7406
7406
7560
7560
7560
7560
6792
6792
6946
6946
7100
7100
7255
7255
7255
7406
7406
7406
7406
7560
7560
7560
7560
6792
6792
6946
7100
7100
7100
7255
7255
7409
7406
7406
7406
7406
7560
7560
7560
7560
7560
6792
6792
6946
7100
7100
7255
7255
7255
7409
7409
7406
7406
7406
7560
7560
7560
7560
7560
6792
6792
6946
7097
7097
7252
7252
7252
7406
7406
7406
7406
7406
7560
7560
7560
7560
7560
6792
6792
6946
7100
7100
7255
7255
7252
7406
7406
7406
7406
7406
7560
7560
7560
7560
7560
6792
6946
6946
7100
7100
7255
7255
7255
7409
7406
7406
7406
7406
7560
7560
7560
7560
7560
7560
6792
6792
6946
7100
7100
7255
7255
7255
7406
7406
7406
7406
7406
7560
7560
7560
7560
7560
7560
6792
6946
6946
7100
7100
7255
7255
7255
7406
7406
7406
7406
7406
7560
7560
7560
7560
7560
7560
6792
6946
6946
7100
7100
7255
7255
7255
7409
7406
7406
7406
7406
7560
7560
7560
7560
7560
7560
7560
6792
6946
6946
7097
7097
7252
7252
7252
7406
7406
7406
7406
7406
7560
7560
7560
7560
7560
7560
7560
6792
6946
6946
7100
7100
7255
7252
7252
7406
7406
7406
7406
7406
7560
7560
7560
7560
7560
7560
7560
7542
7846
8000
8304
8458
7542
7846
8154
8304
8458
7542
7846
8154
8304
8612
7692
7846
8154
8304
8612
7692
8000
8154
8458
8612
7692
8000
8154
8458
8612
7692
8000
8154
8458
8612
7696
8000
8308
8458
8612
7849
8000
8308
8462
8612
7849
8000
8308
8462
8612
8766
7849
8000
8308
8462
8612
8766
7849
8000
8308
8462
8612
8766
7849
8154
8308
8458
8766
8766
7846
8154
8308
8612
8766
8766
7846
8154
8308
8612
8766
8919
7846
8150
8304
8455
8608
8762
7843
8150
8301
8608
8762
8916
8000
8150
8304
8612
8762
8916
8000
8150
8458
8612
8766
8916
8000
8154
8458
8612
8766
8919
