7083
7080
7231
7228
7378
7375
7526
7523
7673
7673
4606
5066
5527
5831
5985
6289
6443
6593
6747
6900
6138
6448
6604
6914
7071
7228
7382
7538
7692
4765
4919
5224
5529
5834
6138
6292
6596
6749
6903
7053
6138
6445
6599
6749
6903
7053
7053
7207
7360
7357
7510
4145
4452
4759
5218
5524
5829
6136
6287
6593
6747
6897
5985
6138
6292
6443
6596
6747
6900
7053
7207
7204
7357
7357
4448
4602
5062
5522
5829
5980
6287
6440
6747
6897
6897
5831
5982
6289
6440
6593
6747
6900
7050
7204
7357
7357
7510
4448
4602
4909
5369
5676
5982
6136
6440
6593
6747
6897
7050
5522
5676
5982
6136
6287
6440
6593
6747
6897
7050
7204
7204
7357
4755
5060
5367
5673
5980
6289
6440
6747
6900
7053
7050
7204
5218
5522
5829
6136
6287
6593
6747
6900
7050
7050
7204
7357
7357
6443
6749
6900
7053
7053
7207
7357
7357
7510
7510
7664
7664
7660
6749
6900
7053
7207
7360
7357
7510
7510
7510
7664
7664
7660
7814
462
616
924
1693
2462
3230
3843
4459
4921
5380
5685
5990
6294
4763
4915
5376
5680
5985
6292
6602
6755
7059
7210
7363
7516
5527
5834
6138
6443
6749
6903
7059
7213
7363
7516
7667
7820
5834
6138
6445
6596
6903
7056
7213
7366
7516
7670
7820
7820
5985
6292
6443
6749
6903
7210
7366
7516
7516
7667
7820
7820
7973
7538
7846
7997
8304
8455
7385
7689
7997
8301
8455
7538
7843
8150
8304
8455
7692
7846
8150
8304
8612
7692
8000
8150
8458
8612
7692
8000
8154
8458
8612
7692
8000
8308
8458
8612
7849
8000
8308
8458
8612
7849
8000
8308
8458
8612
7849
8000
8308
8462
8612
7849
8000
8308
8462
8612
8766
7849
8000
8308
8462
8612
8766
7849
8154
8308
8458
8612
8766
7846
8154
8308
8458
8612
8766
7846
8154
8308
8458
8766
8919
7846
8154
8304
8612
8766
8919
8000
8154
8304
8612
8766
8916
8000
8154
8458
8612
8766
8916
8000
8154
8458
8612
8766
8916
8000
8154
8458
8612
8766
8919
6637
6792
6946
6946
7097
7097
7252
7252
7252
7406
7406
7406
7406
7406
7560
6637
6792
6946
6946
7100
7100
7255
7255
7255
7409
7406
7406
7406
7560
7560
6637
6792
6946
6946
7100
7100
7255
7255
7255
7406
7406
7406
7406
7406
7560
6637
6792
6946
6943
7097
7097
7252
7252
7252
7406
7406
7406
7406
7560
7560
6792
6792
6943
6943
7097
7097
7252
7252
7252
7406
7406
7406
7406
7560
7560
7560
6792
6792
6946
6946
7100
7100
7255
7255
7252
7406
7406
7406
7406
7560
7560
7560
6792
6792
6946
6946
7097
7097
7252
7252
7252
7406
7406
7406
7406
7560
7560
7560
6792
6789
6943
6943
7097
7097
7252
7252
7252
7406
7406
7406
7406
7560
7560
7560
7560
6792
6792
6946
7100
7100
7255
7255
7252
7403
7397
7394
7391
7542
7538
7535
7532
7529
5687
5992
6146
6302
6459
6610
6761
6914
6912
7065
7062
7216
7216
7366
7366
7366
7366
6141
6294
6448
6602
6752
6752
6906
7059
7059
7210
7210
7363
7363
7363
7363
7516
7516
5683
5834
6141
6294
6445
6599
6752
6906
6903
7056
7056
7216
7216
7366
7366
7366
7366
7516
5376
5680
5987
6141
6292
6445
6599
6755
6909
6909
7059
7059
7213
7213
7366
7363
7363
7363
5680
5834
6141
6294
6451
6602
6755
6909
6906
7059
7059
7213
7213
7363
7363
7363
7363
7516
6144
6294
6602
6599
6752
6906
7059
7059
7210
7210
7210
7363
7363
7363
7516
7516
7516
7516
7516
5680
5834
6141
6292
6445
6599
6752
6906
6903
7056
7056
7210
7213
7369
7366
7366
7366
7520
7516
5529
5834
5987
6294
6445
6599
6752
6752
6909
7062
7062
7216
7213
7213
7366
7366
7366
7516
7516
5529
5680
5987
6141
6294
6451
6602
6755
6909
7059
7059
7213
7213
7210
7363
7363
7363
7516
7516
7516
5834
5990
6144
6451
6602
6755
6755
6906
7059
7059
7213
7213
7213
7363
7363
7363
7516
7516
7516
7516
5683
5987
6141
6294
6445
6599
6752
6906
6906
7056
7210
7210
7210
7363
7366
7369
7375
7532
7535
7538
