7068
7375
7683
7990
8140
7225
7532
7840
8144
8297
7382
7686
7993
8301
8451
7535
7840
8147
8301
8451
7535
7843
7993
8301
8455
7689
7843
8147
8301
8608
7689
7843
8150
8301
8608
7689
7997
8301
8455
8608
7689
7997
8150
8455
8608
7689
7997
8150
8301
8608
8762
7689
7997
8304
8455
8608
8762
7689
7997
8304
8455
8608
8762
7843
8150
8301
8455
8608
8758
7843
8150
8301
8455
8608
8762
7843
8150
8301
8455
8762
8758
7997
8150
8455
8608
8762
8912
7997
8150
8301
8608
8762
8912
7997
8147
8455
8608
8762
8912
7997
8150
8455
8608
8762
8912
7997
8147
8455
8608
8758
8912
