6172
6172
6326
6326
6480
6480
6480
6635
6635
6635
6635
6789
6789
6789
6792
6792
6792
6792
6792
6946
6946
6946
6946
6946
6946
6946
6943
6940
6935
6932
6926
6923
6920
6920
6154
6305
6302
6456
6453
6451
6604
6604
6604
6755
6755
6752
6752
6752
6749
6903
6903
6903
6903
6903
6903
6903
6903
6903
6903
6900
6900
6900
6900
6900
6903
6903
6900
6900
4759
5068
5220
5527
5680
5831
5985
5985
6136
6292
6289
6443
6443
6596
6596
6596
6749
6749
6749
6747
6747
6747
6900
6900
6900
6900
6900
6900
6900
6900
6900
6900
6900
6900
6900
4452
4759
5066
5220
5378
5685
5839
5990
5990
6141
6294
6294
6445
6445
6599
6599
6599
6752
6749
6749
6749
6749
6749
6903
6903
6903
6903
6903
6903
6900
6900
6900
6903
6903
6903
4913
5218
5373
5529
5683
5836
5987
6141
6292
6292
6445
6445
6596
6599
6596
6749
6749
6749
6749
6749
6749
6903
6903
6903
6903
6903
6903
6903
6903
6903
6900
6900
6903
6903
6900
6900
4452
4761
5070
5378
5529
5680
5834
5987
6138
6138
6292
6445
6445
6451
6610
6613
6615
6618
6775
6778
6780
6780
6783
6783
6786
6940
6943
6943
6943
6946
6946
6946
6946
6946
6949
6949
6949
1227
1841
2454
3066
3526
3832
4291
4598
4902
5056
5362
5515
5666
5819
5972
6126
6279
6279
6432
6432
6582
6582
6582
6735
6735
6735
6735
6735
6888
6888
6888
6888
6888
6888
6888
6888
6888
4904
5058
5364
5515
5668
5822
5975
6128
6281
6279
6432
6432
6585
6585
6585
6585
6738
6738
6738
6738
6891
6891
6891
6891
6891
6891
6891
6888
6888
6888
6888
6888
6888
6888
6888
6888
6888
7042
5518
5668
5822
5975
6128
6126
6279
6432
6432
6585
6585
6585
6585
6738
6738
6738
6735
6888
6888
6888
6888
6888
6888
6888
6888
6888
6888
6888
6888
6888
6888
6888
6888
6888
7042
7042
7042
7044
7044
4293
4602
4907
5213
5364
5518
5671
5822
5975
6133
6292
6297
6453
6459
6461
6618
6621
6624
6780
6780
6783
6786
6786
6789
6789
6789
6943
6946
6946
6946
6946
6946
6949
6949
6949
6949
6949
6949
6949
6949
1228
1995
2609
3068
3528
3986
4293
4600
4907
5211
5364
5518
5671
5824
5975
6128
6281
6281
6435
6435
6588
6588
6588
6741
6741
6741
6741
6741
6894
6894
6894
6894
6894
6894
6894
6894
6894
6894
6894
6894
4911
5064
5369
5522
5676
5827
5980
6133
6287
6287
6440
6437
6591
6591
6591
6591
6744
6744
6741
6741
6741
6897
6897
6894
6894
6894
6894
6894
6894
6894
6894
6894
6894
6894
6894
6894
6894
6894
7047
7047
7047
5367
5673
5827
5980
5977
6131
6284
6284
6437
6437
6588
6588
6588
6741
6741
6741
6741
6741
6894
6894
6894
6894
6894
6894
6894
6894
6894
6894
6894
6894
6894
6894
6894
7047
7047
7047
7047
7047
7047
7047
7047
7047
4602
4913
5068
5380
5536
5692
5851
6007
6007
6164
6321
6321
6478
6478
6635
6635
6635
6637
6792
6792
6792
6792
6795
6795
6795
6949
6949
6949
6949
6949
6949
6949
6949
6949
6949
6949
6949
6949
6949
6949
6952
6952
6952
6334
6334
6488
6488
6643
6643
6643
6643
6797
6797
6797
6797
6797
6797
6797
6952
6952
6952
6952
6952
6952
6952
6952
6952
6952
6952
6952
6952
6952
6952
6952
6952
6952
6952
6952
6952
6952
6952
6952
6952
6952
6952
6952
6952
6334
6488
6488
6488
6643
6643
6643
6643
6797
6795
6795
6795
6795
6795
6795
6795
6949
6949
6949
6949
6949
6949
6949
6949
6949
6949
6949
6949
6949
6949
6949
6949
6949
6949
6949
6949
6949
6949
6949
6949
6949
6949
6949
6949
6331
6486
6486
6486
6640
6640
6640
6640
6795
6797
6797
6797
6797
6797
6797
6797
6952
6952
6952
6952
6952
6952
6952
6952
6952
6952
6952
6952
6952
6952
6952
6952
6952
6952
6952
6952
6952
6952
6952
6952
6952
6952
6952
6952
6952
6334
6334
6488
6488
6643
6643
6643
6643
6797
6797
6797
6797
6797
6797
6797
6797
6952
6952
6952
6952
6952
6952
6952
6952
6952
6952
6952
6952
6952
6952
6952
6952
6952
6952
6949
6949
6949
6946
6946
6946
6946
6946
6946
6946
6946
6946
6331
6331
6486
6486
6640
6640
6640
6640
6795
6795
6795
6795
6795
6795
6795
6795
6949
6949
6949
6949
6949
6949
6949
6952
6952
6952
6952
6952
6952
6952
6952
6952
6952
6952
6952
6952
6952
6952
6952
6952
6952
6952
6952
6952
6952
6952
6334
6334
6488
6488
6643
6643
6643
6643
6797
6797
6797
6797
6797
6797
6797
6797
6952
6952
6952
6952
6952
6952
6952
6952
6952
6952
6952
6952
6952
6952
6952
6952
6952
6952
6952
6952
6952
6952
6952
6952
6952
6952
6949
6949
6949
6949
6949
8311
8465
8773
8923
8157
8465
8773
8923
9077
8157
8465
8773
8923
9077
8311
8619
8769
9077
9231
8311
8619
8769
9077
9231
8311
8619
8773
8923
9077
8311
8619
8769
9077
9231
8465
8619
8923
9077
9231
8465
8619
8923
9077
9231
8465
8619
8923
9077
9231
9385
8465
8773
8923
9077
9231
9381
8465
8769
8923
9077
9231
9381
8619
8769
8923
9231
9381
9381
8615
8769
8923
9077
9227
9381
8465
8769
8923
9077
9231
9381
8619
8769
9077
9231
9385
9535
8619
8769
8923
9077
9385
9385
8619
8769
9077
9231
9385
9539
8619
8769
9077
9231
9385
9535
8619
8769
9077
9231
9385
9539
9535
