7840
8147
8297
8605
8758
7997
8301
8455
8762
8916
8150
8304
8612
8766
9069
8154
8458
8612
8919
9073
8308
8462
8766
8919
9073
8308
8462
8766
8919
9073
8308
8615
8766
8919
9073
9223
8308
8615
8766
8919
9227
9377
8308
8615
8766
9073
9227
9377
8308
8612
8766
9073
9223
9377
8462
8612
8919
9073
9223
9377
8458
8612
8919
9069
9223
9377
8458
8612
8919
9073
9223
9377
8462
8612
8919
9073
9223
9377
8462
8766
8919
9073
9227
9377
8462
8766
8919
9073
9227
9377
8462
8766
8919
9073
9227
9377
9531
8462
8766
8919
9073
9227
9377
9531
8615
8766
8919
9073
9223
9377
9531
8615
8766
8919
9227
9377
9377
9531
7240
7394
7545
7542
7538
7535
7532
7529
7529
7526
6146
6300
6451
6602
6755
6755
6906
7059
7056
7210
7363
4604
4757
5064
5371
5834
5985
6292
6445
6749
6903
6903
5220
5524
5831
6136
6289
6440
6747
6900
7053
7050
7204
4297
4602
5064
5371
5834
5985
6292
6443
6596
6749
6900
5218
5524
5831
6136
6289
6596
6747
6900
7053
7053
7207
6445
6599
6749
6903
7053
7207
7207
7360
7357
7510
7510
6599
6752
6903
7056
7207
7207
7360
7513
7510
7510
7664
7664
3990
3993
3995
4609
5073
5378
5683
5990
6294
6445
6599
6752
4913
5373
5678
5985
6136
6443
6596
6747
6900
7053
7207
7207
6445
6755
6912
7068
7225
7382
7535
7692
7846
7849
8003
7086
7240
7394
7548
7702
7702
7856
8010
8010
8013
8167
7246
7400
7554
7705
7705
7859
7859
8013
8013
8167
8167
7246
7400
7554
7708
7708
7862
8017
8017
8013
8167
8167
7246
7400
7554
7708
7862
7862
8017
8017
8017
8171
8171
8171
7403
7400
7554
7708
7862
7862
8017
8017
8017
8171
8171
8171
7403
7554
7554
7708
7862
7862
8017
8017
8171
8171
8171
8171
7403
7403
7554
7708
7862
7862
8017
8017
8171
8171
8171
8171
7403
7554
7554
7708
7862
7862
8017
8017
8171
8171
8171
8171
7403
7554
7554
7708
7862
7862
8017
8017
8171
8171
8171
8171
8325
