7240
7394
7548
7702
7702
7856
7856
8010
8010
7243
7394
7548
7702
7702
7856
7856
8010
8010
7243
7397
7551
7705
7705
7856
7856
8010
8010
7243
7397
7551
7705
7705
7859
7859
8010
8010
8164
7243
7397
7551
7705
7705
7859
8013
8010
8010
8164
7243
7397
7551
7705
7705
7859
8013
8010
8010
8164
7243
7397
7551
7705
7705
7859
8013
8010
8010
8164
7243
7397
7551
7705
7705
7859
8010
8010
8010
8164
7243
7397
7551
7705
7859
7859
8010
8010
8010
8164
8164
7243
7397
7551
7705
7859
7859
8010
8010
8010
8164
8164
7397
7397
7551
7705
7859
7859
8010
8010
8010
8164
8164
7397
7551
7551
7705
7856
7856
8010
8010
8164
8164
8164
7397
7397
7548
7702
7856
7856
8010
8010
8010
8164
8164
7397
7551
7551
7705
7859
7856
8010
8010
8164
8164
8164
8164
7397
7551
7705
7705
7859
7859
8010
8010
8164
8164
8164
8318
7397
7551
7705
7702
7856
7856
8010
8010
8164
8164
8164
8318
7397
7551
7702
7702
7856
7853
8007
8007
8157
8157
8161
8315
7394
7548
7702
7702
7856
7856
8010
8010
8164
8164
8164
8318
7394
7548
7702
7702
7856
7856
8010
8010
8164
8164
8164
8318
7397
7551
7705
7705
7856
7856
8010
8010
8164
8164
8164
8318
8318
6174
6329
6329
6483
6483
6483
6637
6637
6637
6637
6792
6792
6792
6792
6792
6792
6792
6792
6946
6946
6946
6946
6946
6946
6946
6946
6946
6946
6946
6946
6946
6946
6946
6946
6177
6329
6329
6483
6483
6483
6637
6637
6637
6637
6792
6792
6792
6792
6792
6792
6792
6792
6946
6946
6946
6946
6946
6946
6946
6946
6946
6946
6946
6946
6946
6946
6946
6946
6177
6331
6331
6486
6486
6486
6640
6637
6637
6637
6792
6792
6792
6792
6792
6792
6792
6792
6946
6946
6946
6946
6946
6946
6946
6946
6946
6946
6946
6946
6946
6946
6946
6946
6946
6177
6331
6331
6486
6486
6486
6637
6637
6637
6640
6792
6792
6792
6792
6792
6792
6792
6792
6792
6946
6946
6946
6946
6946
6946
6946
6946
6946
6946
6946
6946
6946
6946
6946
6946
6946
6177
6331
6331
6486
6483
6637
6637
6637
6637
6792
6792
6792
6792
6792
6792
6792
6792
6792
6946
6946
6946
6946
6946
6946
6946
6946
6946
6946
6946
6946
6946
6946
6946
6946
6946
6946
6946
6177
6331
6331
6486
6486
6486
6640
6640
6637
6637
6792
6792
6792
6792
6792
6792
6792
6792
6792
6946
6946
6946
6946
6946
6946
6946
6946
6946
6946
6946
6946
6946
6946
6946
6946
6946
6946
6331
6331
6486
6486
6486
6640
6637
6637
6637
6792
6792
6792
6795
6795
6792
6792
6795
6795
6946
6946
6946
6946
6946
6946
6946
6946
6946
6946
6946
6946
6946
6946
6946
6946
6946
6946
6946
6946
6329
6329
6483
6483
6483
6637
6637
6637
6637
6792
6792
6792
6792
6792
6792
6792
6792
6792
6946
6946
6946
6946
6946
6946
6946
6946
6946
6946
6946
6946
6946
6946
6946
6946
6946
6946
6946
6946
6946
6331
6331
6483
6483
6483
6640
6637
6637
6637
6792
6792
6792
6789
6783
6778
6775
6926
6920
6917
6914
6912
6909
6906
6906
6903
6900
6900
6897
6897
6897
6897
6894
6894
6894
6894
6891
6891
6891
6891
5213
5364
5671
5822
5975
5975
6128
6279
6279
6432
6432
6585
6585
6585
6738
6738
6735
6735
6735
6888
6888
6888
6888
6888
6888
6891
6888
6888
6888
6888
6888
6888
6891
6891
6891
6891
6891
6891
6891
6891
4291
4602
4907
5060
5364
5518
5668
5822
5975
6128
6281
6281
6432
6432
6585
6585
6585
6738
6738
6738
6735
6735
6888
6891
6888
6888
6888
6888
6888
6888
6888
6888
6888
6888
6888
6888
6888
6888
6888
7042
4598
4907
5058
5364
5518
5668
5822
5975
6128
6281
6279
6432
6432
6585
6585
6585
6738
6744
6752
6758
6761
6766
6769
6772
6929
6932
6935
6937
6937
6940
6940
6943
6943
6943
6946
6946
6946
6946
6949
6949
6949
461
614
768
1536
2150
2763
3224
3683
3988
4448
4753
4907
5213
5364
5671
5824
5977
5977
6131
6281
6281
6435
6435
6588
6588
6588
6741
6741
6741
6741
6741
6894
6894
6894
6894
6894
6894
6894
6894
6894
6894
6894
6894
5367
5520
5673
5824
5977
6131
6284
6284
6437
6435
6588
6588
6588
6741
6741
6741
6741
6741
6894
6894
6894
6894
6894
6894
6891
6891
6891
6891
6894
6894
6891
6891
6891
6891
6891
6891
7044
7044
7044
7044
7044
7044
7044
4140
4295
4450
4909
5062
5367
5520
5673
5824
5977
6131
6284
6284
6437
6437
6591
6588
6588
6741
6741
6741
6741
6741
6894
6894
6894
6894
6894
6894
6894
6894
6894
6894
6900
6906
6912
6914
6920
6923
6926
6929
6932
6935
6321
6323
6478
6480
6480
6635
6637
6637
6637
6792
6795
6795
6795
6795
6795
6795
6949
6949
6949
6949
6949
6952
6952
6952
6952
6952
6952
6952
6952
6952
6952
6952
6952
6952
6952
6952
6952
6952
6952
6952
6952
6952
6952
6952
6952
6179
6334
6334
6488
6488
6643
6643
6643
6643
6797
6797
6797
6797
6797
6797
6797
6797
6952
6952
6952
6952
6952
6952
6952
6952
6952
6952
6952
6952
6952
6952
6952
6952
6952
6949
6952
6952
6952
6952
6952
6952
6952
6952
6952
6952
6179
6334
6488
6488
6488
6643
6643
6643
6643
6797
6797
6797
6797
6797
6797
6797
6797
6952
6952
6952
6952
6952
6952
6952
6952
6952
6952
6952
6952
6952
6952
6952
6952
6952
6952
6952
6952
6952
6952
6952
6952
6952
6952
6952
6952
6952
6179
6334
6334
6488
6488
6488
6643
6643
6643
6643
6797
6797
6797
6797
6797
6797
6797
6797
6952
6952
6952
6952
6952
6952
6952
6952
6952
6952
6952
6952
6952
6952
6952
6952
6952
6952
6952
6952
6952
6952
6952
6952
6952
6952
6952
6952
6952
6179
6334
6334
6488
6488
6488
6643
6643
6643
6643
6797
6797
6797
6797
6797
6797
6797
6797
6952
6952
6952
6952
6952
6952
6952
6952
6952
6952
6952
6952
6952
6952
6952
6952
6952
6952
6952
6952
6952
6952
6952
6952
6952
6952
6952
6952
6952
