6169
6172
6326
6326
6480
6480
6635
6635
6635
6635
6789
6789
6789
6789
6792
6792
6792
6792
6792
6946
6946
6946
6946
6946
6946
6946
6946
6946
6946
6940
6935
6929
6926
6923
6000
6151
6149
6300
6297
6451
6448
6599
6599
6596
6749
6749
6747
6747
6747
6747
6897
6897
6897
6897
6897
6897
6897
6894
6894
6894
6894
6894
6894
6894
6894
6894
6894
6894
5367
5520
5673
5824
5977
6131
6131
6284
6437
6437
6437
6591
6591
6591
6741
6741
6741
6741
6741
6894
6894
6894
6894
6894
6894
6894
6894
6894
6894
6894
6894
6894
6894
6894
4142
4450
4757
5062
5215
5520
5673
5827
5980
6133
6131
6284
6437
6437
6437
6591
6591
6591
6744
6741
6741
6741
6741
6894
6894
6894
6894
6894
6894
6894
6894
6894
6894
6894
6894
5215
5367
5673
5827
5977
5977
6131
6284
6284
6437
6437
6591
6588
6588
6741
6741
6744
6752
6755
6761
6764
6923
6926
6929
6932
6932
6935
6937
6937
6940
6940
6940
6943
6943
6943
6946
1381
2148
2607
3220
3680
3985
4445
4751
4902
5209
5362
5515
5819
5972
5972
6126
6279
6279
6432
6429
6582
6582
6582
6735
6735
6735
6735
6735
6735
6888
6888
6888
6888
6888
6888
6888
4600
4907
5058
5364
5515
5668
5822
5975
6128
6281
6281
6435
6435
6588
6588
6591
6591
6744
6744
6744
6744
6744
6897
6897
6897
6897
6897
6897
6897
6897
6894
6894
6897
6897
6897
6897
6897
4757
5062
5215
5367
5673
5824
5977
6131
6128
6281
6281
6432
6432
6585
6585
6585
6738
6738
6738
6735
6735
6888
6888
6888
6888
6888
6888
6888
6888
6888
6888
6888
6888
6888
6888
6888
6888
7042
4446
4753
4907
5211
5364
5671
5822
5975
5975
6128
6281
6279
6432
6432
6585
6585
6588
6747
6752
6758
6761
6766
6769
6772
6929
6932
6935
6935
6937
6937
6940
6940
6943
6943
6943
6943
6946
6946
6946
6329
6329
6486
6486
6640
6640
6640
6640
6795
6795
6795
6795
6795
6795
6795
6795
6949
6949
6949
6952
6952
6952
6952
6952
6952
6952
6952
6949
6949
6949
6949
6949
6949
6949
6949
6949
6949
6949
6949
6949
6331
6486
6486
6486
6640
6640
6640
6640
6795
6795
6797
6797
6797
6797
6797
6797
6952
6952
6952
6952
6952
6952
6952
6952
6952
6952
6952
6952
6952
6952
6952
6949
6949
6949
6949
6949
6949
6949
6949
6949
6331
6331
6486
6486
6640
6640
6640
6640
6795
6795
6795
6795
6795
6795
6795
6795
6795
6949
6949
6949
6949
6949
6949
6949
6949
6949
6949
6949
6949
6949
6949
6949
6949
6949
6949
6949
6949
6949
6949
6949
6949
6331
6331
6486
6486
6486
6640
6640
6640
6640
6797
6797
6797
6797
6797
6797
6797
6797
6952
6952
6952
6952
6952
6949
6949
6949
6949
6949
6949
6949
6949
6949
6949
6949
6949
6949
6949
6949
6949
6949
6949
6949
6949
6331
6331
6486
6486
6640
6640
6640
6640
6795
6795
6795
6795
6795
6795
6795
6795
6795
6949
6949
6949
6949
6949
6949
6949
6949
6949
6949
6949
6952
6952
6952
6952
6952
6952
6952
6952
6952
6952
6952
6952
6952
6952
6952
6334
6334
6488
6488
6488
6643
6643
6643
6643
6797
6797
6797
6797
6797
6797
6797
6797
6952
6952
6952
6952
6952
6949
6949
6949
6949
6949
6949
6949
6949
6949
6949
6949
6949
6949
6949
6949
6949
6949
6949
6949
6949
6949
6952
6334
6334
6488
6488
6488
6643
6643
6643
6640
6795
6795
6795
6795
6795
6795
6795
6795
6949
6949
6949
6949
6949
6949
6949
6949
6949
6949
6949
6949
6952
6952
6952
6952
6952
6952
6952
6952
6952
6952
6952
6952
6952
6952
6952
6334
6334
6488
6488
6488
6643
6643
6643
6643
6797
6797
6797
6797
6797
6797
6797
6797
6952
6952
6952
6952
6952
6952
6952
6952
6952
6952
6952
6952
6952
6952
6952
6952
6952
6952
6952
6952
6952
6952
6952
6952
6952
6952
6952
6952
6334
6334
6488
6488
6488
6643
6643
6643
6643
6797
6797
6797
6797
6797
6797
6797
6797
6797
6952
6952
6952
6952
6952
6952
6952
6952
6952
6952
6952
6952
6952
6952
6952
6952
6952
6949
6949
6949
6949
6949
6949
6949
6949
6949
6949
6949
6331
6331
6486
6486
6486
6640
6640
6640
6640
6795
6795
6795
6795
6795
6795
6795
6795
6795
6949
6949
6949
6952
6952
6952
6952
6952
6952
6952
6952
6952
6952
6952
6952
6952
6952
6952
6952
6952
6952
6952
6952
6952
6952
6952
6952
6952
6952
6334
6334
6488
6488
6488
6643
6643
6643
6643
6797
6797
6797
6797
6797
6797
6797
6797
6952
6952
6952
6952
6952
6952
6952
6952
6952
6952
6952
6952
6952
6952
6952
6952
6952
6952
6952
6952
6952
6952
6952
6952
6952
6952
6952
6952
6952
6952
6792
6792
6946
7100
7097
7252
7252
7252
7406
7406
7406
7406
7406
7560
6792
6946
6946
7097
7097
7252
7252
7252
7406
7406
7406
7406
7406
7560
7560
6792
6946
6946
7100
7097
7252
7252
7252
7406
7406
7406
7406
7406
7560
7560
6789
6943
6943
7097
7097
7252
7252
7252
7406
7406
7406
7406
7406
7560
7560
6789
6943
6943
7097
7097
7252
7252
7252
7406
7406
7406
7406
7406
7560
7560
6789
6943
6943
7097
7097
7252
7252
7252
7406
7406
7406
7406
7406
7560
7560
7560
6792
6946
6946
7097
7097
7252
7252
7252
7406
7406
7406
7406
7406
7560
7560
7560
6792
6946
6946
7097
7097
7252
7252
7252
7406
7406
7406
7406
7406
7560
7560
7560
6792
6946
6946
7097
7097
7252
7252
7252
7406
7406
7406
7406
7560
7560
7560
7560
7560
6792
6946
6946
7097
7097
7252
7252
7252
7406
7406
7406
7406
7560
7560
7560
7560
7560
6792
6946
6946
7100
7097
7252
7252
7252
7406
7406
7406
7406
7406
7560
7560
7560
7560
7560
6789
6943
7097
7097
7097
7252
7252
7406
7406
7406
7406
7406
7560
7560
7560
7560
7560
6792
6943
6943
7097
7097
7252
7252
7252
7406
7406
7406
7406
7560
7560
7560
7560
7560
7560
6946
6946
7097
7097
7252
7252
7252
7406
7406
7406
7406
7406
7560
7560
7560
7560
7560
7560
6792
6946
6946
7097
7097
7252
7252
7252
7406
7406
7406
7406
7560
7560
7560
7560
7560
7560
7560
6792
6946
7100
7097
7097
7252
7252
7252
7406
7406
7406
7406
7560
7560
7560
7560
7560
7560
7560
6789
6943
6943
7097
7097
7252
7252
7249
7403
7403
7400
7400
7554
7554
7557
7557
7557
7557
7557
6789
6943
6943
7097
7097
7252
7252
7252
7406
7406
7406
7406
7560
7560
7560
7560
7560
7560
7560
6789
6943
7097
7097
7252
7252
7252
7406
7406
7406
7406
7406
7560
7560
7560
7560
7560
7560
7560
7560
6792
6946
7097
7097
7097
7252
7252
7252
7406
7406
7406
7406
7560
7560
7560
7560
7560
7560
7560
7560
7246
7400
7554
7708
7708
7862
7862
8017
8017
7246
7400
7554
7708
7708
7862
7862
8017
8017
7246
7400
7554
7708
7708
7862
7862
8017
8017
7246
7400
7554
7708
7708
7862
7862
8017
8017
7246
7400
7554
7708
7708
7862
8017
8017
8017
8171
7400
7554
7554
7708
7862
7862
8017
8013
8013
8167
7400
7554
7554
7708
7862
7859
8013
8013
8013
8167
7400
7554
7554
7708
7862
7862
8017
8017
8017
8171
7400
7554
7708
7708
7862
7862
8017
8017
8171
8171
7400
7554
7708
7708
7862
7862
8017
8017
8171
8171
7400
7554
7708
7708
7862
7862
8017
8017
8171
8171
8171
7400
7554
7708
7708
7862
7862
8017
8017
8171
8171
8171
7400
7554
7708
7708
7862
7862
8017
8017
8171
8171
8171
7400
7554
7554
7708
7862
7862
8017
8017
8171
8171
8167
7400
7554
7708
7708
7862
7862
8017
8017
8171
8171
8167
8167
7400
7554
7708
7708
7862
8017
8017
8013
8167
8167
8167
7400
7554
7708
7708
7862
7859
8013
8013
8167
8167
8167
8167
7400
7554
7708
7708
7862
7862
8017
8017
8171
8167
8167
8167
7554
7554
7708
7862
7862
8017
8017
8017
8171
8171
8167
8322
7400
7554
7708
7708
7862
7862
8017
8017
8171
8171
8171
8167
