7240
7394
7542
7538
7532
7683
7680
7676
7827
7827
6912
7062
7213
7210
7363
7360
7513
7510
7664
7664
4600
5062
5367
5673
5977
6284
6437
6591
6741
6894
6133
6287
6440
6593
6744
6897
7050
7201
7201
7354
7507
4446
4602
5060
5367
5673
5977
6284
6437
6588
6741
6894
5980
6287
6437
6591
6744
6894
7047
7201
7354
7354
7507
4600
4753
5060
5367
5673
5980
6284
6437
6591
6744
6894
5522
5829
5980
6287
6440
6591
6897
6897
7047
7201
7354
7354
6593
6747
6747
6900
7050
7050
7204
7357
7354
7507
7507
7507
4446
4600
5060
5520
5827
5977
6284
6437
6741
6894
7047
7047
5827
6133
6284
6437
6744
6897
7047
7047
7201
7354
7351
7504
5378
5687
5995
6305
6615
6769
7080
7234
7388
7545
7699
6778
7086
7240
7397
7551
7551
7705
7859
7859
8013
8013
7246
7400
7554
7554
7705
7859
7859
8013
8013
8167
8167
7246
7400
7554
7708
7862
7862
8017
8017
8017
8171
8171
8171
7403
7400
7554
7708
7862
7862
8017
8017
8171
8171
8171
8171
7403
7400
7554
7708
7862
7862
8017
8017
8017
8171
8171
8171
7249
7400
7554
7708
7862
7862
8017
8017
8017
8171
8171
8171
7403
7400
7554
7708
7862
7862
8017
8017
8171
8171
8171
8171
7403
7403
7554
7708
7862
7862
8017
8017
8171
8171
8171
8171
8325
8007
8315
8465
8773
8927
8007
8315
8619
8773
8927
8007
8311
8619
8773
8923
8161
8311
8619
8773
9077
8161
8311
8619
8773
9077
8161
8465
8619
8927
8923
8612
8455
4915
5068
5529
5680
5834
5985
6138
6289
6289
6440
4909
5215
5522
5673
5827
5980
6133
6287
6284
6437
6437
5369
5522
5829
5980
6133
6133
6284
6437
6437
6591
6591
6591
5522
5827
5980
6133
6133
6284
6437
6437
6591
6591
6588
6741
462
616
924
1539
2153
2768
3228
3687
4148
4454
4759
5066
5218
4608
4913
5220
5371
5524
5831
5982
6136
6136
6289
6440
6440
5680
5831
5985
6138
6289
6289
6443
6443
6593
6593
6593
6747
6747
5985
6448
6909
7369
7680
7987
7378
7686
7993
8301
8608
8762
8000
8308
8458
8766
8919
9073
8154
8462
8769
8923
9077
9227
9381
8311
8619
8769
9077
9231
9385
9539
8465
8619
8927
9077
9231
9385
9539
8465
8619
8927
9077
9231
9385
9539
6179
6334
6334
6488
6488
6483
6632
6626
6621
6772
6766
6764
6761
6764
6761
6912
6912
6909
6906
6906
6903
6903
6903
6900
6900
6900
6900
6897
6897
6897
6897
6897
6906
6300
6305
6461
6464
6467
6624
6626
6629
6629
6786
6786
6786
6789
6789
6789
6792
6792
6792
6946
6946
6946
6949
6949
6949
6949
6949
6949
6949
6949
6949
6949
6949
6949
6949
6177
6331
6331
6488
6488
6488
6640
6643
6643
6640
6797
6795
6795
6797
6797
6795
6795
6795
6952
6949
6949
6952
6949
6952
6952
6952
6952
6949
6952
6952
6949
6952
6952
6952
6952
6179
6334
6334
6488
6488
6488
6643
6643
6643
6643
6797
6797
6797
6797
6797
6797
6797
6797
6797
6952
6952
6952
6952
6952
6952
6952
6952
6952
6952
6952
6952
6952
6949
6952
6952
6949
6179
6334
6334
6488
6488
6488
6643
6643
6643
6643
6797
6797
6797
6797
6797
6795
6795
6795
6949
6952
6952
6952
6952
6952
6949
6949
6952
6952
6952
6952
6952
6949
6952
6949
6952
6949
6952
6179
6334
6334
6488
6488
6488
6643
6643
6643
6643
6797
6797
6797
6797
6797
6797
6797
6797
6952
6952
6952
6952
6952
6952
6952
6952
6952
6952
6952
6952
6952
6952
6952
6952
6952
6949
6952
6179
6334
6334
6488
6488
6488
6643
6643
6643
6643
6797
6797
6797
6797
6797
6797
6797
6797
6797
6952
6952
6952
6952
6952
6952
6952
6952
6952
6952
6952
6952
6952
6952
6952
6952
6952
6952
6952
6179
6334
6334
6488
6488
6488
6643
6643
6643
6643
6797
6797
6797
6797
6797
6797
6797
6797
6797
6952
6952
6952
6952
6952
6952
6952
6952
6952
6952
6952
6952
6952
6952
6952
6952
6952
6952
6952
6952
6179
6334
6334
6488
6488
6488
6643
6643
6643
6643
6797
6797
6797
6797
6797
6797
6797
6797
6797
6952
6952
6952
6952
6952
6952
6952
6952
6952
6952
6952
6952
6952
6952
6952
6952
6952
6952
6952
6952
6179
6334
6334
6488
6488
6488
6643
6643
6643
6643
6797
6797
6797
6797
6797
6797
6797
6797
6797
6952
6952
6952
6952
6952
6952
6952
6952
6952
6952
6952
6952
6952
6952
6952
6952
6952
6952
6952
6952
6952
6179
6334
6334
6488
6488
6488
6643
6643
6643
6643
6797
6797
6797
6797
6797
6795
6795
6797
6797
6952
6952
6949
6952
6952
6952
6952
6952
6952
6952
6952
6952
6952
6949
6952
6952
6952
6952
6952
6952
6952
6952
6179
6334
6334
6488
6488
6488
6643
6643
6643
6643
6797
6797
6797
6797
6797
6797
6797
6797
6952
6952
6952
6952
6952
6952
6952
6952
6952
6952
6952
6952
6952
6952
6952
6952
6952
6952
6952
6952
6952
6952
6952
6952
6179
6334
6334
6488
6488
6488
6643
6643
6643
6643
6797
6797
6797
6797
6797
6797
6797
6797
6797
6952
6952
6952
6952
6952
6952
6952
6952
6952
6952
6952
6952
6952
6952
6952
6952
6952
6952
6952
6952
6952
6952
6952
6179
6334
6334
6488
6488
6488
6643
6643
6643
6643
6797
6797
6797
6795
6795
6795
6795
6795
6952
6952
6952
6949
6952
6952
6952
6949
6949
6949
6949
6952
6952
6952
6952
6952
6952
6952
6952
6952
6952
6952
6952
6952
6952
6179
6334
6334
6488
6488
6643
6643
6643
6643
6643
6797
6797
6797
6797
6797
6797
6797
6797
6952
6952
6952
6952
6952
6952
6952
6952
6952
6952
6952
6952
6952
6952
6952
6952
6952
6952
6952
6952
6952
6952
6952
6952
6952
6952
6179
6334
6334
6488
6488
6488
6643
6643
6643
6643
6797
6797
6797
6797
6797
6797
6797
6797
6952
6952
6952
6952
6952
6952
6952
6952
6952
6952
6952
6952
6952
6952
6952
6952
6952
6952
6952
6952
6952
6952
6952
6952
6952
6952
6952
6179
6334
6334
6488
6488
6643
6643
6643
6643
6643
6797
6797
6797
6797
6797
6795
6795
6795
6795
6949
6949
6946
6949
6949
6949
6949
6949
6949
6949
6949
6949
6949
6949
6949
6949
6949
6949
6949
6949
6949
6949
6949
6949
6949
6952
6179
6334
6334
6488
6488
6488
6643
6643
6643
6643
6797
6797
6797
6797
6797
6797
6797
6797
6797
6952
6952
6952
6952
6952
6952
6952
6952
6952
6952
6952
6952
6952
6952
6952
6952
6952
6952
6952
6952
6952
6952
6952
6952
6952
6952
6952
6179
6334
6334
6488
6488
6488
6643
6643
6643
6643
6797
6797
6797
6797
6797
6797
6797
6797
6797
6952
6952
6952
6952
6952
6952
6952
6952
6952
6952
6952
6952
6952
6952
6952
6952
6952
6949
6952
6949
6952
6952
6952
6949
6952
6952
6952
6952
6179
6334
6334
6488
6488
6488
6643
6643
6643
6643
6797
6797
6797
6797
6797
6797
6797
6797
6797
6952
6952
6952
6952
6952
6952
6952
6952
6952
6952
6952
6952
6952
6952
6952
6952
6952
6952
6952
6952
6952
6952
6952
6952
6952
6952
6952
6952
