6453
6604
6758
6909
6909
7059
7059
7213
7213
7366
7363
7363
7363
7520
4763
5068
5376
5680
5834
6141
6294
6445
6604
6761
6917
6917
7068
7065
7219
5226
5531
5685
5990
6144
6294
6448
6604
6758
6912
6909
7062
7062
7213
7213
5529
5683
5987
6141
6297
6451
6604
6755
6909
6906
7059
7213
7213
7210
7363
5224
5534
5839
5992
6144
6451
6602
6755
6755
6909
7059
7059
7213
7213
7213
7366
5376
5683
5834
6141
6294
6445
6599
6752
6906
6906
7059
7059
7216
7216
7369
7366
5378
5683
5836
6141
6294
6448
6599
6752
6909
6912
7062
7062
7216
7213
7366
7366
5529
5836
5987
6294
6448
6602
6758
6758
6909
7062
7062
7216
7213
7213
7366
7366
7366
5376
5683
5836
6146
6300
6451
6604
6755
6909
6909
7059
7059
7213
7213
7366
7366
7363
5836
5990
6297
6448
6602
6755
6752
6906
7059
7059
7210
7210
7363
7363
7363
7363
7516
5529
5680
5987
6138
6292
6445
6599
6752
6906
6903
7056
7210
7213
7216
7369
7366
7366
5529
5836
5987
6294
6448
6599
6752
6752
6906
7059
7062
7216
7216
7369
7366
7366
7366
7520
5683
5834
6141
6294
6448
6599
6752
6909
6912
7062
7062
7216
7213
7366
7366
7366
7366
7516
4917
5222
5529
5685
5995
6149
6302
6453
6607
6758
6912
6909
7062
7216
7216
7213
7366
7366
5683
5987
6144
6297
6451
6604
6755
6909
6909
7059
7059
7213
7213
7366
7363
7363
7363
7516
7516
6294
6448
6602
6752
6752
6906
7059
7056
7210
7210
7210
7363
7363
7363
7516
7516
7513
7516
7513
5373
5680
5987
6141
6292
6445
6599
6752
6906
6903
7056
7210
7210
7213
7369
7372
7378
7382
7538
462
462
770
1385
2153
2768
3382
3841
4302
4761
5066
5376
5687
5844
6154
6308
6464
6621
6775
6778
6932
461
460
768
1537
2151
2918
3377
3990
4450
4755
5062
5369
5673
5980
6133
6284
6437
6591
6744
6897
6897
4448
4757
5215
5522
5673
5980
6133
6287
6437
6591
6744
6897
7050
7050
7204
7204
7201
7354
7354
7357
7542
7696
8000
8308
8458
7542
7849
8000
8308
8462
7542
7849
8154
8308
8458
7696
7849
8154
8308
8612
7696
8000
8154
8308
8612
7696
8000
8154
8462
8612
7696
8000
8154
8462
8612
7849
8000
8308
8462
8612
7849
8000
8308
8462
8612
7849
8000
8308
8462
8612
8766
7849
8000
8308
8462
8612
8766
7849
8000
8308
8462
8612
8766
7846
8154
8308
8458
8612
8766
7846
8154
8304
8458
8612
8766
7846
8154
8304
8458
8766
8766
7846
8154
8304
8612
8766
8919
8000
8154
8308
8612
8766
8919
8000
8154
8462
8612
8766
8919
8000
8154
8462
8612
8766
8919
8000
8154
8462
8612
8766
8919
