7843
8150
8458
8766
8916
8000
8304
8612
8766
8919
8154
8458
8612
8919
9073
8154
8462
8612
8919
9073
8154
8462
8766
8919
9073
8308
8458
8766
8919
9069
8308
8458
8766
8919
9069
9223
8308
8612
8766
8916
9223
9377
8304
8612
8766
8919
9223
9377
8308
8612
8766
9073
9223
9377
8308
8612
8766
9073
9223
9377
8462
8612
8919
9073
9223
9377
8462
8612
8919
9073
9223
9377
8462
8612
8919
9073
9223
9377
8462
8766
8919
9073
9223
9377
8462
8766
8919
9073
9223
9377
8462
8766
8919
9073
9223
9377
9531
8462
8766
8919
9073
9223
9377
9531
8612
8766
8919
9073
9223
9377
9531
8612
8766
8919
9227
9377
9377
9531
7243
7397
7551
7702
7702
7856
7856
8010
8010
7243
7397
7548
7702
7702
7856
7856
8010
8010
7243
7397
7548
7702
7702
7856
7856
8003
7846
7843
5073
5378
5529
5834
6138
6289
6596
6747
6897
7050
7204
4600
4755
5215
5520
5827
6131
6284
6435
6741
6894
7047
6133
6287
6437
6744
6894
7047
7047
7198
7351
7351
7504
4295
4602
5060
5367
5671
5977
6131
6435
6588
6741
6891
4138
4446
4600
5060
5364
5671
5975
6281
6435
6588
6741
6891
5827
6133
6284
6591
6741
6894
7047
7198
7198
7351
7351
7504
4291
4446
4753
5213
5518
5824
6131
6281
6588
6741
6891
7044
5980
6131
6284
6591
6741
6894
7047
7198
7198
7351
7504
7504
7504
4598
4751
5058
5520
5827
6131
6284
6588
6741
6894
7047
7198
5520
5977
6131
6435
6588
6741
6891
7044
7198
7351
7351
7501
4138
4445
4907
5367
5673
5977
6284
6437
6588
6741
6894
7047
7198
5673
5982
6294
6604
6761
7071
7225
7382
7538
7692
7692
7849
6929
7240
7394
7548
7548
7702
7856
7856
8007
8010
8161
8164
7243
7397
7551
7705
7705
7859
7859
8013
8013
8167
8167
8167
7400
7400
7554
7708
7862
7859
8013
8013
8167
8167
8167
8167
7400
7400
7554
7708
7862
7862
8017
8017
8167
8167
8167
8167
7400
7400
7554
7708
7862
7862
8017
8017
8171
8167
8167
8322
8322
