7532
7836
8144
8297
8451
7686
7840
8147
8297
8605
7689
7993
8147
8451
8605
7689
7993
8301
8455
8605
7843
7993
8301
8455
8605
7843
8147
8301
8455
8605
7843
8150
8301
8455
8608
7843
8150
8301
8455
8762
7843
8150
8301
8608
8762
7843
8147
8301
8455
8608
8758
7843
8147
8301
8455
8608
8758
7843
7993
8297
8451
8601
8755
7840
8144
8297
8451
8758
8755
7993
8147
8297
8605
8758
8912
7993
8147
8455
8605
8758
8912
7993
8301
8455
8605
8758
8912
7997
8301
8455
8608
8758
8912
7997
8301
8455
8608
8762
8912
7997
8301
8455
8608
8762
8912
8150
8301
8455
8608
8762
8912
8000
8308
8612
8766
9073
8154
8308
8612
8766
9073
8154
8462
8612
8919
9073
8154
8462
8612
8919
9073
8154
8462
8766
8919
9073
8308
8462
8766
8919
9073
8308
8462
8766
8919
9073
9227
8308
8615
8766
8919
9227
9381
8308
8615
8766
9073
9227
9381
8308
8615
8766
9073
9227
9381
8462
8615
8919
9073
9227
9381
8462
8615
8919
9073
9227
9381
8462
8615
8919
9073
9227
9381
8462
8615
8919
9073
9227
9381
8462
8769
8919
9073
9227
9381
8462
8769
8919
9073
9227
9381
8462
8766
8919
9073
9227
9377
9531
8462
8769
8919
9073
9227
9381
9531
8615
8769
8919
9073
9227
9377
9531
8615
8766
8919
9227
9377
9377
9531
6786
6786
6940
7095
7095
7095
7249
7249
7403
7403
7403
7403
7400
7554
7554
6786
6937
6932
7083
7077
7228
7225
7375
7372
7372
7369
7520
7520
7516
6294
6445
6599
6749
6903
6903
7053
7207
7207
7207
7360
7357
7357
7357
7510
6443
6596
6747
6900
6900
7053
7050
7204
7204
7357
7357
7357
7357
7510
7510
6289
6443
6596
6747
6747
6900
7053
7050
7204
7204
7204
7357
7357
7357
7510
7510
6136
6289
6596
6593
6747
6900
7053
7050
7204
7204
7204
7357
7357
7357
7510
7510
5982
6136
6289
6443
6593
6747
6900
6900
7053
7053
7207
7207
7360
7360
7357
7357
5371
5524
5831
5982
6289
6443
6593
6747
6747
6900
7053
7053
7207
7207
7357
7357
5524
5829
6136
6289
6440
6593
6747
6900
6900
7050
7053
7204
7204
7357
7357
7357
7357
5829
5982
6133
6440
6593
6747
6744
6897
7050
7050
7204
7204
7357
7357
7357
7357
7507
5524
5829
5982
6287
6440
6593
6747
6744
6897
7050
7050
7204
7204
7357
7357
7357
7354
5522
5834
5990
6300
6459
6615
6615
6772
6929
6932
7086
7089
7243
7243
7400
7400
7400
7400
465
465
620
620
775
775
775
930
930
930
929
929
1084
1084
1084
1084
1084
1084
1084
1084
1084
1084
1084
1084
1084
1084
1239
1239
1239
1239
1239
1239
1239
1239
1239
1239
1239
1239
1239
1239
1239
1239
1239
1239
1239
1239
1239
1239
1239
1239
1239
1239
1239
1239
1239
1239
1239
1239
1239
1239
1239
1239
1239
1239
1239
1394
2168
2786
2630
2630
3248
3712
4174
4636
4945
5255
5561
5870
6025
6177
6331
6486
6640
6795
6946
6946
7100
6331
6483
6637
6792
6792
6946
7100
7100
7255
7255
7255
7409
7409
7409
7409
7406
7560
7560
7560
6792
6792
6946
7100
7100
7100
7255
7255
7255
7409
7409
7409
7406
7560
7560
7560
7560
7560
7560
6792
6792
6946
7100
7100
7255
7255
7255
7409
7409
7409
7406
7406
7560
7560
7560
7560
7560
7560
6792
6946
6946
7100
7100
7255
7255
7255
7409
7406
7406
7406
7406
7560
7560
7560
7560
7560
7560
7560
6792
6946
6946
7097
7097
7252
7252
7252
7406
7406
7406
7406
7406
7560
7560
7560
7560
7560
7560
7560
6792
6946
6946
7100
7100
7255
7255
7255
7409
7406
7406
7406
7406
7560
7560
7560
7560
7560
7560
7560
