616
616
924
1539
2308
2924
3540
4003
4465
4771
5077
5382
5687
5992
6146
6297
4763
5070
5376
5685
5995
6149
6300
6453
6604
6758
6909
6909
7062
7059
7213
5376
5529
5839
5990
6297
6448
6602
6755
6752
6906
7059
7059
7210
7210
7210
6297
6448
6602
6755
6752
6906
7059
7059
7210
7210
7210
7363
7363
7363
7363
4915
5222
5529
5680
5987
6141
6292
6445
6599
6752
6912
6914
7068
7065
7219
7216
5378
5685
5990
6144
6294
6448
6602
6752
6909
6912
7065
7062
7216
7216
7366
7366
5376
5683
5836
6141
6294
6448
6604
6758
6912
6909
7062
7062
7213
7213
7366
7366
5683
5834
6141
6294
6451
6602
6755
6909
6909
7059
7059
7213
7213
7366
7363
7363
7363
5529
5839
5990
6144
6448
6602
6599
6752
6906
7059
7059
7210
7210
7210
7363
7363
7363
5529
5680
5987
6141
6294
6445
6599
6752
6906
6906
7056
7210
7210
7213
7369
7369
7366
5529
5836
5987
6294
6448
6602
6752
6752
6906
7059
7059
7216
7216
7216
7369
7366
7366
5376
5683
5990
6141
6294
6448
6599
6752
6909
6912
7062
7062
7216
7213
7366
7366
7366
7366
5529
5836
5987
6141
6448
6602
6604
6755
6909
7062
7059
7213
7213
7213
7366
7363
7363
7516
5529
5680
5987
6144
6297
6448
6602
6755
6906
7059
7059
7213
7213
7210
7363
7363
7363
7516
5680
5990
6141
6294
6448
6599
6752
6906
7059
7056
7210
7210
7210
7363
7363
7363
7363
7516
7516
5683
5834
6141
6294
6445
6599
6752
6906
6906
7059
7056
7210
7210
7363
7363
7366
7372
7529
7532
461
615
924
1693
2308
2922
3535
3996
4456
4915
5222
5527
5680
5985
6138
6292
6443
6596
6749
6903
4300
4609
4917
5222
5529
5834
5987
6292
6445
6599
6752
6749
6903
7056
7056
7210
7210
7207
7360
7360
4606
4913
5220
5376
5683
5987
6141
6292
6445
6599
6752
6903
6903
7056
7210
7210
7210
7360
7360
7360
5987
6292
6445
6599
6749
6749
6903
7056
7053
7207
7207
7207
7360
7360
7360
7513
7513
7513
7513
7513
