4915
5068
5373
5678
5831
6136
6443
5834
6141
6292
6445
6596
6596
6747
5066
5371
5678
5985
6292
6752
5987
6138
6292
6443
6596
6596
6747
6900
5373
5678
6138
6445
6906
6906
5068
5376
5680
5831
5985
6136
6289
6443
5834
6294
6602
6906
6906
7056
7056
5222
5373
5678
5831
5985
6289
6596
6749
5987
6448
6602
6752
6752
6903
6903
7056
5373
5527
5678
5985
6292
6596
6906
6297
6448
6602
6752
6752
6903
6903
7056
7053
5220
5524
5985
6292
6599
6906
7059
5222
5222
5373
5527
5678
5831
5982
6136
6289
6596
4913
5220
5371
5524
5676
5829
5982
6136
6133
6287
6593
5834
6138
6138
6289
6443
6443
6440
6593
6593
6593
6747
5218
5678
5829
5982
6136
6133
6287
6287
6440
6440
6593
4911
5371
5831
6138
6138
6289
6289
6443
6443
6593
4913
5218
5371
5678
5985
6292
6289
6443
6443
6593
6593
4759
5064
5371
5522
5676
5982
6289
6443
6596
6593
6593
4913
5064
5218
5524
5676
5829
5982
6136
6596
6596
6596
7095
7249
7400
7554
7708
7708
7862
8017
8017
7095
7246
7400
7554
7708
7862
7862
8017
8017
7246
7400
7400
7554
7708
7862
7862
8017
8017
7246
7400
7554
7554
7708
7862
7862
8017
8017
8167
7249
7400
7554
7554
7708
7862
7862
8017
8017
8171
7249
7403
7554
7554
7708
7862
7862
8017
8017
8171
7249
7403
7554
7708
7708
7862
7862
8017
8017
8171
7249
7403
7554
7708
7708
7862
7862
8017
8017
8171
7249
7403
7554
7708
7708
7862
7862
8017
8017
8171
8171
7249
7403
7554
7708
7708
7862
7862
8017
8017
8171
8171
7249
7403
7554
7708
7708
7862
7862
8017
8017
8171
8171
7249
7403
7554
7708
7708
7862
7862
8017
8017
8171
8171
7249
7403
7554
7708
7708
7862
7862
8017
8017
8171
8171
7246
7400
7554
7708
7708
7862
8017
8017
8017
8167
8167
7246
7400
7554
7708
7708
7862
8017
8017
8017
8171
8171
8171
7249
7400
7554
7708
7862
7862
8017
8017
8017
8171
8171
8171
7403
7403
7554
7708
7862
7862
8017
8017
8017
8171
8171
8171
7403
7557
7554
7708
7862
7862
8017
8017
8017
8167
8161
8157
6000
6305
6456
6761
6912
7216
7369
7520
7520
7673
7830
7827
5990
6294
6602
6752
6906
7210
7363
7516
7513
7667
7820
7820
