462
616
924
1540
2310
3078
3692
2923
2768
3075
3382
3841
4147
4454
4759
5064
4147
4608
5222
5683
5834
5987
6138
4608
4915
5066
5371
5524
5678
5829
5982
6136
5220
5680
6141
6292
6292
6445
6443
6596
4761
5066
5218
5524
5678
5829
5982
6136
6133
5680
5831
5985
6136
6136
6289
6440
6440
6440
6593
4759
5064
5371
5522
5676
5982
6443
6443
6440
4759
5066
5218
5371
5676
5829
5829
5980
6133
6287
5066
5527
5831
5985
6138
6136
6289
6289
6440
4759
5064
5218
5524
5676
5829
5982
5982
6443
465
620
929
1239
1548
2320
3091
4016
3707
4322
5092
5552
6167
6626
6010
6470
6932
7237
7542
7849
7083
7083
7237
7542
7696
8000
7234
7542
7846
8154
8304
8458
7696
7846
8154
8304
8612
8766
7846
8000
8304
8458
8612
8766
7846
8154
8308
8458
8766
8766
8000
8154
8308
8612
8766
8919
