6464
6467
6313
6159
6159
6007
5393
5393
5393
5393
5393
5393
4779
4933
4933
4933
5087
5087
4625
4933
5548
6007
6467
6007
6315
6621
6929
7388
6775
7083
7388
7696
7846
7234
7542
7692
8000
8308
7542
7692
8000
8308
8458
7696
7846
8154
8304
8458
7696
8000
8154
8304
8612
8766
7696
7846
8154
8308
8458
8612
7696
8000
8154
8462
8612
8766
7849
8000
8308
8462
8612
8766
7849
8154
8308
8458
8612
8766
7846
8154
8308
8458
8612
8766
7846
8154
8308
8458
8612
8762
7843
7997
8301
8455
8608
8762
7843
8150
8304
8458
8608
8762
7846
8154
8304
8458
8766
8762
8000
8154
8304
8612
8766
8919
7853
8161
8465
8619
8927
8007
8315
8465
8773
8927
8007
8315
8619
8773
8927
8007
8315
8619
8773
8927
8161
8315
8619
8773
9081
8161
8469
8619
8927
9081
8161
8469
8619
8927
9081
9231
8161
8465
8619
8927
9081
9231
8161
8465
8773
8927
9081
9231
8315
8465
8773
8927
9077
9231
8315
8465
8773
8927
9077
9231
8315
8465
8773
8923
9077
9231
8311
8619
8773
8923
9077
9231
8311
8619
8773
8923
9231
9385
8311
8619
8773
8927
9231
9385
8311
8619
8773
9081
9231
9385
8315
8619
8773
9081
9231
9385
9539
8469
8619
8927
9081
9231
9385
9539
8469
8619
8927
9081
9231
9385
9539
8469
8619
8927
9081
9231
9385
9539
7095
7249
7403
7554
7708
7708
7862
7862
8017
7095
7249
7403
7557
7708
7708
7862
8017
8017
7249
7403
7403
7554
7708
7862
7862
8017
8017
7249
7400
7400
7554
7708
7862
7862
8017
8017
8017
7249
7400
7554
7554
7708
7862
7862
8017
8017
8017
7249
7400
7554
7554
7708
7862
7862
8017
8017
8017
7249
7400
7554
7554
7708
7862
7862
8017
8017
8171
7249
7403
7557
7708
7708
7862
7862
8017
8017
8171
7249
7403
7557
7708
7708
7862
7862
8017
8017
8171
8171
7249
7403
7557
7708
7708
7862
7862
8017
8017
8171
8171
7249
7403
7557
7708
7708
7862
7862
8017
8017
8171
8171
7249
7403
7557
7708
7708
7862
7862
8017
8017
8171
8171
7249
7403
7557
7708
7708
7862
7862
8017
8017
8171
8171
7249
7403
7557
7708
7708
7862
7862
8017
8017
8171
8171
7249
7403
7557
7708
7708
7862
7862
8017
8017
8171
8171
8171
7249
7400
7554
7708
7862
7862
8017
8017
8017
8171
8171
8171
7249
7400
7554
7708
7708
7862
8017
8017
8017
8171
8171
8171
7403
7403
7554
7708
7862
7862
8017
8017
8017
8171
8171
8171
7403
7403
7557
7708
7862
7862
8017
8017
8017
8171
8171
8171
7403
7403
7557
7708
7862
7862
8017
8017
8017
8171
8171
8171
8325
6637
6792
6946
6946
7100
7100
7255
7255
7255
7409
7409
7409
7409
7409
7564
6637
6792
6946
6946
7100
7100
7255
7255
7255
7409
7409
7409
7409
7409
7564
6637
6792
6946
6946
7100
7100
7255
7255
7255
7409
7409
7409
7409
7409
7564
6637
6789
6943
6943
7097
7095
7249
7249
7249
7403
7406
7406
7406
7406
7560
6635
6789
6943
6943
7097
7097
7252
7252
7252
7406
7406
7406
7406
7406
7560
7560
6637
6792
6946
6943
7097
7097
7252
7252
7252
7406
7406
7406
7406
7406
7560
7560
6637
6792
6946
6946
7097
7097
7252
7252
7252
7406
7406
7406
7406
7406
7560
7560
6637
6792
6946
6946
7100
7100
7255
7255
7255
7409
7409
7409
7409
7409
7564
7560
7560
6792
6792
6946
6946
7100
7100
7255
7255
7255
7409
7409
7409
7409
7409
7564
7560
7560
6792
6792
6946
6946
7100
7100
7252
7252
7252
7406
7406
7406
7406
7406
7560
7560
7560
6792
6792
6946
6946
7100
7100
7252
7255
7252
7406
7406
7409
7409
7406
7564
7560
7564
7564
6792
6792
6946
7100
7100
7100
7255
7255
7255
7409
7409
7409
7409
7564
7564
7560
7560
7560
6792
6792
6946
7100
7100
7100
7252
7252
7252
7406
7406
7406
7406
7560
7560
7560
7560
7560
6792
6792
6946
7100
7100
7100
7255
7255
7255
7409
7409
7409
7409
7560
7560
7560
7560
7560
7560
6792
6792
6946
7100
7100
7100
7255
7255
7255
7409
7409
7409
7409
7564
7564
7564
7560
7560
7560
6792
6792
6946
7100
7100
7100
7255
7255
7255
7409
7409
7409
7409
7564
7564
7564
7564
7560
7560
6792
6792
6946
7100
7100
7255
7255
7255
7409
7409
7409
7409
7409
7564
7564
7564
7564
7560
7560
6792
6946
6946
7100
7100
7255
7255
7255
7409
7409
7409
7409
7409
7564
7564
7560
7564
7560
7560
7560
6792
6792
6946
7100
7100
7252
7252
7252
7406
7406
7406
7406
7406
7560
7560
7560
7560
7560
7560
7560
6792
6792
6946
7100
7100
7100
7255
7255
7255
7409
7409
7409
7409
7564
7564
7560
7560
7564
7560
7564
6179
6334
6334
6488
6488
6488
6643
6643
6643
6643
6797
6797
6797
6797
6797
6797
6797
6797
6797
6797
6952
6952
6952
6952
6952
6952
6952
6952
6952
6952
6952
6952
6952
6952
6179
6334
6334
6488
6488
6488
6643
6643
6643
6643
6797
6797
6797
6797
6797
6797
6797
6797
6797
6797
6952
6952
6952
6952
6952
6952
6952
6952
6952
6952
6952
6952
6952
6952
6179
6334
6334
6488
6488
6488
6643
6643
6643
6643
6797
6797
6797
6797
6797
6797
6797
6797
6797
6797
6952
6952
6952
6952
6952
6952
6952
6952
6952
6952
6952
6952
6952
6952
6952
6179
6334
6334
6488
6488
6488
6643
6643
6643
6643
6797
6797
6797
6797
6797
6797
6797
6797
6797
6797
6797
6952
6952
6952
6952
6952
6952
6952
6952
6952
6952
6952
6952
6952
6952
6952
6179
6334
6334
6488
6488
6488
6643
6643
6643
6643
6797
6797
6797
6797
6797
6797
6797
6797
6797
6797
6952
6952
6952
6952
6952
6952
6952
6952
6952
6952
6952
6952
6952
6952
6952
6952
6952
6179
6334
6334
6488
6488
6488
6643
6643
6643
6643
6797
6797
6797
6797
6797
6797
6797
6797
6797
6797
6952
6952
6952
6952
6952
6952
6952
6952
6952
6952
6952
6952
6952
6952
6952
6952
6952
6179
6334
6334
6488
6488
6488
6643
6643
6643
6643
6797
6797
6797
6797
6797
6797
6797
6797
6797
6797
6952
6952
6952
6952
6952
6952
6952
6952
6952
6952
6952
6952
6952
6952
6952
6952
6952
6952
6179
6334
6334
6488
6488
6488
6643
6643
6643
6643
6797
6797
6797
6797
6797
6797
6797
6797
6797
6797
6952
6952
6952
6952
6952
6952
6952
6952
6952
6952
6952
6952
6952
6952
6952
6952
6952
6952
6952
6179
6334
6334
6488
6488
6488
6643
6643
6643
6643
6797
6797
6797
6797
6797
6797
6797
6795
6795
6949
6949
6949
6949
6949
6949
6949
6949
6949
6949
6949
6949
6949
6949
6949
6949
6949
6949
6949
6949
6179
6334
6334
6488
6488
6488
6643
6643
6643
6643
6797
6797
6797
6797
6797
6797
6797
6797
6797
6797
6952
6952
6952
6952
6952
6952
6952
6952
6952
6952
6952
6952
6952
6952
6952
6952
6952
6952
6952
6952
6179
6334
6334
6488
6488
6488
6643
6643
6643
6643
6643
6797
6797
6797
6797
6797
6797
6797
6797
6797
6797
6952
6952
6952
6952
6952
6952
6952
6952
6952
6952
6952
6952
6952
6952
6952
6952
6952
6952
6952
6952
6179
6334
6334
6488
6488
6488
6643
6643
6643
6643
6797
6797
6797
6797
6797
6797
6797
6797
6797
6797
6952
6952
6952
6952
6952
6952
6952
6952
6952
6952
6952
6952
6952
6952
6952
6952
6952
6952
6952
6952
6952
6952
6179
6334
6334
6488
6488
6488
6643
6643
6643
6643
6797
6797
6797
6797
6797
6797
6797
6797
6797
6797
6952
6952
6952
6952
6952
6952
6952
6952
6952
6952
6952
6952
6952
6952
6952
6952
6952
6952
6952
6952
6952
6952
6179
6334
6334
6488
6488
6488
6643
6643
6643
6643
6797
6797
6797
6797
6797
6797
6797
6797
6797
6797
6952
6952
6952
6952
6952
6952
6952
6952
6952
6952
6952
6952
6952
6952
6952
6952
6952
6952
6952
6952
6952
6952
6952
6179
6334
6334
6488
6488
6488
6643
6643
6643
6643
6797
6797
6797
6797
6797
6797
6797
6797
6797
6797
6952
6952
6952
6952
6952
6952
6952
6952
6952
6952
6952
6952
6952
6952
6952
6952
6952
6952
6952
6952
6952
6952
6952
6952
6179
6334
6334
6488
6488
6488
6643
6643
6643
6643
6797
6797
6797
6797
6797
6797
6797
6797
6797
6797
6952
6952
6952
6952
6952
6952
6952
6952
6952
6952
6952
6952
6952
6952
6952
6952
6952
6952
6952
6952
6952
6952
6952
6952
6952
6179
6334
6334
6488
6488
6488
6643
6643
6643
6643
6797
6797
6797
6797
6797
6797
6797
6797
6797
6797
6797
6952
6952
6952
6952
6952
6952
6952
6952
6952
6952
6952
6952
6952
6952
6952
6952
6952
6952
6952
6952
6952
6952
6952
6952
6179
6334
6334
6488
6488
6488
6643
6643
6643
6643
6797
6797
6797
6797
6797
6797
6797
6797
6797
6797
6952
6952
6952
6952
6952
6952
6952
6952
6952
6952
6952
6952
6952
6952
6952
6952
6952
6952
6952
6952
6952
6952
6952
6952
6952
6952
6179
6334
6334
6488
6488
6488
6643
6643
6643
6643
6797
6797
6797
6797
6797
6797
6797
6797
6797
6797
6952
6952
6952
6952
6952
6952
6952
6952
6952
6952
6952
6952
6952
6952
6952
6952
6952
6952
6952
6952
6952
6952
6952
6952
6952
6952
6952
6179
6334
6334
6488
6488
6488
6643
6643
6643
6643
6797
6797
6797
6797
6797
6797
6797
6797
6797
6797
6952
6952
6952
6952
6952
6952
6952
6952
6952
6952
6952
6952
6952
6952
6952
6952
6952
6952
6952
6952
6952
6952
6952
6952
6952
6952
6952
