5554
5709
5863
6017
6017
6172
6326
6326
6480
6480
6480
6635
6635
6635
6635
6789
6789
6792
6792
6792
6792
6792
6946
6946
6946
6946
6946
6946
6946
6946
6946
6946
6946
6940
4617
4927
5079
5382
5534
5685
5836
5990
6141
6138
6292
6443
6443
6440
6593
6593
6593
6744
6744
6744
6744
6744
6897
6897
6897
6897
6897
6897
6894
6894
6894
6894
6894
6894
4602
4909
5215
5367
5520
5827
5827
5980
6131
6284
6284
6437
6437
6591
6591
6591
6744
6744
6741
6741
6741
6741
6894
6894
6894
6894
6894
6894
6894
6894
6894
6894
6894
6894
4295
4602
4911
5220
5371
5522
5676
5829
5980
6133
6287
6287
6437
6437
6591
6591
6591
6744
6744
6744
6744
6741
6894
6894
6894
6897
6897
6894
6894
6894
6894
6894
6894
6894
6894
4295
4604
4911
5064
5369
5522
5673
5827
5980
6133
6287
6287
6440
6437
6591
6591
6591
6744
6749
6755
6761
6764
6766
6772
6929
6932
6932
6935
6937
6937
6940
6940
6943
6943
6943
6946
6329
6329
6486
6486
6640
6640
6640
6640
6795
6795
6795
6795
6795
6795
6795
6795
6952
6952
6952
6952
6952
6952
6952
6952
6952
6952
6952
6952
6952
6952
6952
6952
6952
6952
6952
6952
6952
6334
6334
6488
6488
6640
6640
6640
6640
6795
6795
6795
6795
6795
6795
6795
6795
6949
6949
6949
6949
6949
6949
6952
6952
6952
6952
6952
6952
6952
6952
6952
6952
6952
6952
6952
6952
6952
6952
6334
6488
6488
6488
6643
6643
6643
6643
6797
6797
6797
6797
6797
6797
6797
6797
6952
6952
6952
6952
6952
6952
6952
6952
6952
6952
6952
6952
6952
6952
6952
6952
6952
6952
6952
6952
6952
6952
6334
6334
6488
6488
6643
6643
6643
6643
6797
6797
6797
6797
6797
6797
6797
6797
6952
6952
6952
6952
6952
6952
6952
6952
6952
6952
6952
6952
6952
6952
6952
6952
6952
6952
6952
6952
6952
6952
6952
6334
6334
6488
6488
6643
6643
6640
6640
6795
6795
6795
6795
6795
6795
6795
6795
6949
6949
6949
6949
6952
6952
6952
6952
6952
6952
6952
6952
6952
6952
6952
6952
6952
6952
6952
6952
6952
6952
6952
6952
6334
6334
6488
6488
6488
6643
6643
6643
6643
6797
6797
6797
6797
6797
6797
6797
6797
6952
6952
6952
6952
6952
6952
6952
6952
6952
6952
6952
6952
6952
6952
6952
6952
6952
6952
6952
6952
6952
6952
6952
6952
6334
6334
6488
6488
6643
6643
6643
6643
6643
6797
6797
6797
6797
6797
6797
6797
6797
6952
6952
6952
6952
6952
6952
6952
6952
6952
6952
6952
6952
6952
6952
6952
6952
6952
6952
6952
6949
6949
6949
6949
6949
6334
6334
6488
6488
6486
6640
6640
6640
6640
6795
6795
6797
6797
6797
6797
6797
6797
6952
6952
6952
6952
6952
6952
6952
6952
6952
6952
6952
6952
6952
6952
6952
6952
6952
6952
6952
6952
6952
6952
6952
6952
6952
6334
6334
6488
6488
6643
6643
6643
6643
6643
6797
6797
6797
6797
6797
6797
6797
6797
6952
6952
6952
6952
6952
6952
6952
6952
6952
6952
6952
6952
6952
6952
6952
6952
6952
6952
6952
6952
6952
6952
6952
6952
6952
6952
6334
6334
6488
6488
6643
6643
6643
6643
6643
6797
6797
6797
6797
6797
6797
6797
6797
6952
6952
6952
6952
6952
6952
6952
6952
6952
6949
6949
6949
6949
6949
6949
6949
6949
6949
6949
6949
6949
6949
6949
6949
6949
6949
6334
6334
6488
6488
6488
6643
6643
6643
6643
6797
6797
6797
6797
6797
6797
6797
6797
6952
6952
6952
6952
6952
6952
6952
6952
6952
6952
6952
6952
6952
6952
6952
6952
6952
6952
6952
6952
6952
6952
6952
6952
6952
6952
6952
6334
6334
6488
6488
6488
6643
6643
6643
6643
6797
6797
6797
6797
6797
6797
6797
6797
6952
6952
6952
6952
6952
6952
6949
6949
6949
6949
6949
6949
6949
6949
6949
6949
6949
6949
6949
6949
6949
6949
6949
6949
6949
6952
6952
6952
6334
6334
6488
6488
6488
6643
6643
6640
6640
6795
6795
6795
6795
6795
6795
6795
6795
6949
6949
6949
6949
6949
6949
6949
6949
6952
6952
6952
6952
6952
6952
6952
6952
6952
6952
6952
6952
6952
6952
6952
6952
6952
6952
6952
6952
6952
6334
6334
6488
6488
6488
6643
6643
6643
6643
6797
6797
6797
6797
6797
6797
6797
6797
6952
6952
6952
6952
6952
6952
6952
6952
6952
6952
6952
6949
6949
6949
6949
6949
6949
6949
6949
6949
6949
6949
6949
6949
6949
6949
6949
6949
6949
6949
6334
6334
6488
6488
6488
6643
6643
6643
6643
6795
6795
6795
6795
6795
6795
6795
6795
6949
6949
6949
6949
6949
6949
6949
6949
6949
6949
6949
6949
6949
6949
6949
6949
6949
6949
6949
6949
6949
6949
6949
6949
6949
6949
6949
6949
6949
6949
8157
8465
8619
8923
9077
8157
8465
8619
8923
9077
8157
8465
8773
8923
9077
8311
8619
8769
9077
9231
8311
8619
8773
8923
9231
8308
8615
8766
9073
9223
8308
8612
8766
8919
9073
8308
8615
8769
9073
9227
8311
8615
8769
9077
9227
9381
8462
8769
8923
9077
9231
8465
8619
8923
9077
9231
9385
8465
8773
8923
9077
9231
9385
8465
8773
8923
9077
9231
9385
8465
8773
8923
9077
9231
9385
8465
8773
8923
9077
9231
9385
8619
8773
8923
9231
9385
9385
8619
8927
9077
9231
9385
9539
8619
8773
8923
9077
9231
9385
9535
8619
8923
9077
9231
9385
9539
8619
8923
9077
9231
9385
9535
7846
8000
8308
8458
7846
8154
8308
8458
7846
8000
8308
8458
8612
7846
8154
8304
8612
8766
8000
8154
8304
8612
8766
8000
8154
8458
8612
8766
8000
8154
8304
8612
8766
7846
8154
8304
8612
8766
8000
8154
8458
8612
8766
8000
8308
8458
8612
8766
7846
8154
8308
8458
8612
8766
8000
8308
8458
8612
8766
8000
8308
8458
8612
8766
8919
8154
8308
8458
8612
8766
8000
8308
8458
8612
8766
8916
8154
8304
8458
8612
8762
8916
8154
8304
8458
8612
8762
8916
8150
8304
8458
8612
8766
8916
8154
8304
8612
8766
8919
8916
8154
8304
8458
8612
8766
8916
6792
6792
6946
7100
7097
7252
7252
7252
7406
7406
7406
7406
7406
7560
6789
6943
6943
7097
7097
7252
7252
7252
7406
7406
7406
7406
7406
7560
7560
6789
6943
6943
7097
7097
7252
7252
7252
7406
7406
7406
7406
7406
7560
7560
6789
6943
6943
7097
7097
7252
7252
7252
7406
7406
7406
7406
7406
7560
7560
6792
6946
6943
7097
7097
7252
7252
7252
7406
7406
7406
7406
7560
7560
7560
6792
6946
6946
7100
7097
7252
7252
7252
7406
7406
7406
7406
7406
7560
7560
7560
6792
6946
6946
7100
7097
7252
7252
7252
7406
7406
7406
7406
7406
7560
7560
7560
6792
6946
6946
7100
7097
7252
7252
7252
7406
7406
7406
7406
7406
7560
7560
7560
6792
6943
6943
7097
7097
7252
7252
7252
7406
7406
7406
7406
7560
7560
7560
7560
7560
6789
6943
7097
7097
7097
7252
7252
7252
7406
7406
7406
7406
7560
7560
7560
7560
7560
6792
6946
6943
7097
7097
7252
7252
7252
7406
7406
7406
7406
7560
7560
7560
7560
7560
6792
6946
6946
7097
7097
7252
7252
7252
7406
7406
7406
7406
7560
7560
7560
7560
7560
7560
6789
6943
7097
7097
7097
7252
7252
7252
7406
7406
7406
7406
7560
7560
7560
7560
7560
7560
6792
6943
6943
7097
7097
7252
7252
7252
7406
7406
7406
7406
7560
7560
7560
7560
7560
7560
6789
6943
7097
7097
7097
7252
7252
7406
7406
7406
7406
7406
7560
7560
7560
7560
7560
7560
7560
6943
6943
7097
7097
7252
7252
7252
7406
7406
7406
7406
7406
7560
7560
7560
7560
7560
7560
7560
6792
6943
7097
7097
7252
7252
7252
7406
7406
7406
7406
7406
7560
7560
7560
7560
7560
7560
7560
6943
6943
7097
7097
7252
7252
7252
7406
7406
7406
7406
7406
7560
7560
7560
7560
7560
7560
7560
6943
6943
7097
7097
7252
7252
7252
7406
7406
7406
7406
7406
7560
7560
7560
7560
7560
7560
7560
7560
6946
6946
7097
7097
7252
7252
7252
7406
7406
7406
7406
7406
7560
7560
7560
7560
7560
7560
7560
7560
