6174
6329
6329
6483
6483
6483
6637
6637
6637
6637
6792
6792
6792
6792
6792
6792
6792
6792
6792
6946
6946
6946
6946
6946
6946
6946
6946
6946
6946
6946
6946
6946
6946
6946
6177
6177
6331
6331
6486
6483
6637
6637
6637
6637
6637
6792
6792
6792
6792
6792
6792
6792
6792
6946
6946
6946
6946
6946
6946
6946
6946
6946
6946
6946
6946
6946
6946
6946
6177
6177
6331
6331
6486
6486
6486
6640
6640
6637
6637
6792
6792
6789
6783
6780
6775
6926
6923
6920
6917
6914
6912
6909
6909
6906
6906
6903
6903
6900
6900
6900
6897
6897
6897
5369
5522
5673
5827
5980
6133
6131
6284
6437
6437
6437
6588
6588
6588
6741
6741
6741
6741
6741
6741
6894
6894
6894
6894
6894
6894
6894
6894
6894
6894
6894
6891
6894
6891
6891
5062
5213
5520
5673
5824
5977
6131
6131
6284
6284
6437
6437
6591
6588
6588
6741
6741
6741
6741
6741
6894
6894
6894
6894
6894
6894
6894
6894
6894
6894
6894
6894
6894
6894
6894
6894
3990
3990
4145
4450
4757
5062
5369
5522
5673
5827
5980
6133
6131
6284
6437
6437
6437
6591
6591
6588
6741
6741
6741
6741
6741
6894
6894
6894
6894
6894
6894
6894
6894
6900
6906
6912
6914
461
462
616
924
1539
2154
2768
3228
3689
3995
4454
4761
4913
5220
5371
5678
5831
5985
5985
6136
6289
6289
6443
6443
6596
6596
6596
6596
6749
6747
6747
6747
6749
6900
6900
6900
6900
6900
6900
5680
5834
5985
5985
6138
6289
6289
6443
6445
6596
6596
6596
6749
6747
6747
6747
6747
6747
6900
6900
6900
6900
6900
6900
6900
6900
6900
6900
6900
6900
6900
6900
6900
6906
6912
6914
6920
6923
462
462
769
1231
1845
2459
3074
3534
3840
4300
4606
4911
5064
5371
5522
5676
5829
5980
6133
6133
6287
6440
6440
6440
6591
6591
6591
6744
6744
6744
6744
6744
6744
6897
6897
6897
6897
6897
6897
6897
5982
6136
6287
6287
6440
6440
6591
6591
6591
6591
6744
6744
6744
6744
6744
6897
6897
6897
6897
6897
6897
6894
6894
6897
6897
6897
6897
6897
6894
6894
6894
6897
6897
6897
6897
6897
6894
6894
6894
6897
4295
4602
4755
5066
5373
5527
5678
5831
5982
6136
6133
6287
6440
6440
6440
6593
6591
6591
6744
6744
6744
6744
6744
6897
6897
6897
6897
6897
6897
6897
6897
6897
6897
6897
6897
6897
6897
6897
6897
6897
4295
4604
4761
5066
5373
5524
5676
5829
5980
6133
6133
6287
6440
6440
6437
6591
6591
6591
6741
6741
6744
6741
6741
6894
6894
6894
6894
6894
6894
6900
6906
6912
6917
6920
6923
6929
6932
6932
6935
6937
6937
6172
6326
6326
6483
6483
6637
6637
6637
6637
6795
6795
6795
6795
6795
6795
6795
6795
6949
6949
6949
6949
6949
6949
6949
6949
6949
6949
6949
6949
6949
6949
6949
6952
6952
6952
6952
6949
6949
6952
6949
6949
6949
6179
6334
6334
6488
6488
6643
6643
6643
6643
6643
6797
6797
6797
6797
6797
6797
6797
6797
6952
6952
6952
6952
6952
6952
6952
6952
6952
6952
6952
6952
6952
6952
6952
6952
6952
6952
6952
6952
6952
6952
6952
6952
6952
6179
6334
6334
6488
6488
6643
6643
6643
6643
6797
6797
6797
6797
6797
6797
6797
6797
6797
6952
6952
6952
6952
6952
6952
6952
6952
6952
6952
6952
6952
6952
6952
6952
6952
6952
6952
6952
6952
6952
6952
6952
6952
6952
6952
6179
6334
6334
6488
6488
6488
6643
6643
6643
6643
6797
6797
6797
6797
6797
6797
6797
6797
6952
6952
6952
6952
6952
6952
6952
6952
6952
6952
6952
6952
6952
6952
6952
6952
6952
6952
6952
6952
6952
6952
6952
6952
6952
6952
6952
6179
6334
6334
6488
6488
6488
6643
6643
6643
6643
6797
6797
6797
6797
6797
6797
6797
6797
6952
6952
6952
6952
6952
6952
6952
6952
6952
6952
6952
6952
6952
6952
6952
6952
6952
6952
6952
6952
6952
6952
6952
6952
6952
6952
6952
6179
6334
6334
6488
6488
6488
6643
6643
6643
6643
6797
6797
6797
6797
6797
6797
6797
6797
6952
6952
6952
6952
6952
6952
6952
6952
6952
6952
6952
6952
6952
6952
6952
6952
6952
6952
6952
6952
6952
6952
6952
6952
6952
6952
6952
6952
6179
6334
6334
6488
6488
6488
6643
6643
6643
6643
6797
6797
6797
6797
6797
6797
6797
6797
6797
6952
6952
6952
6952
6952
6952
6952
6952
6952
6952
6952
6952
6952
6952
6952
6952
6952
6952
6952
6952
6952
6952
6952
6952
6952
6952
6952
6952
6179
6334
6334
6488
6488
6488
6643
6643
6643
6643
6797
6797
6797
6797
6797
6797
6797
6797
6797
6952
6952
6952
6952
6952
6952
6952
6952
6952
6952
6952
6952
6952
6952
6952
6952
6952
6952
6952
6952
6952
6949
6952
6952
6952
6952
6952
6952
7542
7846
8000
8308
8458
7542
7849
8154
8308
8458
7696
7846
8154
8308
8612
7696
8000
8154
8308
8612
7696
8000
8154
8462
8612
7696
8000
8154
8462
8612
7696
8000
8154
8462
8612
7696
8000
8308
8462
8612
7849
8000
8308
8462
8612
7849
8000
8308
8458
8612
8766
7692
8000
8308
8458
8612
8766
7846
8000
8308
8458
8612
8766
7846
8154
8308
8458
8612
8766
7846
8154
8308
8458
8612
8766
7846
8154
8308
8458
8766
8919
7846
8154
8304
8458
8766
8762
7846
8150
8304
8455
8608
8758
7843
8150
8304
8455
8762
8762
8000
8150
8304
8612
8762
8916
8000
8150
8458
8612
8766
8916
