7240
7394
7548
7702
7702
7856
7856
8010
8010
7243
7394
7548
7548
7702
7856
7856
8010
8010
7243
7397
7548
7702
7702
7856
7856
8010
8010
7243
7397
7551
7705
7705
7859
7856
8010
8010
8164
7243
7397
7551
7705
7702
7856
8010
8010
8010
8164
7243
7397
7548
7702
7702
7856
8010
8010
8010
8164
7243
7397
7551
7705
7859
7856
8010
8010
8010
8164
7397
7397
7551
7705
7859
7859
8010
8010
8010
8164
7397
7397
7551
7705
7859
7859
8013
8010
8010
8164
8164
7397
7397
7551
7705
7859
7859
8010
8010
8164
8164
8164
7397
7551
7551
7705
7859
7859
8013
8010
8164
8164
8164
7397
7551
7551
7705
7859
7859
8010
8010
8164
8164
8164
7397
7551
7551
7705
7859
7859
8010
8010
8164
8164
8164
7397
7551
7551
7705
7859
7859
8010
8010
8164
8164
8164
8318
7397
7551
7705
7705
7859
7856
8010
8010
8164
8164
8164
8318
7397
7551
7702
7702
7856
7856
8010
8010
8164
8164
8164
8318
7397
7551
7705
7705
7856
7856
8010
8010
8164
8164
8164
8318
7397
7551
7705
7705
7859
7856
8010
8010
8164
8164
8164
8318
7397
7551
7705
7705
7859
7859
8010
8010
8164
8164
8164
8318
7397
7551
7705
7705
7859
8013
8010
8010
8164
8164
8164
8318
8318
6786
6783
6937
7092
7095
7249
7249
7249
7403
7403
7403
7403
7403
7557
7557
6786
6786
6940
7095
7095
7249
7249
7249
7403
7403
7403
7403
7403
7557
7557
6786
6786
6940
7095
7095
7249
7249
7249
7403
7403
7403
7403
7403
7557
7557
6786
6940
6940
7095
7095
7249
7249
7249
7403
7403
7403
7403
7403
7557
7557
6786
6940
6940
7095
7095
7249
7249
7249
7403
7403
7403
7403
7557
7557
7557
7557
6786
6940
6940
7095
7095
7249
7249
7249
7403
7403
7403
7403
7403
7557
7557
7557
6786
6940
6940
7095
7095
7249
7249
7249
7403
7403
7403
7400
7400
7554
7554
7554
6786
6940
6940
7095
7095
7249
7249
7249
7403
7403
7403
7403
7403
7557
7557
7557
7557
6786
6940
6940
7095
7095
7249
7249
7249
7403
7403
7403
7403
7557
7557
7557
7557
7557
6786
6786
6937
7092
7089
7243
7243
7243
7400
7400
7400
7400
7400
7554
7554
7554
7554
6786
6940
6937
7092
7092
7246
7246
7246
7400
7400
7403
7403
7557
7557
7557
7557
7557
7557
6786
6940
6940
7095
7095
7249
7249
7249
7403
7403
7403
7403
7403
7557
7557
7557
7557
7557
6786
6940
6940
7095
7095
7249
7249
7249
7403
7403
7403
7403
7557
7557
7557
7557
7554
7554
6786
6940
6940
7095
7095
7249
7249
7249
7400
7400
7400
7403
7557
7557
7557
7557
7557
7557
7557
6786
6940
6940
7095
7095
7249
7249
7249
7403
7403
7403
7403
7557
7557
7554
7554
7554
7554
7554
6786
6940
6940
7095
7095
7249
7249
7249
7403
7403
7403
7403
7557
7557
7557
7557
7557
7557
7557
6786
6940
6940
7095
7095
7249
7249
7249
7403
7403
7403
7403
7557
7557
7557
7557
7557
7557
7557
6786
6940
6940
7095
7095
7249
7249
7249
7403
7403
7403
7403
7557
7557
7557
7557
7557
7557
7557
7557
6786
6940
6940
7095
7095
7249
7249
7249
7403
7403
7403
7403
7557
7557
7557
7557
7554
7554
7554
7554
6786
6940
7095
7095
7095
7249
7249
7403
7403
7403
7403
7403
7557
7557
7557
7557
7557
7557
7557
7557
8154
8308
8612
8766
9073
8154
8462
8612
8919
9073
8154
8462
8612
8919
9073
8154
8462
8612
8919
9073
8154
8462
8766
8919
9073
8308
8458
8766
8919
9069
8308
8458
8766
8919
9069
9223
8308
8458
8766
8919
9069
9223
8308
8612
8766
8919
9227
9377
8308
8612
8766
9073
9227
9377
8308
8612
8766
9073
9227
9377
8462
8612
8919
9073
9227
9377
8462
8612
8919
9073
9227
9377
8462
8612
8919
9073
9227
9377
8462
8766
8919
9073
9227
9377
8462
8766
8919
9073
9227
9377
8462
8766
8919
9073
9223
9377
9531
8462
8766
8919
9073
9227
9377
9531
8615
8766
8919
9073
9227
9377
9531
8615
8766
8919
9073
9381
9377
9531
