6629
6783
6937
6937
7092
7092
7246
7246
7246
7400
7400
7400
7400
7554
7554
6786
6786
6940
7095
7095
7095
7249
7249
7403
7403
7403
7403
7403
7557
7557
6786
6786
6940
7095
7095
7249
7249
7249
7403
7403
7403
7403
7403
7557
7557
6786
6940
6940
7095
7095
7249
7249
7249
7403
7403
7403
7403
7403
7557
7557
6786
6940
6940
7095
7095
7249
7249
7249
7403
7403
7403
7403
7403
7557
7557
7557
6786
6940
6940
7095
7095
7249
7249
7249
7403
7403
7403
7403
7403
7557
7557
7557
6786
6940
6940
7095
7095
7249
7249
7249
7403
7403
7403
7403
7403
7557
7557
7557
6786
6940
6940
7095
7095
7249
7249
7249
7403
7403
7403
7403
7403
7554
7554
7554
7554
6786
6940
6940
7095
7095
7249
7249
7249
7403
7403
7403
7403
7403
7557
7557
7557
7557
6786
6940
6940
7095
7095
7249
7249
7249
7403
7403
7403
7403
7557
7557
7557
7557
7557
6786
6940
6940
7095
7095
7249
7249
7249
7403
7403
7403
7403
7557
7557
7557
7557
7557
7557
6786
6940
6940
7095
7095
7249
7249
7249
7403
7403
7403
7403
7557
7557
7557
7557
7557
7557
6786
6940
6940
7095
7095
7249
7249
7249
7403
7403
7403
7403
7557
7557
7557
7557
7557
7557
6786
6940
6940
7095
7095
7249
7249
7249
7403
7403
7403
7403
7557
7557
7557
7557
7557
7557
7554
6786
6940
6940
7095
7095
7249
7249
7249
7400
7400
7400
7400
7554
7554
7554
7554
7554
7557
7554
4617
4771
5077
5382
5687
5839
6144
6294
6445
6599
6749
6903
6903
7053
7053
7207
7207
7357
7357
5064
5371
5522
5829
5980
6287
6440
6593
6747
6747
6897
7050
7050
7204
7204
7357
7357
7357
7357
4909
5218
5369
5676
5980
6133
6287
6440
6591
6744
6897
7050
7050
7204
7204
7204
7354
7354
7354
4755
5062
5371
5522
5829
6133
6287
6440
6593
6744
6900
6900
7050
7050
7204
7204
7357
7357
7357
7357
4448
4602
4757
5062
5369
5673
5980
6133
6284
6437
6591
6744
6897
7050
7050
7201
7201
7201
7354
7354
