7686
7993
8301
8605
8758
7843
8147
8455
8762
8916
7997
8304
8612
8766
9069
8154
8458
8612
8919
9069
8154
8458
8766
8919
9073
8308
8458
8766
8919
9073
8308
8458
8766
8919
9073
9223
8308
8612
8766
8919
9227
9377
8308
8612
8766
8919
9227
9377
8308
8612
8766
9073
9227
9377
8308
8612
8766
9073
9227
9377
8462
8612
8919
9073
9227
9377
8462
8612
8919
9073
9223
9377
8458
8612
8919
9069
9223
9377
8458
8612
8919
9069
9223
9377
8458
8766
8919
9069
9223
9377
8458
8766
8919
9073
9223
9377
9531
8462
8766
8919
9073
9223
9377
9531
8615
8766
8919
9073
9223
9377
9531
8615
8766
8919
9073
9223
9377
9531
7243
7397
7551
7705
7702
7856
7856
8010
8010
7243
7397
7551
7705
7705
7856
7853
7849
7692
7689
5228
5534
5841
6146
6297
6602
6752
6906
7056
7056
6448
6599
6752
6903
7056
7210
7207
7360
7360
7360
7513
4604
4757
5064
5524
5831
6138
6289
6596
6749
6900
7053
5524
5831
6136
6289
6443
6747
6900
7053
7053
7204
7357
6445
6755
6912
7068
7225
7382
7535
7692
7692
7849
7086
7240
7394
7548
7548
7702
7856
7856
8010
8010
7246
7400
7554
7554
7705
7859
7859
8013
8013
8167
8167
7246
7400
7554
7708
7708
7862
7862
8017
8017
8171
8171
7249
7403
7554
7708
7708
7862
7862
8017
8017
8171
8171
7249
7403
7554
7708
7708
7862
7862
8017
8017
8171
8171
7249
7403
7554
7708
7708
7862
7862
8017
8017
8171
8171
7249
7403
7554
7708
7708
7862
7862
8017
8017
8171
8171
7249
7403
7554
7708
7708
7862
8017
8013
7856
7849
7846
7843
7686
5380
5687
5995
6300
6451
6602
6755
6906
7059
7210
7363
7360
7513
4606
4911
5371
5678
5982
6289
6445
6752
6749
6903
6903
7056
7053
7207
5066
5373
5678
5985
6289
6443
6593
6747
6900
7053
7204
7357
7357
7510
4604
4757
5064
5371
5834
6138
6292
6445
6749
6903
7056
7053
7207
7360
5680
5985
6138
6443
6596
6747
6900
7053
7207
7204
7357
7510
7510
7664
7080
7388
7696
7846
8000
7234
7388
7696
7846
8000
7234
7388
7696
8000
8154
7388
7696
8000
8154
8462
7542
7846
8154
8308
8458
7696
8000
8154
8308
8612
7696
8000
8154
8462
8612
7849
8000
8308
8458
8612
7849
8000
8308
8458
8612
7849
8000
8308
8462
8612
8766
7849
8000
8308
8462
8150
7993
7683
7529
7372
4763
4761
5376
5836
5834
5987
5985
6138
6138
6289
4299
4759
4911
5064
5215
5369
5522
5676
5827
5827
5980
6133
4911
5064
5369
5522
5522
5676
5827
5980
5980
6133
6133
6133
6287
5371
5522
5676
5829
5829
5980
5980
6133
6133
6133
6133
6133
6133
6133
462
616
925
1694
2308
2769
3383
3689
4148
4454
5068
4763
5070
5222
5527
5680
5831
5985
5982
6136
6289
6287
5066
5680
5831
5985
6136
6136
6289
6287
6440
6440
6593
4913
5220
5834
5985
6138
6292
6289
6443
6443
6593
6593
4913
5218
5371
5678
6138
6292
6443
6443
6596
6596
6593
