7222
7529
7833
8140
8294
7532
7836
7990
8297
8451
7686
7993
8144
8451
8605
7686
7993
8301
8451
8605
7840
7993
8301
8451
8605
7843
8147
8301
8451
8605
7843
8147
8301
8451
8605
7686
7990
8297
8448
8601
7840
8144
8297
8451
8605
7840
8147
8297
8451
8605
8758
7840
8147
8301
8451
8758
8912
7993
8147
8301
8608
8758
8912
7997
8147
8455
8608
8758
8912
7997
8301
8455
8608
8758
8912
7997
8301
8455
8608
8758
8912
7997
8301
8455
8608
8758
8912
7997
8301
8455
8608
8758
8912
7997
8301
8455
8608
8758
8912
7997
8301
8455
8608
8758
8912
8150
8301
8455
8608
8758
8912
6329
6329
6483
6483
6483
6637
6637
6637
6637
6792
6792
6792
6792
6792
6792
6792
6792
6792
6946
6946
6946
6946
6946
6946
6946
6946
6946
6946
6946
6946
6946
6946
6946
6946
6174
6329
6329
6483
6483
6637
6637
6637
6637
6792
6792
6792
6792
6792
6792
6792
6792
6946
6946
6946
6946
6946
6946
6946
6946
6946
6946
6946
6946
6946
6946
6946
6946
6946
6331
6331
6486
6486
6486
6637
6637
6637
6637
6792
6792
6792
6792
6792
6792
6792
6792
6792
6946
6946
6946
6946
6946
6946
6946
6946
6946
6946
6946
6946
6946
6946
6946
6946
6946
6331
6331
6486
6486
6486
6637
6637
6637
6637
6792
6792
6792
6792
6792
6792
6792
6792
6946
6946
6946
6946
6946
6946
6946
6946
6946
6946
6946
6946
6946
6946
6946
6946
6946
6946
6946
6331
6331
6486
6486
6486
6640
6640
6637
6637
6792
6792
6792
6792
6792
6792
6792
6792
6946
6946
6946
6946
6946
6946
6946
6946
6946
6946
6946
6946
6946
6946
6946
6946
6946
6946
6946
6946
6331
6331
6486
6486
6486
6637
6637
6637
6637
6786
6780
6778
6772
6769
6920
6920
6917
6914
6912
6909
6909
6906
6906
6903
6903
6900
6900
6900
6900
6900
6897
6897
6897
6897
6897
6897
6897
4602
4913
5066
5371
5524
5676
5829
5980
6133
6287
6287
6440
6440
6591
6591
6591
6591
6744
6744
6744
6741
6741
6894
6897
6897
6897
6897
6894
6894
6894
6897
6897
6894
6894
6894
6894
6894
6897
4909
5213
5367
5673
5827
5831
5982
6136
6287
6287
6440
6437
6591
6591
6591
6744
6744
6741
6741
6741
6894
6894
6894
6894
6894
6894
6894
6894
6894
6894
6894
6894
6894
6894
6894
6894
6894
6894
4448
4755
4911
5220
5373
5678
5829
5982
5982
6133
6287
6287
6440
6437
6591
6591
6591
6744
6744
6744
6744
6744
6894
6894
6894
6894
6894
6894
6894
6894
6894
6894
6894
6894
6894
6894
6894
6903
6909
6302
6305
6464
6467
6470
6624
6626
6629
6629
6786
6786
6789
6789
6792
6792
6792
6946
6946
6949
6949
6949
6949
6949
6949
6949
6949
6949
6949
6949
6949
6949
6949
6949
6949
6949
6949
6949
6949
6949
6949
6334
6334
6488
6488
6488
6643
6643
6643
6643
6797
6797
6797
6795
6795
6795
6795
6797
6952
6952
6952
6952
6952
6952
6952
6952
6952
6952
6952
6952
6952
6952
6952
6952
6952
6952
6952
6952
6952
6952
6952
6952
6179
6334
6334
6488
6488
6643
6643
6643
6643
6797
6797
6797
6797
6797
6797
6797
6797
6952
6952
6952
6952
6952
6952
6952
6952
6952
6952
6952
6952
6952
6952
6952
6952
6952
6952
6952
6952
6952
6952
6952
6952
6952
6179
6334
6334
6488
6488
6643
6643
6643
6643
6797
6797
6797
6797
6797
6797
6797
6797
6952
6952
6952
6952
6952
6952
6952
6952
6952
6952
6952
6952
6952
6952
6952
6952
6952
6952
6952
6952
6952
6952
6952
6952
6952
6179
6334
6334
6488
6488
6488
6643
6643
6643
6643
6797
6797
6797
6797
6797
6797
6797
6797
6952
6952
6952
6952
6952
6952
6952
6952
6952
6952
6952
6952
6949
6949
6949
6949
6949
6949
6949
6949
6949
6949
6949
6949
6949
6177
6331
6331
6486
6486
6486
6640
6640
6640
6797
6797
6797
6797
6795
6797
6797
6797
6797
6952
6952
6952
6952
6952
6952
6952
6949
6952
6952
6949
6952
6952
6952
6952
6952
6952
6952
6952
6952
6952
6952
6952
6952
6952
6952
6179
6334
6334
6488
6488
6643
6643
6643
6643
6643
6797
6797
6797
6797
6797
6797
6797
6797
6952
6952
6952
6952
6952
6952
6952
6952
6952
6952
6952
6952
6952
6952
6952
6952
6952
6952
6952
6952
6952
6952
6952
6952
6952
6952
6952
6179
6334
6334
6488
6488
6643
6643
6643
6643
6797
6797
6797
6797
6797
6797
6797
6797
6797
6952
6952
6952
6952
6952
6952
6952
6952
6952
6952
6952
6952
6952
6952
6952
6952
6952
6952
6952
6952
6952
6952
6952
6952
6952
6952
6952
6179
6334
6334
6488
6488
6488
6643
6643
6643
6643
6797
6797
6797
6797
6797
6797
6797
6797
6952
6952
6952
6952
6952
6952
6952
6952
6952
6952
6952
6952
6952
6952
6952
6952
6952
6952
6952
6952
6952
6952
6952
6952
6952
6952
6952
6952
6179
6334
6334
6488
6488
6643
6643
6643
6643
6643
6797
6797
6797
6797
6797
6797
6797
6797
6952
6952
6952
6952
6952
6952
6952
6952
6952
6952
6952
6952
6952
6952
6952
6952
6952
6952
6952
6952
6952
6952
6952
6952
6952
6952
6952
6952
6952
6179
6334
6334
6488
6488
6488
6643
6643
6643
6643
6797
6797
6797
6797
6797
6797
6797
6797
6952
6952
6952
6952
6952
6952
6952
6952
6952
6952
6952
6952
6952
6952
6952
6952
6952
6952
6952
6952
6952
6952
6952
6952
6952
6952
6952
6952
6952
7095
7249
7400
7554
7708
7708
7862
8017
8017
7095
7246
7400
7554
7708
7862
7862
8017
8017
7246
7246
7400
7554
7708
7862
7862
8017
8017
7246
7400
7400
7554
7708
7862
7862
8017
8017
8017
7249
7400
7554
7554
7708
7862
7862
8017
8017
8017
7249
7403
7554
7554
7708
7862
7862
8017
8017
8171
7249
7403
7557
7554
7708
7862
7862
8017
8017
8171
7249
7403
7554
7554
7708
7862
7862
8017
8017
8171
7249
7403
7554
7708
7708
7862
7862
8017
8017
8171
8171
7249
7403
7554
7708
7708
7862
7862
8017
8017
8171
8171
7249
7403
7554
7708
7708
7862
7862
8017
8017
8171
8171
7249
7403
7554
7708
7708
7862
7862
8017
8017
8171
8171
7249
7403
7554
7708
7708
7862
7862
8017
8017
8171
8171
7249
7400
7554
7708
7708
7862
8017
8017
8017
8171
8167
7246
7400
7554
7708
7708
7862
8017
8017
8017
8171
8171
8171
7249
7400
7554
7708
7708
7862
8017
8017
8017
8171
8171
8171
7249
7403
7554
7708
7708
7862
8017
8017
8017
8171
8171
8171
7249
7403
7554
7708
7708
7862
8017
8017
8017
8171
8171
8171
7249
7403
7554
7708
7708
7862
8017
8017
8017
8171
8171
8171
7249
7403
7554
7708
7708
7862
8017
8017
8017
8171
8171
8171
8325
8007
8311
8465
8773
8927
8007
8315
8619
8773
8927
8007
8311
8619
8773
9077
8161
8311
8619
8773
9077
8161
8465
8619
8927
9077
8161
8465
8619
8927
9077
8161
8465
8619
8927
9077
9231
8161
8465
8773
8927
9077
9231
8161
8465
8773
8927
9077
9231
8315
8465
8773
8927
9077
9231
8315
8465
8773
8923
9077
9231
8311
8465
8773
8923
9077
9231
8311
8619
8769
8923
9077
9385
8311
8619
8769
8923
9231
9385
8311
8619
8769
9077
9231
9385
8311
8619
8769
9077
9231
9385
8311
8619
8773
9077
9231
9385
9539
8465
8619
8927
9077
9231
9385
9539
8465
8619
8927
9077
9231
9385
9539
8465
8619
8927
9077
9231
9385
9539
