462
616
617
771
926
1079
1695
2310
2924
3384
3844
3075
3075
3382
3687
4147
4454
5066
5527
4148
4302
4608
4913
5066
5371
5524
5678
5829
4454
5068
5683
5990
6141
6294
6292
4761
5068
5373
5527
5678
5831
5982
6136
6136
5680
5831
5985
6136
6136
6289
6440
6440
6440
6593
4759
5064
5371
5522
5985
6289
6289
6443
6443
4759
4913
5218
5371
5522
5676
5829
5982
6133
6287
5834
5985
6138
6136
6289
6289
6443
6440
6593
6593
4913
5064
5371
5522
5831
6136
6289
6289
6440
4913
5066
5371
5524
5676
5829
5982
6136
6133
6443
5834
5985
6138
6136
6289
6289
6443
6440
6593
6593
6593
4913
5064
5371
5522
5982
6289
6289
6443
6440
6440
4759
5064
5218
5522
5676
5829
5982
6133
6133
6440
5987
6138
6292
6289
6443
6443
6443
6593
6593
6593
6747
4913
5064
5371
5522
5982
6136
6289
6289
6440
6440
6593
4913
5218
5371
5522
5829
5829
5982
6133
6287
6440
6747
6138
6138
6292
6289
6443
6443
6593
6593
6593
6593
6747
6744
4911
5218
5371
5676
6136
6445
6906
7213
465
620
929
1239
2011
2937
3707
4478
8007
8311
8465
8773
8923
8007
8311
8465
8773
8923
8007
8311
8619
8769
8923
8007
8311
8619
8769
8923
8157
8311
8619
8769
9077
8157
8465
8619
8923
9077
8157
8465
8619
8923
9077
9231
8161
8465
8619
8927
9077
9231
8161
8465
8619
8927
9077
9231
8161
8465
8773
8927
9077
9231
8315
8465
8773
8927
9077
9231
8315
8465
8773
8927
9077
9231
8315
8465
8773
8927
9077
9231
8315
8619
8773
8927
9077
9231
8315
8619
8773
8927
9077
9385
8315
8619
8773
8927
9231
9385
8315
8619
8773
9081
9231
9385
9539
8469
8619
8773
9081
9231
9385
9539
8465
8619
8927
9077
9231
9385
9539
8465
8619
8923
9077
9231
9385
9539
7092
7246
7400
7554
7708
7708
7862
8017
8017
7095
7249
7400
7554
7708
7708
7862
8017
8017
7249
7249
7403
7554
7708
7708
7862
8017
8017
7249
7403
7403
7554
7708
7862
7862
8017
8017
8017
7249
7403
7557
7554
7708
7862
7862
8017
8017
8017
7249
7403
7557
7554
7708
7862
7862
8017
8017
8017
7249
7403
7557
7554
7708
7862
7862
8017
8017
8171
7249
7400
7554
7708
7708
7862
7862
8017
8017
8171
7246
7400
7554
7708
7708
7862
7862
8017
8017
8171
8171
7249
7403
7554
7708
7708
7862
7862
8017
8017
8171
8171
7249
7400
7554
7708
7708
7862
7862
8017
8017
8171
8171
7246
7400
7554
7708
7708
7862
7862
8017
8017
8171
8171
7249
7403
7554
7708
7708
7862
7862
8017
8017
8171
8171
7249
7403
7554
7708
7708
7862
7862
8017
8017
8171
8171
7249
7403
7554
7708
7708
7862
7862
8017
8017
8171
8171
8171
7249
7403
7557
7708
7708
7862
8017
8017
8017
8171
8171
8171
7403
7403
7557
7708
7862
7862
8017
8017
8017
8171
8171
8171
7249
7403
7554
7708
7862
7862
8017
8017
8017
8171
8171
8171
7403
7403
7554
7708
7862
7862
8017
8017
8017
8171
8171
8171
7249
7403
7557
7708
7862
7862
8017
8017
8017
8171
8171
8171
8322
