6172
6326
6326
6480
6480
6480
6635
6635
6637
6637
6792
6792
6792
6786
6780
6778
6926
6923
6920
6920
6917
6914
6914
6912
6909
6909
6909
6906
6906
6906
6906
6903
6903
4923
5079
5389
5545
5699
5856
6012
6167
6169
6323
6326
6480
6480
6480
6637
6637
6637
6637
6792
6792
6792
6795
6795
6795
6795
6795
6949
6949
6949
6949
6949
6949
6949
6949
6177
6326
6475
6472
6467
6618
6615
6613
6766
6764
6761
6761
6758
6758
6909
6909
6906
6906
6906
6906
6903
6903
6903
6903
6903
6903
6903
6903
6900
6900
6900
6900
6900
6900
4452
4761
5073
5224
5376
5683
5836
5987
5987
6138
6292
6292
6445
6445
6596
6596
6596
6749
6749
6749
6749
6749
6749
6900
6900
6900
6900
6900
6900
6900
6900
6900
6900
6900
6900
5831
5985
6138
6138
6289
6289
6443
6443
6596
6596
6596
6747
6747
6747
6747
6747
6900
6900
6900
6900
6900
6900
6900
6900
6900
6900
6900
6900
6900
6900
6900
6900
6900
6900
6900
6900
6141
6138
6292
6445
6443
6443
6596
6596
6596
6749
6749
6749
6749
6747
6900
6900
6900
6900
6900
6900
6903
6903
6903
6903
6900
6900
6900
6903
6903
6903
6903
6906
6906
6903
6903
6903
6903
4913
5066
5378
5534
5690
5846
6002
6159
6161
6318
6318
6475
6475
6632
6632
6635
6635
6789
6792
6792
6792
6792
6792
6792
6946
6949
6949
6949
6949
6949
6949
6949
6949
6949
6949
6949
6949
6949
1228
1995
2609
3068
3528
3988
4293
4600
4904
5211
5364
5518
5671
5824
5975
6128
6281
6281
6435
6435
6588
6588
6588
6741
6741
6741
6741
6741
6894
6894
6894
6894
6894
6894
6894
6894
6894
6894
4450
4759
5064
5218
5522
5676
5827
5980
6133
6133
6284
6284
6437
6437
6591
6591
6591
6744
6744
6741
6741
6741
6894
6894
6894
6894
6894
6894
6894
6894
6894
6894
6894
6894
6894
6894
6894
6894
6894
4907
5060
5364
5522
5676
5829
5982
6133
6287
6287
6437
6437
6591
6591
6591
6744
6744
6744
6744
6741
6897
6894
6894
6894
6894
6894
6894
6894
6900
6906
6912
6917
6920
6923
6926
6929
6932
6935
6937
6937
1534
2147
2761
3220
3680
3985
4445
4749
4902
5209
5362
5666
5819
5972
5972
6126
6279
6279
6432
6429
6582
6582
6582
6735
6735
6735
6735
6735
6888
6888
6888
6888
6888
6888
6888
6888
6888
6888
6888
6888
4291
4602
4907
5060
5364
5518
5671
5822
5975
6128
6281
6281
6435
6432
6585
6585
6585
6738
6738
6738
6738
6738
6891
6891
6891
6891
6891
6891
6891
6891
6891
6891
6888
6888
6888
6891
6891
7044
7044
7044
7042
5673
5824
5977
5977
6128
6281
6281
6435
6435
6588
6588
6585
6738
6738
6738
6738
6738
6891
6891
6888
6888
6888
6888
6888
6888
6888
6888
6891
6891
6888
7044
7044
7042
7042
7042
7042
7042
7042
7047
7056
7062
7065
6305
6461
6464
6621
6624
6626
6626
6783
6783
6786
6786
6789
6789
6789
6943
6946
6946
6946
6946
6946
6946
6946
6949
6949
6949
6949
6949
6949
6949
6949
6949
6949
6949
6949
6949
6949
6949
6949
6949
6949
6949
6949
6949
6334
6334
6488
6488
6643
6643
6643
6643
6797
6797
6797
6797
6797
6797
6797
6952
6952
6952
6952
6952
6952
6952
6952
6952
6952
6952
6952
6952
6952
6952
6952
6952
6952
6952
6952
6952
6952
6952
6952
6952
6952
6952
6952
6334
6334
6488
6488
6643
6643
6643
6643
6797
6797
6797
6797
6797
6797
6797
6797
6952
6952
6952
6952
6952
6952
6952
6952
6952
6952
6949
6949
6949
6949
6949
6949
6949
6949
6949
6949
6949
6949
6949
6949
6949
6949
6949
6949
6331
6331
6486
6486
6643
6643
6643
6643
6797
6797
6797
6797
6797
6797
6797
6797
6952
6952
6952
6952
6952
6952
6952
6952
6952
6952
6952
6952
6952
6952
6952
6952
6952
6952
6952
6952
6952
6952
6952
6952
6952
6952
6952
6952
6952
6334
6488
6488
6488
6643
6643
6643
6643
6797
6797
6797
6797
6797
6797
6797
6797
6952
6952
6952
6952
6952
6952
6952
6952
6952
6952
6952
6952
6952
6952
6952
6952
6952
6952
6952
6952
6952
6952
6952
6952
6952
6952
6952
6952
6952
6334
6334
6488
6488
6488
6643
6643
6643
6643
6797
6797
6797
6795
6795
6795
6795
6949
6949
6949
6949
6949
6949
6949
6949
6949
6949
6949
6949
6949
6949
6949
6949
6952
6952
6952
6952
6952
6952
6952
6952
6952
6952
6952
6952
6952
6952
6952
6334
6334
6488
6488
6643
6643
6643
6643
6797
6797
6797
6797
6797
6797
6797
6797
6797
6952
6952
6952
6952
6952
6952
6952
6952
6952
6952
6952
6952
6952
6952
6952
6952
6952
6952
6952
6952
6952
6952
6952
6952
6952
6952
6952
6952
6952
6952
8157
8465
8619
8923
9077
8157
8465
8773
8923
9077
8311
8465
8773
8923
9077
8157
8465
8773
8923
9077
8311
8619
8773
9077
9231
8311
8619
8773
8923
9077
8311
8619
8769
9077
9231
8465
8619
8923
9077
9231
8465
8619
8923
9077
9231
8465
8619
8923
9077
9231
9385
8465
8773
8923
9077
9231
9385
8465
8615
8919
9073
9223
9377
8458
8766
8919
9073
9227
9381
8462
8769
8919
9073
9227
9381
8462
8769
8923
9077
9227
9381
8615
8769
8923
9227
9381
9535
8462
8769
8923
9073
9227
9381
8615
8769
8923
9231
9385
9381
8619
8769
9077
9231
9385
9535
9535
8619
8923
9077
9231
9385
9535
