7836
8144
8297
8605
8912
7997
8301
8608
8762
8916
8150
8304
8612
8762
9069
8154
8458
8612
8919
9069
8154
8458
8766
8919
9073
8308
8458
8766
8919
9073
8308
8615
8766
8919
9073
9223
8308
8615
8766
8919
9227
9377
8308
8615
8766
9073
9227
9377
8308
8612
8766
9073
9227
9377
8462
8612
8766
9073
9223
9377
8458
8612
8919
9073
9223
9377
8458
8612
8919
9069
9223
9377
8458
8612
8919
9073
9223
9377
8462
8766
8919
9073
9223
9377
8462
8766
8919
9073
9227
9377
8462
8766
8919
9073
9227
9377
9531
8462
8766
8919
9073
9227
9377
9531
8462
8766
8919
9073
9223
9377
9531
8615
8766
8919
9073
9381
9377
9531
7382
7535
7535
7840
8147
7228
7689
7840
8147
8301
7535
7843
8147
8301
8455
7689
7997
8147
8455
8608
7843
7997
8301
8455
8608
7843
7997
8301
8455
8608
7843
8150
8301
8455
8608
7843
8150
8301
8455
8762
7843
8150
8301
8455
8762
7843
8150
8301
8455
8608
8758
7843
8150
8301
8455
8608
8758
7843
8150
8301
8608
8762
8912
7997
8147
8455
8608
8762
8912
7997
8301
8455
8608
8758
8912
7997
8301
8455
8608
8758
8912
7993
8301
8455
8605
8758
8912
7993
8301
8455
8605
8758
8912
8147
8301
8455
8605
8758
8912
8147
8301
8455
8605
8758
8912
8147
8301
8297
7990
7833
7680
7523
7369
7216
7059
7059
6906
6903
