462
616
1232
1847
2616
3232
3694
4155
4617
4927
5235
5541
5846
5997
6305
4921
5226
5531
5839
5990
6144
6448
6602
6602
6755
6909
6912
7065
7216
7216
5378
5683
5990
6144
6294
6448
6602
6752
6906
6906
7059
7059
7219
7216
7369
5531
5836
5990
6294
6448
6602
6752
6752
6906
7059
7059
7210
7213
7216
7369
5378
5683
5836
6141
6294
6448
6599
6752
6906
6906
7059
7059
7213
7216
7369
7369
5683
5836
6144
6294
6448
6602
6752
6906
6906
7059
7059
7210
7210
7363
7369
7372
6613
6769
6769
6926
7083
7083
7240
7240
7243
7397
7397
7400
7400
7400
7554
7557
6789
6789
6943
7097
7097
7097
7252
7252
7406
7406
7406
7406
7406
7560
7560
7560
7560
6792
6792
6946
7100
7100
7255
7252
7252
7406
7406
7406
7406
7406
7560
7560
7560
7560
6792
6792
6946
7100
7100
7255
7255
7255
7406
7406
7406
7406
7406
7560
7560
7560
7560
6792
6792
6946
7100
7100
7255
7255
7255
7406
7406
7406
7406
7406
7560
7560
7560
7560
7560
6792
6792
6946
7100
7100
7255
7255
7255
7406
7406
7406
7406
7406
7560
7560
7560
7560
7560
6792
6792
6946
7100
7100
7255
7252
7252
7406
7406
7406
7406
7406
7560
7560
7560
7560
7560
6792
6943
6943
7097
7097
7252
7252
7252
7406
7406
7406
7406
7406
7560
7560
7560
7560
7560
6792
6792
6946
7100
7100
7255
7255
7252
7406
7406
7406
7406
7406
7560
7560
7560
7560
7560
7560
6792
6792
6946
7100
7100
7255
7255
7255
7406
7406
7406
7406
7406
7560
7560
7560
7560
7560
7560
6792
6946
6946
7100
7100
7255
7255
7255
7406
7406
7406
7406
7406
7560
7560
7560
7560
7560
7560
6792
6946
6946
7100
7100
7255
7255
7255
7406
7406
7406
7406
7560
7560
7560
7560
7560
7560
7560
7560
6792
6946
6946
7100
7100
7255
7252
7252
7406
7406
7406
7406
7406
7560
7560
7560
7560
7560
7560
7560
6792
6943
6943
7097
7097
7252
7252
7252
7406
7406
7406
7406
7406
7560
7560
7560
7560
7560
7560
7560
7095
7249
7400
7554
7708
7708
7862
8017
8017
7095
7249
7403
7554
7708
7708
7862
8017
8017
7095
7403
7403
7554
7708
7862
7862
8017
8017
7249
7403
7400
7554
7708
7862
7862
8017
8017
8017
7249
7403
7554
7554
7708
7862
7862
8017
8017
8171
7249
7403
7554
7554
7708
7862
7862
8017
8017
8171
7249
7403
7554
7554
7708
7862
7862
8017
8017
8171
7249
7403
7554
7708
7708
7862
7862
8017
8013
8167
7246
7397
7551
7551
7705
7859
7859
8013
8013
8167
8167
7246
7400
7554
7708
7708
7859
7859
8013
8013
8167
8167
7246
7400
7554
7708
7708
7862
7862
8017
8017
8171
8171
7249
7400
7554
7708
7708
7862
7862
8017
8017
8171
8171
7249
7403
7554
7708
7708
7862
7862
8017
8017
8171
8171
7249
7403
7554
7708
7708
7862
8017
8017
8017
8171
8171
7249
7403
7554
7708
7708
7862
8017
8017
8017
8171
8171
8171
7249
7403
7554
7708
7862
7862
8017
8017
8017
8171
8171
8171
7400
7400
7554
7708
7862
7862
8017
8017
8017
8167
8167
8167
7400
7400
7554
7708
7862
7862
8017
8017
8017
8171
8167
8167
7400
7400
7554
7708
7862
7862
8017
8017
8013
8167
8167
8167
7400
7554
7554
7708
7862
7862
8017
8017
8171
8171
8171
8171
8325
7234
7542
7846
8000
8308
7388
7696
8000
8154
8462
7542
7542
7542
7846
8154
7388
7696
7846
8154
8308
7542
7846
8000
8308
8458
7696
7846
8154
8304
8612
7692
8000
8154
8458
8612
7692
8000
8304
8458
8612
7846
8000
8308
8458
8612
7849
8000
8308
8458
8612
8766
7849
8000
8308
8462
8612
8766
7849
8000
8308
8462
8612
8766
7849
8154
8308
8458
8612
8766
7849
8154
8304
8458
8608
8762
7846
8154
8304
8458
8612
8762
7846
8154
8304
8612
8766
8762
8000
8154
8304
8612
8766
8919
8000
8154
8308
8612
8766
8919
8000
8154
8308
8612
8766
8919
8000
8154
8462
8612
8766
8919
8007
8315
8465
8773
8927
8007
8311
8619
8773
8927
8007
8315
8619
8773
8927
8161
8311
8619
8773
9077
8161
8315
8619
8773
9077
8161
8465
8619
8927
9077
8161
8465
8619
8927
9077
9231
8161
8465
8619
8927
9077
9231
8161
8465
8773
8923
9077
9231
8157
8465
8773
8923
9077
9231
8311
8465
8773
8923
9077
9231
8311
8465
8769
8923
9077
9231
8311
8465
8769
8923
9077
9231
8311
8619
8769
8923
9231
9385
8311
8619
8773
9077
9231
9385
8311
8619
8773
8923
9231
9385
8311
8619
8773
9077
9231
9385
9539
8465
8619
8773
9077
9231
9385
9539
8465
8619
8927
9077
9231
9385
9539
8465
8619
8927
9077
9231
9385
9539
