6174
6329
6329
6483
6483
6483
6637
6637
6637
6637
6792
6792
6792
6792
6792
6792
6792
6792
6792
6946
6946
6946
6946
6946
6946
6946
6946
6946
6946
6946
6946
6946
6946
6946
6331
6331
6486
6486
6486
6637
6637
6637
6637
6792
6792
6792
6792
6792
6792
6792
6792
6792
6946
6946
6946
6946
6946
6946
6946
6946
6946
6946
6946
6946
6946
6946
6946
6946
6329
6329
6483
6483
6483
6637
6637
6637
6637
6792
6792
6792
6792
6792
6792
6792
6792
6792
6946
6946
6946
6946
6946
6946
6946
6946
6946
6946
6946
6946
6946
6946
6946
6946
6946
6331
6331
6486
6483
6483
6637
6637
6637
6637
6792
6792
6792
6792
6792
6792
6792
6792
6792
6946
6946
6946
6946
6946
6946
6946
6946
6946
6946
6946
6946
6946
6946
6946
6946
6946
6946
6174
6329
6329
6483
6483
6637
6637
6637
6637
6637
6792
6792
6792
6792
6792
6792
6792
6792
6946
6946
6946
6946
6946
6946
6946
6946
6946
6946
6946
6946
6946
6946
6946
6946
6946
6946
6946
6331
6331
6486
6486
6486
6640
6637
6637
6637
6792
6792
6792
6792
6792
6792
6792
6792
6792
6946
6946
6946
6946
6946
6946
6946
6946
6946
6946
6946
6946
6946
6946
6946
6946
6946
6946
6946
6329
6329
6483
6483
6483
6637
6637
6637
6637
6792
6792
6792
6792
6792
6792
6792
6792
6792
6946
6946
6946
6946
6946
6946
6946
6946
6946
6946
6946
6946
6946
6946
6946
6946
6946
6946
6946
6946
6331
6331
6486
6480
6475
6624
6621
6615
6766
6766
6761
6758
6755
6752
6906
6903
6903
6900
6897
6897
6897
6894
6894
6894
6894
6891
6891
6891
6891
6891
6891
6891
6891
6891
6891
6891
6891
6891
6131
6131
6284
6435
6435
6435
6585
6585
6585
6738
6738
6738
6738
6738
6891
6888
6888
6888
6888
6888
6888
6888
6888
6888
6888
6888
6888
6888
6888
6888
6888
6888
6888
7044
7042
7042
7042
7042
7042
6131
6131
6284
6435
6435
6435
6585
6588
6585
6738
6738
6738
6738
6738
6891
6891
6891
6888
6888
6888
6888
6888
6888
6888
6888
6888
6888
6888
6888
6888
6888
6888
6888
7042
7042
7042
7042
7042
7042
7042
4751
5058
5211
5518
5671
5822
5975
6128
6128
6281
6279
6432
6432
6585
6585
6585
6741
6747
6752
6758
6764
6766
6769
6926
6929
6932
6935
6937
6937
6940
6940
6940
6943
6943
6943
6946
6946
6946
6946
6946
6946
461
614
768
1229
1996
2610
3070
3529
3988
4295
4602
4907
5213
5367
5518
5671
5824
5977
6131
6281
6281
6435
6435
6588
6588
6588
6741
6741
6741
6741
6741
6741
6894
6894
6894
6894
6894
6894
6894
6894
6894
6894
4753
5062
5215
5520
5673
5827
5977
6131
6131
6284
6284
6437
6437
6591
6588
6588
6741
6741
6741
6741
6741
6894
6894
6894
6894
6894
6894
6894
6894
6897
6897
6897
6897
6897
6897
6897
6897
6897
6897
6897
6897
6894
4909
5215
5369
5520
5673
5824
5977
6131
6284
6284
6437
6437
6588
6588
6588
6741
6741
6741
6741
6741
6894
6894
6894
6894
6894
6894
6894
6894
6894
6894
6894
6894
6900
6906
6912
6917
6920
6923
6929
6929
6932
6935
6937
462
462
769
1231
1846
2459
3073
3534
3993
4300
4606
4913
5064
5369
5522
5676
5827
5980
6133
6287
6287
6440
6440
6437
6591
6591
6593
6744
6744
6744
6744
6744
6897
6897
6897
6897
6897
6897
6897
6897
6897
6897
6897
6897
6897
4297
4602
4909
5062
5369
5527
5683
5841
5997
6156
6159
6315
6315
6472
6475
6629
6632
6632
6635
6789
6789
6792
6792
6792
6792
6795
6795
6949
6949
6949
6949
6949
6949
6949
6949
6949
6952
6952
6952
6952
6952
6952
6952
6952
6952
461
615
923
1539
2153
2768
3228
3687
4148
4454
4761
4913
5220
5371
5678
5831
5982
5982
6136
6289
6289
6440
6440
6593
6593
6593
6593
6747
6747
6747
6747
6747
6900
6900
6900
6900
6900
6900
6900
6900
6900
6900
6900
6900
6900
6900
4759
5068
5220
5373
5680
5831
5985
5985
6136
6289
6289
6443
6443
6593
6593
6593
6747
6747
6747
6747
6747
6747
6900
6900
6900
6900
6900
6900
6900
6900
6900
6900
6900
6900
6900
6897
6897
6897
6900
6900
6900
6897
7050
7050
7050
4297
4604
4911
5066
5376
5527
5680
5831
5985
6138
6289
6289
6443
6443
6596
6596
6593
6593
6747
6747
6747
6747
6747
6900
6900
6900
6900
6900
6900
6906
6912
6917
6920
6923
6929
6929
6932
6935
6937
6937
6940
6940
6943
6943
6943
6946
6174
6331
6331
6486
6486
6640
6640
6640
6640
6795
6795
6795
6797
6797
6797
6797
6797
6952
6952
6952
6952
6952
6952
6952
6952
6952
6952
6952
6952
6952
6952
6952
6952
6952
6952
6952
6952
6952
6952
6952
6952
6952
6952
6952
6952
6952
6952
