6141
6292
6445
6596
6596
6749
6747
6900
5220
5524
5985
6445
6752
5839
5990
6141
6292
6445
6596
6596
6749
5373
5678
6138
6445
6906
7213
6141
6292
6445
6596
6749
6749
6900
6900
5524
5831
6292
6599
6906
7213
4763
4761
5222
5373
5678
5831
6136
6289
5834
6138
6292
6443
6596
6749
6747
6900
5220
5524
5831
5982
6445
6752
7213
5224
5529
5683
5834
5985
6138
6292
6443
6596
5373
5834
6294
6602
6752
6752
6903
6903
5222
5527
5678
5985
6136
6289
6443
6596
6903
6294
6292
6445
6443
6596
6596
6593
6593
6747
6747
6747
5371
5678
5829
5982
6136
6287
6287
6440
6440
6593
6591
4911
5524
5678
5829
5982
6136
6133
6287
6287
6440
6440
4759
5218
5680
5831
5985
6136
6136
6289
6443
6440
4913
5218
5371
5678
6138
6292
6289
6443
6443
6596
6593
5066
5218
5524
5676
5829
6136
6443
6596
6596
6596
6593
4913
5220
5371
5524
5676
5829
5982
6289
6596
6596
6749
4913
5220
5371
5524
5678
5829
5982
6136
6287
6596
6749
7095
7249
7403
7554
7708
7862
7862
8017
8017
7249
7403
7403
7554
7708
7862
7862
8017
8017
7249
7400
7400
7554
7708
7862
7862
8017
8017
7246
7400
7554
7554
7708
7862
7862
8017
8017
8171
7249
7403
7554
7554
7708
7862
7862
8017
8017
8171
7249
7403
7554
7554
7708
7862
7862
8017
8017
8171
7249
7403
7557
7554
7708
7862
7862
8017
8017
8171
7249
7403
7554
7554
7708
7862
7862
8017
8017
8171
7249
7403
7554
7708
7708
7862
7862
8017
8017
8171
8171
7249
7403
7557
7708
7708
7862
7862
8017
8017
8171
8171
7249
7403
7557
7708
7708
7862
7862
8017
8017
8171
8171
7249
7400
7548
7696
7846
7843
7993
7990
8140
8137
8137
5992
6297
6451
6758
6912
7062
7366
7520
7516
7670
7820
6138
6445
6596
6903
7056
7210
7366
7516
7670
7667
7820
5680
6138
6292
6596
6903
7056
7207
7363
7520
7670
7670
7823
5680
5987
6292
6445
6749
6903
7210
7360
7513
7513
7670
7823
5836
6141
6445
6752
6903
7056
7210
7360
7513
7667
7820
7820
6906
7213
7363
7516
7516
7667
7820
7820
7973
7970
8123
8123
5985
6292
6445
6755
6906
7213
7363
7516
7516
7667
7820
7820
5834
6138
6445
6749
6903
7059
7213
7363
7516
7670
7820
7820
7973
