6172
6172
6326
6326
6480
6480
6635
6635
6635
6635
6789
6789
6789
6789
6792
6792
6792
6792
6946
6946
6946
6946
6946
6946
6946
6946
6946
6946
6946
6946
6946
6946
6943
4465
4773
5077
5228
5380
5685
5836
5987
5987
6138
6289
6289
6443
6440
6593
6593
6591
6744
6744
6744
6744
6744
6897
6897
6897
6897
6897
6897
6894
6894
6894
6894
6894
6894
4911
5062
5369
5522
5673
5827
5980
6133
6133
6287
6437
6437
6591
6591
6591
6591
6744
6744
6741
6741
6744
6897
6894
6894
6894
6894
6894
6894
6894
6894
6894
6894
6894
6894
4293
4600
4909
5215
5367
5520
5673
5824
5977
6131
6284
6284
6437
6437
6591
6591
6591
6744
6747
6747
6747
6747
6900
6900
6900
6900
6900
6900
6903
6903
6900
6900
6900
6897
6897
5676
5829
5982
6133
6287
6287
6437
6437
6591
6591
6591
6744
6744
6741
6741
6741
6894
6894
6894
6894
6894
6894
6894
6894
6897
6903
6909
6914
6917
6923
6926
6929
6932
6935
6935
6937
1384
1998
2612
3073
3532
3993
4300
4606
4913
5218
5371
5524
5678
5831
5982
6136
6289
6289
6443
6443
6596
6596
6596
6596
6749
6749
6749
6749
6749
6903
6903
6903
6903
6903
6900
6900
6903
4452
4759
5066
5220
5529
5680
5834
5987
5987
6138
6292
6292
6445
6445
6599
6596
6596
6749
6749
6749
6749
6749
6903
6903
6903
6903
6903
6903
6903
6903
6903
6903
6903
6903
6903
6903
6903
5527
5680
5831
5985
6138
6138
6289
6443
6443
6443
6596
6596
6596
6749
6749
6749
6749
6749
6903
6903
6903
6903
6903
6903
6903
6903
6903
6903
6903
6903
6903
6903
6903
6903
6903
6900
6900
6900
4759
5066
5218
5524
5678
5831
5987
6144
6141
6294
6294
6445
6445
6599
6596
6596
6749
6749
6749
6749
6749
6903
6903
6903
6903
6900
6900
6906
6912
6917
6920
6923
6926
6929
6932
6935
6937
6937
6940
6326
6326
6480
6483
6483
6637
6637
6637
6640
6795
6795
6795
6795
6795
6795
6795
6949
6949
6949
6949
6949
6949
6952
6952
6952
6952
6952
6952
6952
6952
6952
6949
6949
6949
6949
6949
6949
6949
6949
6949
6334
6486
6486
6486
6640
6640
6640
6640
6795
6795
6795
6797
6797
6797
6797
6797
6952
6952
6952
6952
6952
6949
6949
6949
6949
6949
6949
6949
6949
6949
6949
6949
6949
6949
6949
6949
6949
6949
6949
6949
6331
6331
6486
6486
6640
6640
6640
6640
6795
6795
6795
6795
6795
6795
6795
6795
6949
6949
6949
6949
6949
6949
6949
6949
6949
6949
6949
6949
6949
6949
6949
6949
6949
6949
6949
6949
6949
6949
6949
6949
6949
6334
6331
6486
6486
6640
6640
6640
6640
6795
6795
6795
6795
6795
6795
6795
6795
6949
6949
6949
6952
6952
6952
6952
6952
6952
6949
6949
6949
6949
6949
6949
6949
6949
6949
6949
6949
6949
6949
6949
6949
6949
6949
6331
6331
6486
6486
6640
6640
6640
6640
6795
6795
6795
6795
6795
6795
6795
6795
6949
6949
6949
6949
6949
6949
6949
6949
6949
6949
6949
6949
6949
6949
6949
6949
6949
6949
6949
6949
6949
6952
6952
6952
6952
6952
6952
6334
6334
6488
6488
6643
6643
6643
6643
6643
6797
6797
6797
6797
6797
6797
6797
6952
6952
6952
6952
6952
6952
6952
6952
6952
6952
6952
6952
6952
6952
6952
6949
6949
6949
6949
6949
6949
6949
6949
6949
6949
6949
6949
6949
6334
6331
6486
6486
6640
6640
6640
6640
6795
6795
6795
6795
6795
6795
6795
6795
6949
6949
6949
6949
6949
6949
6949
6949
6949
6949
6949
6949
6949
6949
6949
6952
6952
6952
6952
6952
6952
6952
6952
6952
6952
6952
6952
6952
6334
6334
6488
6488
6643
6643
6643
6643
6797
6797
6797
6797
6797
6797
6797
6797
6952
6952
6952
6952
6952
6952
6952
6952
6952
6952
6952
6952
6952
6952
6952
6952
6952
6952
6952
6952
6952
6952
6952
6952
6952
6952
6952
6952
6952
6334
6334
6488
6488
6488
6643
6643
6643
6797
6797
6797
6797
6797
6797
6797
6797
6797
6952
6952
6952
6952
6952
6952
6952
6952
6952
6952
6952
6952
6952
6952
6952
6952
6952
6952
6952
6952
6952
6949
6949
6949
6949
6949
6949
6949
6949
6334
6334
6486
6486
6486
6640
6640
6640
6795
6795
6795
6795
6795
6795
6795
6795
6795
6949
6949
6949
6949
6949
6949
6949
6949
6949
6949
6949
6952
6952
6952
6952
6952
6952
6952
6952
6952
6952
6952
6952
6952
6952
6952
6952
6952
6952
6334
6334
6488
6488
6488
6643
6643
6643
6643
6797
6797
6797
6797
6797
6797
6797
6797
6952
6952
6952
6952
6952
6952
6952
6952
6952
6952
6952
6952
6952
6952
6952
6952
6952
6952
6952
6952
6952
6952
6952
6952
6952
6952
6952
6952
6949
6949
8311
8619
8773
8923
8311
8465
8773
8923
9077
8311
8465
8773
8923
9077
8311
8465
8773
8923
9077
8311
8619
8773
9077
9231
8311
8619
8773
8923
9231
8465
8619
8923
9077
9231
8465
8619
8923
9077
9231
8465
8619
8923
9077
9231
8465
8619
8923
9077
9231
9385
8465
8773
8923
9077
9231
8465
8773
8923
9077
9231
9381
8465
8769
8923
9077
9231
9381
8465
8769
8923
9077
9231
9381
8615
8769
9077
9231
9381
9535
8615
8769
8923
9231
9381
9377
8458
8766
8916
9069
9223
9377
8615
8766
9073
9227
9381
9535
8615
8923
9077
9227
9381
9535
8615
8923
9077
9231
9381
9535
7846
8000
8304
8458
7692
8000
8304
8458
8612
7846
8154
8304
8612
7846
8150
8304
8458
8766
7846
8154
8304
8458
8766
7846
8150
8304
8612
8762
7846
8150
8304
8612
8762
8000
8304
8458
8612
8762
8000
8150
8458
8612
8766
8000
8308
8458
8612
8766
8000
8308
8458
8612
8766
8000
8308
8458
8612
8766
8154
8308
8458
8612
8766
8154
8308
8458
8612
8766
8916
8154
8304
8612
8766
8919
8916
8154
8304
8612
8766
8919
8916
8154
8304
8612
8766
8919
9069
8154
8304
8612
8766
8919
8916
8154
8304
8458
8612
8766
8916
8154
8458
8612
8766
8916
9069
