7240
7394
7548
7702
7702
7856
7856
8010
8010
7243
7397
7548
7702
7702
7856
7856
8010
8010
7243
7397
7551
7702
7702
7856
7856
8010
8010
7243
7397
7551
7705
7705
7859
7856
8010
8010
8164
7243
7397
7551
7705
7705
7859
7859
8010
8010
8164
7243
7397
7551
7705
7705
7859
8013
8010
8010
8164
7243
7397
7551
7705
7705
7859
8010
8010
8010
8164
7243
7397
7551
7705
7859
7859
8013
8010
8010
8164
7243
7397
7551
7705
7859
7859
8013
8010
8010
8164
8164
7397
7551
7551
7705
7859
7859
8013
8010
8010
8164
8164
7397
7551
7551
7705
7859
7859
8013
8010
8164
8164
8164
7397
7551
7551
7705
7859
7859
8010
8010
8164
8164
8164
7397
7551
7551
7702
7856
7856
8010
8010
8164
8164
8164
7397
7551
7548
7702
7856
7856
8010
8010
8164
8164
8164
7397
7551
7551
7705
7859
7859
8010
8010
8164
8164
8164
8164
7397
7551
7705
7705
7859
7859
8010
8010
8164
8164
8164
8164
7397
7551
7705
7705
7859
7859
8010
8010
8164
8164
8164
8164
7397
7551
7705
7705
7859
7859
8010
8010
8164
8164
8164
8164
7397
7551
7705
7705
7859
7859
8010
8010
8164
8164
8164
8164
7397
7551
7705
7705
7859
7859
8010
8010
8164
8164
8164
8164
8318
6786
6786
6940
7095
7095
7249
7249
7249
7403
7403
7403
7403
7403
7557
7557
6786
6940
6940
7095
7095
7249
7249
7249
7403
7403
7403
7403
7403
7557
7557
6786
6786
6940
7095
7095
7249
7249
7249
7403
7400
7400
7400
7403
7557
7557
6786
6940
6940
7095
7095
7249
7249
7249
7403
7403
7403
7403
7403
7557
7557
6786
6940
6940
7095
7095
7249
7249
7249
7403
7403
7403
7403
7403
7557
7557
7557
6786
6940
6940
7095
7095
7249
7249
7249
7403
7403
7403
7403
7557
7557
7557
7557
6786
6940
6940
7095
7095
7249
7249
7249
7403
7403
7403
7403
7557
7557
7557
7557
6786
6940
6940
7095
7095
7249
7249
7249
7403
7403
7403
7403
7557
7557
7554
7554
7554
6786
6940
6940
7095
7095
7249
7249
7249
7403
7400
7400
7400
7554
7554
7554
7554
7554
6786
6940
6940
7095
7095
7249
7249
7249
7400
7400
7400
7400
7554
7557
7557
7557
7557
6786
6940
6940
7095
7095
7249
7249
7249
7403
7403
7403
7403
7403
7557
7557
7557
7557
7557
6786
6940
6940
7095
7095
7249
7249
7249
7403
7403
7403
7403
7557
7557
7557
7557
7557
7557
6786
6940
6940
7095
7095
7249
7249
7249
7403
7403
7403
7403
7557
7557
7557
7557
7557
7557
6786
6940
6940
7095
7095
7249
7249
7249
7403
7403
7403
7403
7557
7557
7557
7557
7557
7557
7557
6786
6940
6940
7095
7095
7249
7249
7249
7403
7403
7403
7403
7557
7557
7557
7557
7557
7557
7557
6786
6940
6940
7095
7095
7249
7249
7249
7403
7403
7400
7400
7554
7554
7554
7554
7554
7554
7554
6786
6940
6940
7095
7095
7249
7249
7403
7403
7403
7403
7403
7557
7557
7557
7557
7557
7557
7557
6786
6940
7095
7095
7095
7249
7249
7403
7403
7403
7403
7403
7557
7557
7557
7557
7557
7557
7557
7557
6786
6940
7095
7095
7095
7249
7249
7403
7400
7400
7397
7397
7551
7551
7551
7551
7554
7554
7554
7554
6783
6937
6937
7092
7092
7246
7246
7246
7400
7400
7400
7400
7554
7554
7554
7554
7557
7557
7557
7557
