5683
6141
6448
6602
6909
7065
7219
7369
7523
5683
6144
6294
6602
6906
7059
7210
7363
7520
6758
6912
7216
7369
7520
7673
7670
7823
7977
5987
6292
6602
6755
7062
7219
7372
7523
7676
7673
5683
5836
6141
6445
6752
6903
7056
7366
7366
7523
6607
6912
7062
7216
7366
7520
7670
7823
7823
7973
5834
6141
6451
6604
6912
7062
7213
7366
7516
7670
5222
5529
5834
6144
6453
6761
6912
7065
7216
7366
5683
5987
6294
6599
6752
7059
7216
7369
7523
7673
7673
5836
6141
6445
6752
6903
7056
7363
7360
7516
7670
7823
5834
6141
6445
6599
6903
7056
7207
7360
7513
7670
7673
5683
5987
6141
6445
6752
6903
7056
7360
7513
7513
7670
6909
7062
7213
7366
7516
7670
7820
7820
7973
7970
8123
6138
6445
6599
6903
7056
7210
7360
7513
7667
7817
7817
5985
6289
6596
6752
7056
7210
7363
7513
7667
7820
7820
5680
5985
6292
6596
6903
7056
7213
7363
7516
7667
7667
7820
5985
6292
6443
6749
6900
7207
7360
7513
7670
7670
7823
7820
5834
5987
6292
6599
6749
7056
7207
7360
7513
7670
7670
7823
5680
5987
6292
6599
6903
7056
7210
7360
7513
7667
7667
7823
5224
5529
5834
6138
6445
6749
6903
7056
7360
7360
7513
7670
7827
8003
8311
8465
8769
8923
8007
8311
8465
8773
8923
8007
8311
8619
8773
8923
8161
8311
8619
8773
9077
7385
7382
7378
7375
7372
7372
7369
7369
7520
7520
5376
5680
6141
6602
7062
7216
7213
5376
5529
5834
5987
6138
6292
6445
6596
6749
6749
5987
6448
6599
6752
6752
6903
6903
7056
7056
5527
5678
5985
6136
6289
6443
6749
7056
7210
5373
5680
5831
5985
6136
6443
6443
6596
6747
6747
6900
5527
5987
6292
6445
6445
6596
6749
6749
6903
7053
5373
5678
5831
5985
6289
6443
6596
7056
7056
7210
5373
5680
5831
5985
6292
6443
6443
6596
6749
6900
6900
5834
6294
6599
6599
6752
6903
6903
7056
7056
7053
5220
5527
5831
5985
6136
6289
6596
6903
7056
7056
5220
5527
5678
5985
6138
6289
6443
6596
6749
6747
6900
6900
6138
6602
7062
7526
7833
8140
465
620
929
1239
2166
3247
4018
4787
4787
5094
5094
5709
6323
6783
7243
6626
6935
7394
7699
8007
8315
8619
6637
6792
6946
6946
7100
7100
7255
7252
7252
7406
7406
7406
7406
7406
7560
6637
6792
6946
6946
7100
7100
7255
7252
7252
7406
7406
7406
7406
7406
7560
6637
6792
6943
6943
7097
7097
7252
7252
7252
7406
7406
7406
7406
7406
7560
6635
6789
6943
6943
7097
7097
7252
7252
7252
7406
7406
7406
7406
7560
7560
6637
6792
6946
6946
7097
7097
7252
7252
7252
7406
7406
7406
7406
7560
7560
7560
6792
6792
6946
6946
7100
7100
7255
7255
7252
7406
7406
7406
7406
7560
7560
7560
6792
6792
6946
6946
7100
7100
7255
7255
7255
7406
7406
7406
7406
7560
7560
7560
6792
6792
6946
6946
7100
7100
7255
7255
7252
7406
7406
7406
7406
7560
7560
7560
7560
6792
6792
6946
6946
7100
7100
7255
7255
7255
7406
7406
7406
7406
7560
7560
7560
7560
6792
6792
6943
7097
7097
7252
7252
7252
7406
7406
7406
7406
7406
7560
7560
7560
7560
6792
6792
6946
7100
7100
7255
7252
7252
7406
7406
7406
7406
7406
7560
7560
7560
7560
7560
6792
6792
6946
7100
7100
7100
7255
7255
7406
7406
7406
7406
7406
7560
7560
7560
7560
7560
6792
6792
6946
7100
7100
7255
7255
7255
7406
7406
7406
7406
7406
7560
7560
7560
7560
7560
6792
6792
6946
7100
7100
7255
7255
7255
7406
7406
7406
7406
7406
7560
7560
7560
7560
7560
6792
6792
6946
7100
7100
7255
7255
7252
7406
7406
7406
7406
7406
7560
7560
7560
7560
7560
7560
6792
6946
6946
7097
7097
7252
7252
7252
7406
7406
7406
7406
7406
7560
7560
7560
7560
7560
7560
6792
6792
6946
7100
7097
7252
7252
7252
7406
7406
7406
7406
7406
7560
7560
7560
7560
7560
7560
6792
6946
6946
7100
7100
7255
7255
7252
7406
7406
7406
7406
7406
7560
7560
7560
7560
7560
7560
7560
6792
6946
6946
7100
7100
7255
7255
7255
7406
7406
7406
7406
7406
7560
7560
7560
7560
7560
7560
7560
6792
6946
6946
7100
7100
7255
7255
7255
7406
7406
7406
7406
7406
7560
7560
7560
7560
7560
7560
7560
