6172
6326
6326
6480
6480
6635
6635
6635
6635
6789
6789
6789
6789
6789
6789
6789
6792
6792
6946
6946
6946
6946
6946
6946
6946
6946
6946
6946
6946
6946
6946
6946
6943
6937
4617
4923
5075
5380
5529
5680
5834
5985
6136
6289
6287
6440
6437
6591
6591
6588
6588
6741
6741
6741
6738
6738
6891
6891
6891
6891
6891
6891
6891
6891
6891
6891
6891
6891
5213
5518
5671
5824
5975
6128
6128
6281
6435
6435
6435
6588
6588
6588
6741
6741
6741
6741
6744
6897
6897
6897
6897
6897
6897
6897
6897
6897
6897
6897
6897
6897
6897
6897
4604
4911
5215
5367
5520
5827
5977
5977
6128
6281
6281
6435
6432
6585
6585
6585
6738
6738
6738
6738
6738
6891
6891
6888
6888
6888
6888
6888
6888
6888
6888
6888
6888
6888
6888
5977
5977
6128
6281
6281
6435
6432
6585
6585
6585
6738
6738
6738
6738
6738
6891
6891
6888
6888
6888
6888
6888
6891
6891
6894
6900
6906
6912
6917
6920
6923
6926
6929
6932
6935
6937
6323
6478
6480
6480
6635
6637
6637
6637
6792
6792
6795
6795
6795
6795
6795
6949
6949
6949
6949
6949
6949
6949
6949
6949
6949
6949
6952
6952
6952
6952
6952
6952
6952
6952
6952
6952
6952
6334
6334
6488
6488
6488
6643
6643
6643
6797
6797
6797
6797
6797
6797
6797
6797
6952
6952
6952
6952
6952
6952
6952
6952
6952
6952
6952
6952
6949
6949
6949
6949
6949
6949
6949
6949
6949
6949
6334
6331
6486
6486
6486
6640
6640
6640
6640
6795
6795
6795
6795
6795
6795
6795
6795
6949
6949
6949
6949
6949
6949
6949
6949
6949
6949
6949
6952
6952
6952
6952
6952
6952
6952
6952
6952
6952
6952
6334
6334
6488
6488
6488
6643
6643
6643
6643
6797
6797
6797
6797
6797
6797
6797
6797
6952
6952
6952
6952
6952
6952
6952
6952
6952
6952
6952
6952
6952
6952
6952
6952
6952
6952
6952
6952
6952
6952
6334
6334
6488
6488
6643
6643
6643
6643
6795
6795
6795
6795
6795
6795
6795
6795
6795
6949
6949
6949
6949
6949
6949
6949
6949
6949
6949
6949
6949
6949
6949
6949
6949
6949
6949
6949
6949
6949
6949
6949
6331
6331
6486
6486
6488
6643
6643
6643
6643
6797
6797
6797
6797
6797
6797
6797
6797
6952
6952
6952
6952
6952
6952
6952
6952
6952
6952
6952
6952
6952
6952
6952
6952
6952
6952
6952
6952
6952
6952
6952
6952
6334
6334
6488
6488
6488
6643
6643
6643
6643
6797
6797
6797
6797
6797
6797
6797
6797
6952
6952
6952
6952
6952
6952
6952
6952
6952
6952
6952
6952
6952
6952
6952
6952
6952
6952
6952
6952
6952
6952
6952
6952
6334
6334
6488
6488
6486
6640
6640
6640
6640
6795
6795
6795
6795
6795
6795
6795
6795
6949
6949
6949
6949
6949
6949
6949
6949
6949
6949
6949
6949
6949
6949
6949
6949
6949
6949
6949
6949
6949
6949
6949
6952
6952
6334
6334
6488
6488
6488
6643
6643
6643
6643
6797
6797
6797
6797
6797
6797
6797
6797
6952
6952
6952
6952
6952
6952
6952
6952
6952
6952
6952
6952
6952
6952
6952
6952
6952
6952
6952
6952
6952
6952
6952
6952
6952
6952
6334
6334
6488
6488
6488
6643
6643
6643
6643
6797
6797
6797
6797
6797
6797
6797
6797
6952
6952
6952
6952
6952
6952
6952
6952
6952
6952
6952
6952
6952
6952
6952
6952
6952
6952
6952
6952
6952
6952
6952
6952
6952
6952
6952
6334
6334
6488
6488
6643
6643
6643
6643
6640
6795
6795
6795
6795
6795
6795
6792
6792
6946
6946
6946
6946
6946
6946
6946
6946
6949
6949
6949
6949
6949
6949
6949
6949
6949
6949
6949
6949
6949
6949
6949
6949
6949
6949
6949
6334
6334
6488
6488
6643
6643
6643
6643
6797
6797
6797
6797
6797
6797
6797
6797
6797
6952
6952
6952
6952
6952
6952
6952
6952
6952
6952
6952
6952
6952
6952
6952
6952
6952
6952
6952
6952
6952
6952
6952
6952
6952
6952
6952
6952
6334
6334
6488
6488
6488
6643
6643
6643
6643
6797
6797
6797
6797
6797
6797
6797
6797
6952
6952
6949
6949
6949
6949
6949
6949
6949
6949
6949
6949
6949
6949
6949
6949
6949
6949
6949
6949
6949
6949
6949
6949
6949
6949
6949
6949
6949
6331
6331
6486
6486
6488
6643
6643
6643
6643
6797
6797
6797
6797
6797
6797
6797
6797
6952
6952
6952
6952
6952
6952
6952
6952
6952
6952
6952
6952
6952
6952
6952
6952
6952
6952
6952
6952
6952
6952
6952
6952
6952
6952
6952
6952
6952
6334
6334
6488
6488
6488
6643
6643
6643
6643
6797
6797
6797
6797
6797
6797
6797
6797
6952
6952
6952
6952
6952
6952
6952
6952
6952
6952
6952
6952
6952
6952
6952
6952
6952
6952
6952
6952
6952
6952
6952
6952
6952
6952
6952
6952
6952
6952
7246
7400
7554
7708
7708
7862
7859
8013
8013
7246
7400
7554
7708
7708
7862
7859
8013
8013
7400
7400
7554
7708
7862
7859
8013
8013
8013
7400
7554
7554
7708
7862
7862
8017
8017
8017
7400
7554
7554
7708
7862
7862
8017
8017
8171
7400
7554
7554
7708
7862
7862
8017
8017
8017
8171
7400
7554
7554
7708
7862
7862
8017
8017
8171
8171
7400
7554
7554
7708
7862
7862
8017
8017
8017
8171
7400
7554
7554
7708
7862
7862
8017
8017
8171
8171
7400
7554
7708
7708
7862
7862
8017
8017
8171
8171
7400
7554
7708
7708
7862
7862
8017
8017
8171
8171
8167
7400
7554
7708
7708
7862
7862
8017
8017
8167
8167
8167
7400
7554
7708
7708
7862
7859
8013
8013
8167
8167
8167
7400
7554
7708
7862
7862
8013
8013
8013
8167
8167
8167
7400
7554
7708
7708
7862
7862
8017
8017
8171
8171
8167
8167
7400
7554
7708
7862
7862
8017
8017
8017
8171
8171
8171
7400
7554
7708
7708
7862
8017
8017
8017
8171
8171
8171
8322
7400
7554
7708
7708
7862
8017
8017
8017
8171
8171
8171
8322
7554
7554
7708
7862
7862
8017
8017
8171
8171
8171
8167
8322
7400
7554
7708
7708
7862
8017
8017
8017
8171
8171
8167
8322
8311
8465
8773
8923
9077
8311
8619
8773
8923
9077
8311
8619
8773
8923
9077
8311
8619
8773
8923
9077
8311
8465
8773
8923
9077
8311
8619
8769
9077
9231
8465
8619
8923
9077
9231
8311
8619
8769
8923
9231
9385
8465
8619
8923
9077
9231
8465
8615
8923
9077
9231
9381
8465
8769
8923
9077
9227
8465
8769
8923
9077
9227
9381
8465
8769
8923
9077
9227
9381
8465
8769
8923
9077
9227
9381
8615
8769
9077
9231
9381
9535
8619
8769
8923
9077
9231
9385
8619
8769
9077
9231
9385
9539
8619
8923
9077
9231
9385
9535
8619
8923
9077
9231
9385
9535
8619
8923
9077
9231
9385
9535
6789
6789
6943
7097
7097
7252
7252
7252
7406
7406
7406
7406
7406
7560
6789
6789
6943
7097
7097
7252
7252
7252
7406
7406
7406
7406
7406
7560
7560
6792
6946
6946
7100
7097
7252
7252
7252
7406
7406
7406
7406
7406
7560
7560
6792
6946
6946
7100
7097
7252
7252
7252
7406
7406
7406
7406
7406
7560
7560
6792
6946
6946
7097
7097
7252
7252
7252
7406
7406
7406
7406
7406
7560
7560
6792
6946
6946
7097
7097
7252
7252
7252
7406
7406
7406
7406
7406
7560
7560
7560
6792
6946
6946
7097
7097
7252
7252
7252
7406
7406
7406
7406
7406
7560
7560
7560
6789
6943
6943
7097
7097
7252
7252
7252
7406
7406
7406
7406
7406
7560
7560
7560
6789
6943
6943
7097
7097
7252
7252
7252
7406
7406
7406
7406
7406
7560
7560
7560
7560
6792
6946
6943
7097
7097
7252
7252
7252
7406
7406
7406
7406
7406
7560
7560
7560
7560
6792
6946
7100
7097
7252
7252
7252
7406
7406
7406
7406
7406
7560
7560
7560
7560
7560
6792
6946
7100
7097
7252
7252
7252
7406
7406
7406
7406
7406
7560
7560
7560
7560
7560
6792
6946
6943
7097
7097
7252
7252
7252
7406
7406
7406
7406
7560
7560
7560
7560
7560
7560
6792
6946
6946
7097
7097
7252
7252
7252
7406
7406
7406
7406
7560
7560
7560
7560
7560
7560
6789
6943
7097
7097
7097
7252
7252
7252
7406
7406
7406
7406
7560
7560
7560
7560
7560
7560
7560
6789
6943
7097
7097
7252
7252
7252
7406
7406
7406
7406
7406
7560
7560
7560
7560
7560
7560
7560
6792
6946
7097
7097
7252
7252
7252
7406
7406
7406
7406
7406
7560
7560
7560
7560
7560
7560
7560
6946
6946
7097
7097
7252
7252
7252
7406
7406
7406
7406
7406
7560
7560
7560
7560
7560
7560
7560
6946
6946
7100
7097
7252
7252
7252
7406
7406
7406
7406
7406
7560
7560
7560
7560
7560
7560
7560
7560
6946
6946
7097
7097
7252
7252
7252
7406
7406
7406
7406
7406
7560
7560
7560
7560
7560
7560
7560
7560
