7240
7394
7548
7702
7702
7856
7856
8010
8010
7243
7397
7551
7705
7702
7856
7856
8010
8010
7243
7397
7551
7702
7702
7856
7856
8010
8010
7243
7397
7551
7702
7702
7856
7856
8010
8010
8164
7243
7397
7551
7705
7705
7856
7856
8010
8010
8164
7243
7397
7551
7705
7705
7859
7856
8010
8010
8164
7243
7397
7551
7705
7705
7859
8010
8010
8010
8164
7243
7397
7551
7705
7859
7859
8010
8010
8010
8164
7397
7397
7551
7705
7859
7859
8010
8010
8010
8164
8164
7397
7397
7551
7705
7859
7859
8010
8010
8010
8164
8164
7397
7551
7551
7705
7859
7859
8010
8010
8164
8164
8164
7397
7551
7551
7705
7859
7859
8010
8010
8164
8164
8164
7397
7551
7551
7705
7859
7856
8010
8010
8164
8164
8164
7397
7551
7548
7702
7856
7856
8010
8010
8164
8164
8164
8164
7397
7551
7705
7702
7856
7856
8010
8010
8164
8164
8164
8164
7397
7551
7705
7705
7859
7859
8010
8010
8164
8164
8164
8164
7397
7551
7551
7705
7859
7859
8010
8010
8164
8164
8164
8164
7397
7551
7705
7705
7859
7859
8010
8010
8164
8164
8164
8164
7397
7551
7705
7705
7859
7859
8010
8010
8164
8164
8164
8164
7397
7551
7705
7705
7859
7856
8010
8010
8164
8164
8164
8164
8318
6786
6786
6940
7092
7092
7092
7246
7246
7249
7403
7403
7403
7403
7557
7557
6786
6786
6940
7095
7095
7095
7249
7249
7403
7403
7403
7403
7403
7557
7557
6786
6786
6940
7095
7095
7249
7249
7249
7403
7400
7400
7400
7400
7554
7554
6786
6940
6940
7095
7095
7249
7249
7249
7400
7400
7400
7400
7400
7554
7554
6786
6940
6940
7095
7095
7249
7249
7249
7403
7400
7400
7400
7400
7554
7554
7554
6786
6940
6940
7095
7095
7249
7249
7249
7400
7403
7403
7403
7403
7557
7557
7557
6786
6940
6940
7089
7083
7234
7228
7378
7375
7372
7372
7523
7520
7516
7516
7513
6292
6445
6596
6749
6749
6900
7053
7053
7204
7204
7204
7357
7357
7357
7510
7507
6136
6287
6440
6591
6744
6894
6894
7047
7047
7201
7198
7351
7351
7351
7351
7504
7504
4598
4753
5060
5367
5671
5824
6131
6281
6435
6588
6741
6894
6894
7047
7044
7198
7198
6133
6287
6437
6591
6744
6897
6894
7047
7201
7201
7201
7354
7351
7351
7504
7504
7504
5982
6136
6440
6593
6593
6747
6900
7050
7050
7204
7204
7204
7354
7354
7354
7507
7507
7504
5827
6133
6284
6437
6591
6744
6897
6897
7050
7050
7201
7201
7354
7354
7354
7351
7504
7504
5673
5977
6131
6284
6435
6588
6741
6894
7044
7044
7201
7198
7198
7351
7351
7351
7504
7504
6284
6437
6591
6741
6741
6894
7047
7044
7198
7198
7351
7351
7351
7351
7504
7504
7504
7504
7504
6131
6437
6591
6741
6741
6894
7047
7044
7198
7198
7351
7357
7363
7369
7372
7529
7535
7535
7538
6775
6778
6932
7089
7089
7243
7246
7246
7400
7403
7403
7403
7557
7557
7557
7557
7557
7557
7557
6789
6943
6943
7097
7097
7252
7252
7252
7406
7406
7406
7406
7560
7560
7560
7560
7560
7560
7560
7560
6792
6946
6946
7100
7100
7255
7252
7252
7406
7406
7406
7406
7560
7560
7560
7560
7560
7560
7560
7560
6792
6946
6946
7100
7100
7255
7255
7255
7406
7406
7406
7406
7560
7560
7560
7560
7560
7560
7560
7560
8007
8315
8465
8773
8927
8007
8315
8619
8773
8927
8007
8311
8619
8773
8927
8161
8311
8619
8773
9077
8161
8311
8619
8773
9077
8161
8465
8619
8927
9077
8161
8465
8619
8927
9077
9231
8161
8465
8619
8923
9077
9231
8157
8465
8773
8923
9077
9231
8311
8465
8773
8923
9077
9231
8311
8465
8773
8923
9077
9231
8311
8465
8773
8923
9077
9231
8311
8619
8769
8923
9231
9385
8311
8619
8769
8923
9231
9385
8311
8619
8773
8923
9231
9385
8311
8619
8773
8923
9231
9385
8311
8619
8773
9077
9231
9385
9385
8311
8619
8773
9077
9231
9385
9539
8465
8619
8773
9077
9231
9385
9539
8465
8619
8927
9077
9231
9385
9539
6179
6334
6334
6488
6488
6488
6643
6643
6643
6643
6797
6797
6797
6797
6797
6797
6797
6797
6797
6797
6952
6952
6952
6952
6952
6952
6952
6952
6952
6952
6952
6952
6952
6952
6179
6334
6334
6488
6488
6488
6643
6643
6643
6643
6797
6797
6797
6797
6797
6797
6797
6797
6797
6797
6952
6952
6952
6952
6952
6952
6952
6952
6952
6952
6952
6952
6952
6952
6179
6334
6334
6488
6488
6488
6643
6643
6643
6643
6797
6797
6797
6797
6797
6797
6797
6797
6797
6797
6952
6952
6952
6952
6952
6952
6952
6952
6952
6952
6952
6952
6952
6952
6952
6179
6334
6334
6488
6488
6488
6643
6643
6643
6643
6797
6797
6797
6797
6797
6797
6797
6797
6797
6952
6952
6952
6952
6952
6952
6952
6952
6952
6952
6952
6952
6952
6952
6952
6952
6952
6179
6334
6334
6488
6488
6488
6643
6643
6643
6643
6797
6797
6797
6797
6797
6797
6797
6797
6797
6797
6952
6952
6952
6952
6952
6952
6952
6952
6952
6952
6952
6952
6952
6952
6952
6952
6952
6179
6334
6334
6488
6488
6488
6643
6643
6643
6643
6797
6797
6797
6797
6797
6797
6797
6797
6797
6797
6952
6952
6952
6952
6952
6952
6952
6952
6952
6952
6952
6952
6952
6952
6952
6952
6952
6179
6334
6334
6488
6488
6488
6643
6643
6643
6643
6797
6797
6797
6797
6797
6797
6797
6797
6797
6797
6952
6952
6952
6952
6952
6952
6952
6952
6952
6952
6952
6952
6952
6952
6952
6952
6952
6952
6179
6334
6334
6488
6488
6488
6643
6643
6643
6643
6797
6797
6797
6797
6797
6797
6797
6797
6797
6952
6952
6952
6952
6952
6952
6952
6952
6952
6952
6952
6952
6952
6952
6952
6952
6952
6952
6952
6952
6179
6334
6334
6488
6488
6488
6643
6643
6643
6643
6797
6797
6797
6797
6797
6797
6797
6797
6797
6797
6952
6952
6952
6952
6952
6952
6952
6952
6952
6952
6952
6952
6952
6952
6952
6952
6952
6952
6952
6952
6179
6334
6334
6488
6488
6488
6643
6643
6643
6643
6797
6797
6797
6797
6797
6797
6797
6797
6797
6797
6952
6952
6952
6952
6952
6952
6952
6952
6952
6952
6952
6952
6952
6952
6952
6952
6952
6952
6952
6952
6179
6334
6334
6488
6488
6488
6643
6643
6643
6643
6797
6797
6797
6797
6797
6797
6797
6797
6797
6797
6952
6952
6952
6952
6952
6952
6952
6952
6952
6952
6952
6952
6952
6952
6952
6952
6952
6952
6952
6952
6952
6179
6334
6334
6488
6488
6488
6643
6643
6643
6643
6797
6797
6797
6797
6797
6797
6797
6797
6797
6952
6952
6952
6952
6952
6952
6952
6952
6952
6952
6952
6949
6952
6949
6952
6952
6952
6952
6952
6952
6952
6952
6952
6179
6334
6334
6488
6488
6488
6643
6643
6643
6643
6797
6797
6797
6797
6797
6797
6797
6797
6797
6797
6952
6952
6952
6952
6952
6952
6952
6952
6952
6952
6952
6952
6952
6952
6952
6952
6952
6952
6952
6952
6952
6952
6179
6334
6334
6488
6488
6488
6643
6643
6643
6643
6797
6797
6797
6797
6797
6797
6797
6797
6797
6797
6952
6952
6952
6952
6952
6952
6952
6952
6952
6952
6952
6952
6952
6952
6952
6952
6952
6952
6952
6952
6952
6952
6952
6179
6334
6334
6488
6488
6488
6643
6643
6643
6643
6797
6797
6797
6797
6797
6797
6797
6797
6797
6952
6952
6952
6952
6952
6952
6952
6952
6952
6952
6952
6952
6952
6952
6952
6952
6952
6952
6952
6952
6952
6952
6952
6952
6952
6179
6334
6334
6488
6488
6488
6643
6643
6643
6643
6797
6797
6797
6797
6797
6797
6797
6797
6797
6952
6952
6952
6952
6952
6952
6952
6952
6952
6952
6952
6952
6952
6952
6952
6952
6952
6952
6952
6952
6952
6952
6952
6952
6952
6952
6179
6334
6334
6488
6488
6488
6643
6643
6643
6643
6797
6797
6797
6797
6797
6797
6797
6797
6797
6952
6952
6952
6952
6952
6952
6952
6952
6952
6952
6952
6952
6952
6952
6952
6952
6952
6952
6952
6952
6952
6952
6952
6952
6952
6952
6179
6334
6334
6488
6488
6488
6643
6643
6643
6643
6797
6797
6797
6797
6797
6797
6797
6797
6797
6952
6952
6952
6952
6952
6952
6952
6952
6952
6952
6952
6952
6952
6952
6952
6952
6952
6952
6952
6952
6952
6952
6952
6952
6952
6952
6952
6179
6334
6334
6488
6488
6488
6643
6643
6643
6643
6797
6797
6797
6797
6797
6797
6797
6797
6797
6952
6952
6952
6952
6952
6952
6952
6952
6952
6952
6952
6952
6952
6952
6952
6952
6952
6952
6952
6952
6952
6952
6952
6952
6952
6952
6952
6952
6179
6334
6334
6488
6488
6488
6643
6643
6643
6643
6797
6797
6797
6797
6797
6797
6797
6797
6797
6952
6952
6952
6952
6949
6952
6952
6952
6952
6952
6952
6952
6952
6952
6952
6952
6952
6952
6952
6952
6952
6952
6952
6952
6952
6952
6952
6952
