7240
7394
7548
7702
7702
7856
7856
8010
8010
7243
7397
7551
7702
7702
7856
7856
8010
8010
7243
7397
7548
7702
7702
7856
7856
8010
8010
7243
7397
7548
7702
7702
7856
7856
8010
8010
8164
7243
7397
7551
7705
7705
7859
7856
8010
8010
8164
7243
7397
7551
7705
7705
7859
8010
8010
8010
8164
7243
7397
7551
7705
7859
7859
8010
8010
8010
8164
7397
7397
7551
7705
7859
7859
8010
8010
8010
8164
7397
7397
7551
7705
7859
7859
8010
8010
8164
8164
8164
7397
7551
7551
7705
7859
7859
8010
8010
8164
8164
8164
7397
7551
7551
7705
7859
7859
8010
8010
8164
8164
8164
7397
7551
7551
7705
7859
7859
8010
8010
8164
8164
8164
7397
7551
7551
7705
7856
7856
8010
8010
8164
8164
8164
7397
7551
7702
7702
7856
7856
8010
8010
8164
8164
8164
8164
7397
7551
7705
7705
7856
7856
8010
8010
8164
8164
8164
8318
7397
7551
7705
7705
7859
7856
8010
8010
8164
8164
8164
8318
7397
7551
7705
7705
7859
7856
8010
8010
8164
8164
8164
8318
7397
7551
7705
7705
7859
7859
8010
8010
8164
8164
8164
8318
7397
7551
7705
7705
7859
7859
8010
8010
8164
8164
8164
8318
7397
7551
7705
7705
7859
7856
8010
8010
8164
8164
8164
8318
8318
6783
6783
6937
7092
7092
7246
7246
7246
7400
7400
7400
7400
7400
7554
7554
6786
6786
6940
7095
7095
7249
7249
7249
7403
7403
7403
7403
7403
7557
7557
6786
6786
6940
7095
7095
7249
7249
7249
7403
7403
7403
7403
7403
7557
7557
6786
6940
6940
7095
7095
7249
7249
7249
7403
7403
7403
7403
7403
7557
7557
6786
6940
6940
7095
7095
7249
7249
7249
7403
7403
7403
7403
7557
7554
7554
7554
6786
6940
6940
7095
7095
7249
7249
7249
7403
7400
7400
7400
7554
7554
7554
7554
6786
6940
6940
7095
7095
7249
7249
7249
7403
7403
7403
7403
7557
7557
7557
7557
6786
6940
6940
7095
7095
7249
7249
7249
7403
7403
7403
7403
7557
7557
7557
7557
7557
6786
6940
6940
7095
7095
7249
7249
7249
7403
7403
7403
7403
7557
7557
7557
7557
7557
6786
6940
6940
7095
7095
7249
7249
7249
7403
7403
7403
7403
7557
7557
7557
7557
7557
6786
6940
6940
7095
7095
7249
7249
7249
7403
7403
7403
7403
7554
7551
7545
7538
7535
7532
5995
6146
6297
6448
6599
6749
6903
7053
7053
7207
7204
7204
7357
7354
7354
7507
7507
7504
4907
5367
5671
5824
6131
6281
6435
6588
6741
6894
6891
7044
7044
7198
7198
7351
7351
7351
4751
5060
5367
5671
5824
6131
6281
6435
6588
6741
6894
6894
7047
7198
7198
7198
7351
7351
4600
4907
5213
5520
5827
5977
6131
6437
6588
6588
6741
6894
7047
7044
7198
7198
7198
7351
7351
5980
6133
6284
6437
6591
6741
6894
7047
7044
7201
7198
7198
7351
7351
7351
7504
7504
7504
7504
3835
3836
4297
4755
5060
5367
5671
5977
6131
6281
6435
6588
6741
6894
6894
7044
7198
7198
7198
6284
6443
6602
6758
6761
6920
7077
7077
7234
7237
7237
7394
7394
7397
7397
7551
7554
7554
7554
7554
6786
6786
6940
7095
7097
7252
7252
7252
7406
7406
7406
7406
7560
7560
7560
7560
7560
7560
7560
7560
6792
6946
6943
7097
7097
7252
7252
7252
7406
7406
7406
7406
7560
7560
7560
7560
7560
7560
7560
7560
