6172
6172
6326
6326
6483
6483
6483
6637
6637
6637
6637
6792
6792
6792
6792
6792
6792
6789
6937
6932
6926
6923
6917
6914
6912
6909
6906
6906
6903
6903
6900
6897
6897
6897
5678
5831
5982
5980
6133
6284
6284
6437
6435
6588
6588
6588
6738
6738
6738
6738
6738
6891
6891
6891
6891
6888
6888
6888
6888
6888
6888
6888
6888
6888
6888
6888
6888
6888
5058
5364
5518
5668
5822
5975
6128
6128
6281
6432
6432
6432
6585
6585
6585
6738
6738
6738
6738
6738
6891
6891
6891
6891
6891
6891
6891
6891
6891
6891
6891
6891
6891
6891
4291
4600
4907
5060
5364
5518
5671
5824
5975
6128
6281
6281
6432
6432
6585
6585
6585
6738
6738
6738
6738
6738
6891
6891
6891
6891
6891
6891
6891
6891
6891
6891
6888
6888
6888
4751
4909
5220
5378
5534
5690
5848
6005
6161
6161
6318
6475
6475
6478
6632
6635
6635
6635
6792
6792
6792
6792
6792
6792
6795
6949
6949
6949
6949
6949
6949
6949
6949
6949
6949
6949
1384
1998
2612
3225
3686
3991
4299
4606
4913
5218
5371
5524
5829
5829
5982
6136
6289
6289
6443
6443
6596
6596
6596
6596
6749
6749
6749
6749
6749
6903
6903
6903
6903
6903
6903
6903
4761
4915
5220
5373
5680
5831
5985
5985
6138
6292
6292
6445
6445
6599
6596
6596
6749
6749
6749
6749
6749
6749
6903
6903
6903
6903
6903
6903
6903
6903
6903
6903
6903
6900
6900
6900
6900
6903
4913
5066
5371
5524
5678
5834
5992
6144
6141
6294
6448
6445
6445
6599
6599
6596
6752
6752
6749
6749
6749
6749
6903
6903
6903
6903
6903
6903
6903
6903
6903
6903
6900
6900
6900
6903
6903
6900
4913
5218
5371
5524
5678
5834
5992
6149
6154
6310
6313
6470
6472
6626
6629
6629
6632
6786
6789
6789
6789
6792
6792
6792
6946
6946
6949
6949
6949
6949
6949
6949
6949
6949
6949
6949
6949
6949
6949
1075
1842
2455
2915
3374
3835
4295
4600
4907
5060
5364
5518
5671
5824
5977
6128
6128
6281
6435
6435
6588
6588
6588
6588
6741
6741
6741
6741
6741
6894
6894
6894
6894
6894
6894
6894
6894
6894
6894
6894
4293
4602
4907
5060
5367
5518
5671
5824
5977
6131
6284
6281
6435
6435
6588
6588
6588
6741
6741
6741
6741
6741
6894
6894
6894
6894
6894
6894
6894
6894
6894
6894
6894
6894
6894
6894
6894
6894
6894
6894
5520
5673
5827
5977
6131
6131
6284
6437
6437
6437
6588
6588
6588
6741
6741
6741
6741
6741
6894
6894
6894
6894
6894
6894
6894
6894
6894
6894
6894
6894
6894
6894
7047
7047
7047
7047
7047
7047
7050
7056
7062
6302
6459
6464
6621
6624
6624
6626
6783
6783
6786
6786
6789
6789
6789
6946
6946
6946
6946
6946
6949
6949
6949
6949
6949
6949
6949
6949
6949
6949
6949
6949
6949
6949
6949
6949
6949
6949
6949
6949
6949
6949
6949
6331
6331
6486
6486
6640
6640
6640
6640
6795
6795
6795
6795
6795
6795
6797
6797
6952
6952
6949
6949
6949
6949
6949
6949
6949
6949
6949
6946
6946
6946
6946
6946
6946
6946
6946
6946
6946
6949
6949
6949
6949
6949
6949
6331
6486
6486
6486
6640
6640
6640
6640
6795
6795
6795
6795
6795
6795
6795
6797
6952
6952
6952
6952
6952
6952
6952
6952
6952
6952
6952
6952
6952
6952
6952
6952
6952
6952
6952
6952
6952
6952
6952
6952
6952
6952
6952
6334
6334
6488
6488
6643
6643
6643
6643
6797
6797
6797
6797
6797
6797
6797
6797
6952
6952
6952
6952
6952
6952
6952
6949
6949
6949
6949
6949
6949
6949
6949
6949
6949
6949
6949
6949
6949
6949
6949
6949
6949
6949
6949
6949
6331
6331
6486
6488
6643
6643
6643
6643
6797
6797
6797
6797
6797
6797
6797
6797
6952
6952
6952
6952
6952
6952
6952
6952
6952
6952
6952
6952
6952
6952
6952
6952
6952
6952
6952
6952
6952
6952
6952
6952
6952
6952
6952
6952
6952
6334
6334
6488
6488
6488
6643
6643
6643
6643
6797
6797
6797
6797
6797
6797
6797
6797
6952
6952
6952
6952
6952
6952
6952
6952
6952
6952
6952
6952
6952
6952
6952
6952
6952
6952
6952
6952
6952
6952
6952
6952
6952
6952
6952
6952
6952
6334
6334
6488
6488
6488
6643
6640
6640
6640
6795
6795
6795
6795
6795
6795
6795
6795
6949
6949
6949
6949
6949
6949
6949
6949
6952
6952
6952
6952
6952
6952
6952
6952
6952
6952
6952
6952
6952
6952
6952
6952
6952
6952
6952
6952
6952
6952
6334
6334
6488
6488
6643
6643
6643
6643
6797
6797
6797
6797
6797
6797
6797
6797
6797
6952
6952
6952
6952
6952
6952
6952
6952
6952
6952
6952
6952
6952
6952
6952
6952
6952
6952
6952
6952
6952
6952
6952
6952
6952
6952
6952
6952
6952
6952
7246
7400
7554
7708
7862
7862
8017
8017
8017
7246
7400
7554
7708
7708
7862
8017
8017
8017
7246
7400
7554
7708
7708
7862
8017
8017
8017
7400
7400
7554
7708
7862
7862
8013
8013
8013
7400
7554
7554
7708
7862
7859
8013
8013
8013
7246
7400
7554
7708
7862
7862
8017
8017
8017
8167
7400
7400
7554
7708
7862
7862
8017
8013
8013
8167
7400
7554
7708
7708
7862
7859
8013
8013
8167
8167
7400
7554
7554
7708
7862
7862
8017
8013
8167
8167
7400
7554
7708
7708
7862
7862
8017
8017
8171
8167
7400
7554
7554
7708
7862
7862
8017
8017
8171
8171
8167
7400
7554
7708
7708
7862
7862
8017
8017
8171
8171
8167
7400
7554
7708
7708
7862
7862
8017
8017
8171
8171
8171
7400
7554
7708
7862
7862
8017
8017
8013
8167
8167
8167
7400
7554
7708
7862
7859
8013
8013
8013
8167
8167
8167
7400
7554
7708
7862
7862
8017
8017
8017
8167
8167
8167
7400
7554
7708
7708
7862
8017
8017
8017
8171
8171
8167
8322
7400
7554
7708
7862
7862
8017
8017
8017
8171
8171
8167
8322
7400
7554
7708
7708
7862
7862
8017
8017
8171
8171
8171
8322
7400
7554
7708
7862
7862
8017
8017
8017
8171
8171
8171
8322
