6783
6783
6937
7092
7092
7246
7246
7249
7403
7403
7403
7403
7403
7557
7557
6786
6786
6940
7095
7095
7249
7249
7249
7403
7403
7403
7403
7403
7557
7557
6786
6940
6940
7095
7095
7249
7249
7249
7403
7403
7403
7403
7403
7557
7557
6786
6940
6940
7095
7095
7249
7249
7249
7403
7403
7403
7403
7403
7557
7557
6786
6940
6940
7095
7095
7249
7249
7249
7403
7403
7403
7403
7403
7557
7557
7557
6786
6940
6940
7095
7095
7249
7249
7246
7400
7400
7397
7397
7551
7551
7551
7551
6783
6937
6937
7092
7092
7246
7246
7246
7400
7400
7400
7400
7400
7554
7554
7554
6786
6940
6940
7095
7095
7249
7249
7249
7403
7403
7403
7403
7557
7557
7557
7557
7557
6786
6940
6940
7095
7095
7249
7249
7249
7403
7403
7403
7403
7557
7557
7557
7557
7557
6786
6940
6940
7095
7095
7249
7249
7249
7403
7403
7403
7403
7557
7557
7557
7557
7557
6786
6940
6940
7095
7095
7249
7249
7249
7403
7403
7403
7403
7557
7557
7557
7557
7557
7557
6786
6940
6940
7095
7095
7249
7249
7249
7403
7403
7403
7400
7554
7554
7554
7554
7554
7554
6786
6940
6940
7095
7095
7249
7249
7246
7400
7400
7400
7400
7554
7554
7554
7554
7554
7557
6786
6940
6940
7095
7095
7249
7249
7249
7403
7403
7403
7403
7557
7557
7557
7557
7557
7557
7557
6786
6940
7095
7095
7095
7249
7249
7403
7403
7403
7403
7403
7557
7557
7557
7557
7557
7557
7557
6786
6940
6940
7095
7095
7249
7249
7249
7403
7403
7403
7403
7557
7557
7557
7557
7557
7557
7557
6786
6940
6940
7095
7095
7249
7249
7249
7403
7403
7403
7403
7557
7557
7557
7557
7557
7557
7557
6786
6940
6940
7095
7095
7249
7249
7249
7403
7403
7400
7400
7554
7554
7554
7554
7554
7554
7554
7554
6786
6940
6940
7095
7095
7249
7246
7246
7400
7400
7400
7400
7554
7554
7554
7554
7557
7557
7557
7554
5543
5695
6000
6154
6305
6456
6610
6761
6912
6912
7062
7216
7213
7213
7366
7363
7363
7363
7516
7516
