6783
6783
6937
7092
7092
7092
7246
7246
7400
7403
7403
7403
7403
7557
7557
6786
6786
6940
7095
7095
7249
7249
7249
7403
7403
7403
7403
7400
7554
7554
6786
6786
6940
7095
7095
7249
7249
7246
7400
7400
7400
7400
7400
7554
7554
6786
6786
6940
7095
7095
7249
7249
7249
7403
7403
7403
7403
7403
7557
7557
6786
6940
6940
7095
7095
7249
7249
7249
7403
7403
7403
7403
7403
7557
7557
7557
6786
6940
6940
7095
7095
7249
7249
7249
7403
7400
7400
7400
7400
7554
7554
7554
6632
6783
6937
6937
7089
7089
7243
7243
7243
7397
7400
7400
7400
7554
7554
7554
6783
6937
6937
7092
7092
7246
7246
7246
7400
7400
7400
7400
7400
7554
7554
7554
7557
6786
6940
6940
7095
7095
7249
7249
7249
7403
7403
7403
7403
7403
7557
7554
7554
7554
6786
6940
6940
7095
7095
7249
7246
7246
7400
7400
7400
7400
7400
7554
7554
7554
7554
6786
6940
6940
7095
7095
7249
7249
7249
7403
7403
7403
7403
7403
7557
7554
7554
7554
7554
6786
6940
6940
7095
7095
7249
7249
7246
7400
7400
7400
7400
7400
7554
7554
7554
7554
7554
6786
6940
6940
7095
7095
7246
7246
7246
7400
7400
7400
7400
7400
7554
7551
7545
7542
7535
5382
5687
5839
6144
6294
6445
6599
6749
6903
6900
7053
7050
7204
7204
7354
7354
7354
7354
4753
5062
5367
5673
5824
6131
6284
6435
6588
6741
6894
6894
7047
7044
7198
7198
7351
7351
7351
4751
5060
5367
5671
5824
6128
6281
6435
6585
6741
6891
6891
7044
7044
7198
7198
7351
7351
7351
4446
4448
4907
5213
5518
5824
5977
6128
6435
6588
6741
6741
6894
7044
7044
7198
7198
7198
7351
4445
4904
5213
5520
5671
5977
6131
6284
6588
6588
6741
6894
7047
7044
7198
7198
7198
7351
7351
5524
5829
6133
6287
6437
6591
6744
6894
6894
7047
7047
7201
7198
7351
7351
7351
7351
7504
7504
7504
4291
4445
4907
5213
5520
5824
5977
6131
6435
6588
6741
6741
6891
7044
7044
7198
7198
7198
7351
7351
