3848
3846
4306
4611
5073
5378
5683
5836
6141
6294
6448
6599
6752
6909
6906
5222
5529
5680
5987
6141
6292
6445
6599
6752
6909
6909
7062
7213
7213
7213
5376
5529
5834
5987
6294
6445
6602
6758
6755
6909
7062
7059
7213
7213
7213
5529
5680
5987
6144
6297
6451
6602
6755
6909
6906
7059
7213
7213
7213
7363
5836
5992
6297
6451
6602
6755
6755
6906
7059
7059
7213
7213
7213
7363
7363
7363
5376
5680
5987
6141
6292
6445
6599
6752
6903
6903
7056
7059
7216
7213
7366
7366
5529
5683
5987
6141
6294
6445
6599
6752
6909
6912
7062
7216
7216
7213
7366
7366
5529
5836
5987
6294
6448
6602
6758
6758
6909
7062
7062
7213
7213
7213
7366
7363
7363
5680
5834
6141
6297
6451
6604
6755
6909
6906
7059
7059
7213
7213
7363
7363
7363
7363
5683
5990
6144
6297
6448
6602
6755
6906
6906
7059
7213
7213
7210
7363
7363
7363
7363
4917
5222
5529
5834
5987
6141
6448
6599
6599
6752
6906
7059
7062
7219
7219
7219
7372
7369
5378
5531
5836
5990
6294
6448
6602
6752
6752
6906
7062
7062
7213
7213
7213
7366
7366
7363
5529
5834
5987
6294
6445
6599
6752
6758
6912
7062
7062
7216
7213
7366
7366
7366
7366
7520
5683
5834
6141
6294
6448
6604
6758
6909
6909
7062
7059
7213
7213
7363
7363
7363
7363
7516
5527
5836
5990
6297
6448
6602
6755
6755
6906
7059
7059
7213
7213
7210
7363
7363
7363
7516
7516
6602
6755
6752
6906
7059
7059
7210
7210
7210
7363
7363
7363
7516
7516
7513
7513
7513
7513
7516
6138
6292
6445
6599
6752
6903
6903
7056
7210
7210
7210
7363
7363
7363
7516
7520
7526
7529
7532
465
465
620
930
1549
2168
2786
3404
3867
4329
4793
5100
5409
5716
5870
6022
6331
6486
6640
6792
6792
6946
6177
6329
6483
6637
6792
6946
6946
7100
7100
7255
7255
7255
7409
7409
7406
7406
7406
7560
7560
7560
6792
6792
6946
6946
7100
7100
7255
7255
7255
7406
7406
7406
7406
7560
7560
7560
7560
7560
7560
7560
8007
8315
8465
8773
8927
8007
8311
8619
8773
8923
8007
8311
8619
8769
8923
8161
8311
8619
8769
9077
8157
8311
8619
8769
9077
8161
8465
8619
8927
9077
8161
8465
8619
8927
9077
9231
8161
8465
8619
8927
9077
9231
8161
8465
8773
8923
9077
9231
8311
8465
8773
8923
9077
9231
8311
8465
8773
8923
9077
9231
8311
8465
8773
8923
9077
9231
8311
8619
8773
8923
9077
9231
8311
8619
8773
8923
9231
9385
8311
8619
8773
9077
9231
9385
8311
8619
8773
9077
9231
9385
8311
8619
8773
9077
9231
9385
9539
8465
8619
8927
9077
9231
9385
9539
8465
8619
8927
9077
9231
9385
9539
8465
8619
8927
9077
9231
9385
9539
