5226
5380
5531
5839
5990
6297
6448
6602
6755
6752
6906
7059
7059
7213
7213
5529
5680
5987
6141
6292
6445
6599
6752
6906
6909
7065
7062
7216
7216
7366
5378
5529
5836
5987
6294
6448
6602
6758
6758
6909
7062
7062
7213
7213
7213
5529
5683
5987
6144
6300
6451
6604
6755
6909
6909
7059
7213
7213
7213
7366
5683
5992
6144
6297
6448
6602
6755
6909
6906
7059
7059
7213
7213
7363
7363
7363
5529
5680
5987
6141
6294
6445
6599
6752
6906
7059
7059
7213
7219
7216
7369
7369
5378
5683
5836
6141
6294
6448
6599
6752
6906
6909
7062
7062
7213
7213
7366
7366
4609
4763
5070
5376
5531
5841
5997
6302
6456
6607
6761
6758
6912
7062
7062
7216
7213
5376
5683
5836
6146
6297
6451
6604
6755
6909
6909
7059
7059
7213
7213
7366
7363
7363
5836
6144
6294
6448
6599
6752
6906
6906
7056
7056
7210
7210
7363
7363
7363
7363
7516
5680
5834
6138
6292
6445
6599
6752
6906
6903
7056
7056
7210
7213
7369
7369
7366
7366
5529
5836
5987
6294
6445
6599
6752
6752
6906
7059
7062
7216
7216
7216
7366
7366
7366
7520
5683
5834
6141
6294
6445
6599
6752
6906
6912
7062
7062
7216
7213
7366
7366
7366
7363
7516
5529
5834
5987
6294
6445
6602
6755
6755
6909
7059
7059
7213
7213
7363
7363
7363
7363
7516
5527
5680
5990
6144
6297
6448
6602
6755
6906
6906
7059
7213
7213
7213
7363
7363
7363
7363
7516
6294
6448
6602
6752
6906
6906
7059
7056
7210
7210
7363
7363
7363
7363
7516
7516
7516
7516
7516
5834
5987
6141
6292
6599
6599
6752
6906
7056
7056
7210
7210
7210
7363
7366
7369
7372
7532
7535
461
614
768
1536
2304
2918
3531
3990
4450
4755
5215
5520
5673
5980
6131
6284
6437
6591
6744
6897
6897
4602
4911
5215
5522
5673
5980
6133
6287
6593
6591
6744
6897
7050
7050
7204
7204
7201
7354
7354
7354
4602
4909
5215
5522
5829
5980
6287
6440
6593
6744
6744
6897
7050
7050
7204
7201
7201
7354
7354
7354
