465
465
619
619
774
774
774
929
929
929
929
929
1084
1084
1084
1084
1084
1084
1084
1084
1084
1084
1084
1084
1084
1084
1239
1239
1239
1239
1239
1239
1239
1239
1239
1239
1239
1239
1239
1239
1239
1239
1239
1239
1239
1239
1239
1393
2012
2785
2940
2940
3403
3865
4329
4791
5100
5407
5716
5870
6022
6331
6486
6640
6640
6022
6177
6486
6637
6637
6792
6946
6946
7100
7100
7255
7255
7255
7409
7409
6637
6792
6792
6946
6946
7100
7100
7255
7255
7255
7406
7406
7406
7406
7406
6637
6792
6946
6946
7097
7097
7252
7252
7252
7406
7406
7406
7406
7406
7560
7560
6792
6789
6943
6943
7097
7097
7252
7252
7252
7406
7406
7406
7406
7406
7560
7560
6792
6789
6943
6943
7097
7097
7252
7252
7252
7406
7406
7406
7406
7406
7560
7560
6637
6792
6946
6946
7100
7100
7255
7255
7255
7406
7406
7406
7406
7406
7560
7560
7560
6637
6792
6946
6946
7100
7100
7255
7255
7255
7406
7406
7406
7406
7406
7560
7560
7560
6792
6792
6946
6946
7100
7100
7255
7255
7255
7406
7406
7406
7406
7406
7560
7560
7560
6637
6792
6946
6946
7100
7100
7255
7255
7255
7406
7406
7406
7406
7560
7560
7560
7560
7560
6792
6792
6946
6946
7100
7100
7255
7255
7255
7406
7406
7406
7406
7406
7560
7560
7560
7560
6792
6792
6946
6946
7097
7097
7252
7252
7252
7406
7406
7406
7406
7560
7560
7560
7560
7560
6792
6792
6946
7100
7097
7097
7252
7252
7406
7406
7406
7406
7406
7560
7560
7560
7560
7560
6792
6792
6946
7100
7100
7100
7255
7252
7252
7406
7406
7406
7406
7560
7560
7560
7560
7560
7560
6792
6792
6946
7100
7100
7255
7255
7255
7409
7406
7406
7406
7406
7560
7560
7560
7560
7560
7560
6792
6792
6946
7100
7100
7100
7255
7255
7406
7406
7406
7406
7406
7560
7560
7560
7560
7560
7560
6792
6792
6946
7100
7100
7255
7255
7255
7406
7406
7406
7406
7406
7560
7560
7560
7560
7560
7560
7560
6792
6946
6946
7097
7097
7252
7252
7252
7406
7406
7406
7406
7406
7560
7560
7560
7560
7560
7560
7560
6792
6946
6946
7100
7097
7252
7252
7252
7406
7406
7406
7406
7406
7560
7560
7560
7560
7560
7560
7560
7095
7249
7400
7554
7708
7708
7862
8017
8017
7095
7249
7400
7554
7708
7862
7862
8017
8017
7249
7403
7400
7554
7708
7862
7862
8017
8017
7249
7403
7554
7554
7708
7862
7862
8017
8017
8017
7249
7403
7554
7554
7708
7862
7862
8017
8017
8171
7249
7403
7554
7554
7708
7862
7862
8017
8017
8017
7249
7403
7557
7554
7708
7862
7862
8017
8017
8171
7249
7403
7554
7554
7708
7862
7862
8017
8017
8171
7246
7400
7554
7708
7708
7862
7862
8017
8017
8167
8167
7246
7400
7554
7708
7708
7862
7862
8017
8017
8171
8171
7249
7400
7554
7708
7708
7862
7862
8017
8017
8171
8171
7249
7403
7554
7708
7708
7862
7862
8017
8017
8171
8171
7249
7403
7554
7708
7708
7862
7862
8017
8017
8171
8171
7249
7403
7554
7708
7708
7862
8017
8017
8017
8171
8171
7249
7400
7554
7708
7708
7862
8017
8017
8017
8171
8171
8171
7249
7403
7554
7708
7862
7862
8017
8017
8017
8171
8171
8171
7246
7400
7554
7708
7862
7862
8017
8017
8017
8167
8167
8167
7400
7400
7554
7708
7862
7862
8017
8017
8013
8167
8167
8167
7400
7554
7554
7708
7862
7862
8017
8017
8171
8171
8167
8167
7249
7400
7554
7708
7862
7862
8017
8017
8017
8171
8171
8171
8325
8007
8311
8465
8773
8923
8007
8311
8619
8773
8923
8007
8311
8619
8769
8923
8007
8311
8619
8769
8923
8157
8311
8619
8769
9077
8157
8311
8619
8769
9077
8157
8311
8619
8923
9077
9231
8161
8465
8619
8927
9077
9231
8161
8465
8619
8927
9077
9231
8161
8465
8773
8927
9077
9231
8315
8465
8773
8927
9077
9231
8315
8465
8773
8927
9077
9231
8311
8462
8769
8923
9073
9227
8308
8462
8769
8923
9073
9227
8311
8615
8769
8923
9231
9381
8311
8619
8769
9077
9231
9381
8311
8619
8769
9077
9231
9385
9539
8465
8619
8773
9077
9231
9385
9539
8465
8619
8927
9077
9231
9385
9539
8465
8619
8927
9077
9231
9385
9539
7542
7846
8154
8308
8458
7542
7846
8154
8308
8458
7696
7846
8154
8308
8612
7696
7846
8154
8308
8612
7696
8000
8154
8462
8612
7696
8000
8154
8462
8612
7696
8000
8154
8462
8612
7696
8000
8154
8462
8612
7696
8000
8308
8462
8612
7849
8000
8308
8462
8612
8766
7849
8000
8308
8462
8612
8766
7849
8000
8308
8458
8612
8766
7846
8154
8304
8458
8612
8766
7846
8154
8304
8458
8612
8766
7846
8154
8308
8458
8612
8766
7846
8154
8308
8458
8766
8919
7846
8154
8308
8612
8766
8919
8000
8154
8308
8612
8766
8919
8000
8154
8462
8612
8766
8919
8000
8154
8462
8612
8766
8919
