7689
7997
8304
8608
8762
8000
8304
8458
8766
8916
8154
8304
8612
8766
9073
8154
8462
8612
8919
9073
8154
8462
8766
8919
9073
8308
8462
8766
8919
9073
8308
8462
8766
8919
9073
9223
8308
8615
8766
8919
9227
9377
8308
8615
8766
9073
9227
9381
8308
8615
8766
9073
9227
9377
8462
8615
8766
9073
9227
9377
8462
8612
8919
9073
9227
9377
8462
8612
8919
9073
9227
9377
8462
8612
8919
9073
9227
9377
8462
8766
8919
9073
9227
9377
8462
8766
8919
9073
9223
9377
8458
8766
8919
9069
9223
9377
9531
8458
8766
8919
9069
9223
9377
9531
8612
8766
8919
9073
9223
9377
9531
8615
8766
8919
9227
9377
9377
9531
7689
7997
8147
8455
8608
7689
7997
8147
8455
8608
7689
7997
8301
8455
8608
7843
7997
8301
8455
8608
7843
8150
8301
8455
8758
7843
8147
8301
8455
8758
7843
8147
8301
8608
8758
7843
8147
8301
8605
8758
7843
8147
8301
8608
8758
7997
8147
8301
8608
8762
8912
7843
8150
8301
8608
8762
8912
7997
8150
8455
8608
8762
8912
7997
8150
8455
8608
8762
8912
7997
8147
8455
8608
8762
8451
8297
5685
5836
6144
6144
6294
6294
6294
6292
6445
6445
6445
6443
3991
4299
4606
4913
5066
5220
5527
5524
5678
5831
5831
5066
5220
5373
5524
5678
5831
5831
5982
5982
6136
6136
6289
6289
4145
4606
4913
5220
5371
5524
5524
5678
5831
5982
5982
6136
5373
5990
6451
6912
7219
7526
6917
7225
7532
7840
7993
8297
6179
6334
6334
6488
6488
6488
6643
6643
6643
6643
6797
6797
6797
6797
6797
6797
6797
6797
6797
6797
6952
6952
6952
6952
6952
6952
6952
6952
6949
6949
6952
6952
6952
6952
6179
6334
6334
6488
6488
6488
6643
6643
6643
6637
6789
6783
6778
6775
6772
6769
6920
6917
6917
6914
6912
6912
6909
6909
6906
6906
6906
6903
6903
6903
6903
6903
6903
6903
4606
4915
5220
5373
5524
5678
5831
5982
6136
6289
6289
6443
6440
6593
6593
6593
6593
6747
6747
6747
6747
6747
6900
6900
6900
6900
6900
6900
6900
6900
6900
6900
6900
6900
6900
4759
4915
5222
5373
5527
5831
5831
5985
6136
6289
6289
6443
6443
6596
6593
6593
6747
6747
6747
6747
6747
6747
6900
6900
6900
6900
6900
6900
6897
6897
6897
6897
6897
6900
6906
6912
462
615
769
1384
1999
2614
3229
3689
3995
4300
4606
4911
5218
5369
5522
5827
5827
5980
6131
6284
6284
6437
6437
6591
6591
6591
6744
6741
6744
6744
6741
6741
6894
6894
6894
6894
6894
4448
4602
4913
5068
5373
5524
5678
5829
5982
6136
6287
6289
6443
6440
6593
6593
6593
6591
6744
6744
6744
6744
6744
6897
6894
6894
6894
6894
6894
6894
6894
6894
6894
6894
6894
6894
6894
4448
4600
4909
5220
5373
5524
5678
5829
5982
6133
6287
6287
6440
6443
6593
6593
6593
6744
6744
6744
6744
6747
6752
6912
6914
6920
6923
6926
6929
6932
6935
6935
6937
6937
6940
6940
6943
6943
6174
6329
6329
6483
6483
6640
6640
6640
6640
6795
6795
6795
6795
6795
6795
6795
6797
6952
6952
6952
6952
6952
6952
6952
6952
6952
6952
6952
6952
6952
6952
6952
6952
6952
6952
6952
6952
6952
6952
6179
6334
6334
6488
6488
6643
6643
6643
6643
6797
6797
6797
6797
6797
6797
6797
6797
6952
6952
6952
6952
6952
6952
6952
6952
6952
6952
6952
6952
6952
6952
6952
6952
6952
6952
6952
6952
6952
6952
6179
6334
6334
6488
6488
6643
6643
6643
6643
6797
6797
6797
6797
6797
6797
6797
6797
6952
6952
6952
6952
6952
6952
6952
6952
6952
6952
6952
6952
6952
6952
6952
6952
6952
6952
6952
6952
6952
6952
6952
6179
6334
6334
6488
6488
6643
6643
6643
6643
6797
6797
6797
6797
6797
6797
6797
6797
6797
6952
6952
6952
6952
6952
6952
6952
6952
6952
6952
6952
6952
6952
6952
6952
6952
6952
6952
6952
6952
6952
6952
6952
6179
6334
6334
6488
6488
6643
6643
6643
6643
6797
6797
6797
6797
6797
6797
6797
6797
6797
6952
6952
6952
6952
6952
6952
6952
6952
6952
6952
6952
6952
6952
6952
6952
6952
6952
6952
6952
6952
6952
6952
6952
6952
6179
6334
6334
6488
6488
6643
6643
6643
6643
6797
6797
6797
6797
6797
6797
6797
6797
6797
6952
6952
6952
6952
6952
6952
6952
6952
6952
6952
6952
6952
6952
6952
6952
6952
6952
6952
6952
6952
6952
6952
6952
6952
6179
6334
6334
6488
6488
6643
6643
6643
6643
6643
6797
6797
6797
6797
6797
6797
6797
6797
6952
6952
6952
6952
6952
6952
6952
6952
6952
6952
6952
6952
6952
6952
6952
6952
6952
6952
6952
6952
6952
6952
6952
6952
6952
6179
6334
6334
6488
6488
6488
6643
6643
6643
6643
6797
6797
6797
6797
6797
6797
6797
6797
6952
6952
6952
6952
6952
6952
6952
6952
6952
6952
6952
6952
6952
6952
6952
6952
6952
6952
6952
6952
6952
6952
6952
6952
6952
6952
6179
6334
6334
6488
6488
6488
6643
6643
6643
6643
6797
6797
6797
6797
6797
6797
6797
6797
6952
6952
6952
6952
6952
6952
6952
6952
6952
6952
6952
6952
6952
6952
6952
6952
6952
6952
6952
6952
6952
6952
6952
6952
6952
6952
6952
6179
6334
6334
6488
6488
6643
6643
6643
6643
6643
6797
6797
6797
6797
6797
6797
6797
6797
6952
6952
6952
6952
6952
6952
6952
6952
6952
6952
6952
6952
6952
6952
6952
6952
6952
6952
6952
6952
6952
6952
6952
6952
6952
6952
6952
6179
6334
6334
6488
6488
6488
6643
6643
6643
6643
6797
6797
6797
6797
6797
6797
6797
6797
6952
6952
6952
6952
6952
6952
6952
6952
6952
6952
6952
6952
6952
6952
6952
6952
6952
6952
6952
6952
6952
6952
6952
6952
6952
6952
6952
6952
6179
6334
6334
6488
6488
6488
6643
6643
6643
6643
6797
6797
6797
6797
6797
6797
6797
6797
6952
6952
6952
6952
6952
6952
6952
6952
6952
6952
6952
6952
6952
6952
6952
6952
6952
6952
6952
6952
6952
6952
6952
6952
6952
6952
6952
6952
6952
6179
6334
6334
6488
6488
6488
6643
6643
6643
6643
6797
6797
6797
6797
6797
6797
6797
6797
6797
6952
6952
6952
6952
6952
6952
6952
6952
6952
6952
6952
6952
6952
6952
6952
6952
6952
6952
6952
6952
6952
6952
6952
6952
6952
6952
6952
6952
