7240
7394
7548
7702
7702
7856
7856
8010
8010
7243
7397
7548
7702
7699
7853
7853
8007
8007
7086
7240
7394
7548
7702
7702
7856
8010
8010
7243
7394
7548
7548
7702
7856
7856
8010
8010
8164
7243
7397
7551
7705
7702
7856
7856
8010
8010
8164
7243
7397
7551
7705
7705
7859
8010
8010
8010
8164
7243
7397
7551
7705
7705
7859
8013
8010
8010
8164
7243
7397
7551
7705
7859
7859
8010
8010
8010
8164
7243
7397
7551
7705
7859
7859
8013
8010
8010
8164
8164
7397
7397
7551
7705
7859
7859
8013
8013
8010
8164
8164
7397
7551
7551
7545
7542
7538
7689
7683
7683
7833
7830
7830
5066
5373
5680
5985
6292
6443
6596
6747
6900
7053
7207
7357
4602
4757
5218
5522
5829
6133
6287
6440
6747
6897
7050
7050
7204
4143
4147
4452
4913
5218
5524
5829
6136
6289
6593
6747
6900
7053
4297
4452
4913
5220
5524
5831
6136
6289
6593
6747
6900
7053
7207
4602
4909
5369
5678
5982
6289
6443
6593
6747
6900
7053
7204
7204
6136
6289
6443
6596
6747
6900
7053
7204
7204
7357
7357
7510
7510
7664
4602
5062
5369
5676
5980
6287
6440
6593
6744
6897
7050
7204
7357
7357
4448
4755
5062
5522
5829
6136
6289
6593
6747
6900
7050
7050
7204
7357
5829
6136
6287
6593
6747
6897
7050
7050
7204
7357
7357
7507
7507
7660
7538
7535
7535
7378
7375
7219
7219
7062
7059
6906
5373
5678
5831
5831
5982
5982
6136
6133
6287
6287
4757
5371
5834
6448
6755
463
617
925
1387
2001
2616
3077
3535
3995
4302
3382
3534
4147
4761
5068
5220
5371
5678
4454
4759
4913
5218
5371
5522
5676
5829
5982
6133
5524
5831
5985
5982
6136
6289
6289
6440
6440
6593
4913
5064
5371
5524
5676
5829
6136
6443
6443
4300
4608
4913
5066
5371
5524
5676
5829
5982
6136
5220
5680
6141
6602
6909
7372
462
615
769
1384
1999
2459
3073
3380
3840
4300
4606
4757
3377
3686
3840
4145
4452
4757
4911
5218
5369
5522
5676
4759
4913
5066
5220
5371
5524
5524
5676
5829
5829
5980
6133
6133
3990
4297
4604
5064
5524
5676
5676
5829
5982
5980
6133
4452
4757
5064
5218
5369
5522
5676
5676
5829
5980
5980
6133
6133
3377
3838
4299
4913
5220
5373
5524
5678
5829
5829
4145
4759
5066
5218
5371
5524
5676
5829
5829
5982
5980
6133
5218
5371
5522
5676
5829
5829
5980
5980
6133
6133
6287
6287
6440
3376
3684
4145
4759
5220
5373
5524
5678
5831
5829
3991
4299
4759
4913
5218
5371
5522
5676
5676
5829
5982
5980
6133
