6783
6783
6937
7092
7092
7246
7246
7249
7403
7403
7403
7403
7403
7557
7557
6786
6786
6940
7095
7095
7249
7249
7249
7403
7403
7403
7403
7403
7557
7557
6786
6786
6940
7095
7095
7249
7249
7249
7403
7403
7403
7403
7403
7557
7557
6786
6940
6940
7095
7095
7249
7249
7249
7403
7403
7403
7403
7403
7557
7557
6786
6940
6940
7095
7095
7249
7249
7249
7403
7403
7403
7403
7403
7557
7557
7557
6786
6940
6940
7095
7095
7249
7249
7249
7403
7403
7403
7403
7403
7557
7554
7554
6786
6940
6940
7095
7095
7249
7249
7249
7403
7403
7403
7403
7400
7551
7545
7538
5382
5687
5839
6144
6294
6445
6596
6749
6900
6900
7050
7050
7204
7201
7354
7354
4753
4907
5213
5520
5824
5977
6284
6435
6588
6741
6741
6894
7044
7044
7198
7198
7351
6591
6591
6744
6894
7047
7047
7198
7198
7198
7351
7351
7351
7504
7504
7501
7501
7501
4446
4600
4909
5213
5520
5824
5977
6131
6435
6588
6741
6741
6894
7047
7044
7198
7198
5980
6131
6437
6591
6744
6741
6894
7047
7047
7201
7201
7201
7354
7351
7351
7504
7504
5522
5827
5980
6284
6437
6588
6741
6741
6894
7044
7044
7198
7198
7351
7351
7351
7348
7501
6284
6437
6588
6741
6894
6894
7044
7044
7198
7198
7351
7351
7351
7351
7504
7501
7501
7501
6284
6437
6588
6741
6894
6891
7044
7044
7198
7198
7351
7351
7351
7504
7501
7501
7501
7501
7501
6131
6281
6435
6588
6741
6894
7044
7044
7198
7198
7198
7357
7363
7366
7372
7529
7532
7535
7538
461
462
770
1231
2000
2614
3229
3843
4302
4608
5068
5373
5680
5831
6138
6292
6443
6596
6749
6903
6903
4452
4608
4915
5222
5527
5834
5987
6138
6445
6599
6596
6749
6903
7056
7056
7210
7207
7207
7360
7360
4452
4757
5218
5527
5683
5987
6141
6292
6445
6596
6749
6903
6903
7056
7210
7207
7207
7360
7360
7360
5527
5831
5985
6292
6443
6596
6749
6749
6900
7053
7056
7207
7207
7360
7360
7360
7360
7513
7513
7513
8007
8311
8465
8769
8923
8007
8311
8619
8769
8923
8007
8311
8619
8773
9077
8161
8311
8619
8773
9077
8161
8311
8619
8773
9077
8161
8465
8619
8927
9077
8161
8465
8619
8927
9077
9231
8161
8465
8619
8927
9077
9231
8161
8465
8773
8927
9077
9231
8311
8465
8773
8923
9077
9231
8311
8465
8773
8923
9077
9231
8311
8465
8769
8923
9077
9231
8311
8619
8773
8923
9231
9385
8311
8619
8773
9077
9231
9385
8311
8619
8773
9077
9231
9385
8311
8619
8773
9077
9231
9385
8465
8619
8773
9077
9231
9385
9539
8465
8619
8927
9077
9231
9385
9539
8465
8619
8923
9077
9231
9385
9535
8465
8619
8923
9077
9231
9385
9535
