5527
5834
5985
6292
6443
6596
6900
6138
6599
6752
6903
7056
7210
7207
5373
5678
5985
6292
6749
7059
5990
6294
6448
6599
6906
6903
7056
7210
5373
5834
6294
6755
6906
7059
7210
5222
5527
5834
6138
6292
6596
6903
7210
6294
6602
6752
6906
7056
7210
7210
7360
7360
5373
5834
6294
6755
7216
7523
6604
6755
6906
7059
7210
7210
7363
7360
7513
5834
6138
6599
7059
7366
7366
7516
5529
5834
6138
6292
6445
6749
6903
7210
6602
7062
7369
7676
7673
7673
7670
7670
5683
5834
6141
6292
6445
6752
7213
7366
7520
4917
5222
5527
5680
5985
6138
6289
6596
7059
6451
6755
6909
6906
7059
7210
7363
7363
7513
7513
5527
5834
6138
6292
6752
6903
6903
7056
7053
7053
5220
5524
5678
5985
6136
6596
6903
6903
7056
7056
7053
5373
5678
5831
5985
6289
6289
6443
6903
7210
7210
7210
5680
5834
5985
6292
6443
6443
6596
6749
6749
7056
7363
4761
5068
5373
5680
5831
5985
6138
6289
6443
6749
7210
7542
7846
8154
8308
8458
7542
7846
8154
8308
8612
7696
7846
8154
8308
8612
7696
8000
8154
8462
8612
7696
8000
8154
8462
8612
7696
8000
8154
8462
8612
7696
8000
8308
8458
8612
7846
8000
8308
8458
8612
7846
8000
8304
8458
8612
7846
8000
8304
8458
8612
8766
7849
8000
8308
8462
8612
8766
7849
8000
8308
8462
8612
8766
7849
8154
8308
8458
8766
8766
7849
8154
8308
8458
8766
8919
7849
8154
8308
8612
8766
8919
8000
8154
8308
8612
8766
8919
8000
8154
8462
8612
8766
8919
8000
8154
8462
8612
8766
8919
8000
8154
8462
8612
8766
8919
8000
8154
8462
8612
8766
8919
7095
7249
7400
7554
7708
7708
7862
8017
8017
7095
7249
7400
7554
7708
7708
7862
8017
8017
7249
7403
7400
7554
7708
7862
7862
8017
8017
7249
7400
7400
7554
7708
7862
7862
8017
8017
8017
7246
7400
7554
7554
7708
7862
7862
8017
8017
8017
7249
7400
7554
7554
7708
7862
7862
8017
8017
8171
7249
7403
7554
7554
7708
7862
7862
8017
8017
8171
7249
7403
7554
7708
7708
7862
7862
8017
8017
8171
7249
7403
7554
7708
7708
7862
7862
8017
8017
8171
8171
7249
7403
7554
7708
7708
7862
7862
8017
8017
8171
8171
7249
7403
7554
7708
7708
7862
7862
8017
8017
8171
8171
7249
7403
7554
7708
7708
7862
7862
8017
8017
8171
8171
7249
7403
7554
7708
7708
7862
7862
8017
8017
8171
8171
7249
7403
7554
7708
7708
7862
7862
8017
8017
8171
8171
8171
7246
7400
7554
7708
7708
7862
8017
8017
8017
8167
8167
8167
7246
7400
7554
7708
7708
7862
8017
8017
8017
8171
8171
8171
7249
7400
7554
7708
7862
7862
8017
8017
8017
8171
8171
8171
7249
7403
7554
7708
7708
7862
8017
8017
8017
8171
8171
8171
7403
7403
7554
7708
7862
7862
8017
8017
8017
8171
8171
8171
7249
7403
7554
7708
7862
7862
8017
8017
8017
8171
8171
8171
8325
