7222
7526
7833
8140
8294
7532
7836
7990
8297
8451
7686
7840
8147
8297
8605
7686
7993
8147
8451
8605
7843
7993
8301
8455
8605
7843
8147
8301
8455
8608
7843
8150
8301
8455
8762
7843
8150
8301
8608
8762
7843
8150
8301
8455
8762
7843
8150
8301
8455
8608
8762
7843
8150
8301
8455
8608
8758
7843
8147
8301
8608
8758
8912
7997
8147
8455
8608
8758
8912
7997
8147
8455
8608
8758
8912
7997
8147
8455
8605
8758
8912
7997
8301
8455
8605
8758
8912
7997
8301
8455
8608
8758
8912
7997
8301
8455
8608
8762
8912
7997
8301
8455
8608
8762
8912
8150
8301
8455
8608
8762
8912
8154
8308
8615
8766
9073
8154
8462
8615
8919
9073
8154
8462
8612
8919
9073
8154
8462
8766
8919
9073
8308
8458
8766
8919
9073
8308
8458
8766
8919
9073
8308
8462
8766
8919
9073
9227
8308
8615
8766
8919
9227
9381
8308
8615
8766
8919
9227
9381
8308
8615
8766
9073
9227
9381
8308
8615
8766
9073
9227
9381
8462
8615
8919
9073
9227
9381
8462
8615
8919
9073
9227
9381
8462
8615
8919
9073
9227
9381
8462
8769
8919
9073
9227
9381
8462
8766
8919
9073
9227
9381
8462
8769
8919
9073
9227
9381
9531
8462
8766
8919
9073
9227
9377
9531
8615
8766
8919
9073
9227
9377
9531
8615
8766
8919
9227
9381
9377
9531
