7068
7529
7683
7990
8297
7378
7686
7840
8144
8297
7535
7840
7993
8301
8455
7535
7843
8147
8301
8455
7535
7843
8147
8301
8608
7689
7997
8147
8455
8608
7689
7997
8301
8455
8608
7689
7997
8147
8455
8608
7843
7997
8301
8455
8608
7843
7997
8301
8455
8608
7843
8150
8301
8455
8608
8758
7843
7993
8301
8455
8605
8758
7843
8147
8301
8608
8758
8912
7993
8147
8455
8605
8758
8912
7993
8301
8455
8605
8758
8912
7997
8301
8455
8608
8758
8912
7997
8301
8455
8608
8758
8912
8150
8301
8455
8608
8758
8912
8150
8301
8455
8608
8758
8912
8150
8301
8455
8762
8912
8912
