6169
6169
6323
6326
6480
6480
6635
6635
6635
6635
6789
6789
6789
6789
6789
6789
6789
6792
6792
6946
6946
6946
6946
6946
6946
6946
6946
6946
6946
6946
6946
6940
6937
4617
4927
5079
5384
5536
5687
5839
5992
6144
6144
6294
6448
6448
6445
6599
6599
6599
6752
6752
6749
6749
6749
6749
6903
6903
6903
6903
6903
6903
6903
6903
6903
6903
6903
4452
4761
5068
5222
5527
5680
5831
5985
6138
6138
6292
6292
6443
6443
6596
6596
6596
6749
6749
6749
6749
6749
6749
6903
6900
6900
6900
6900
6900
6900
6900
6900
6900
6900
6900
4452
4757
5064
5371
5527
5685
5836
5990
6141
6141
6294
6292
6445
6445
6599
6599
6599
6749
6749
6749
6749
6749
6749
6903
6903
6903
6903
6903
6903
6903
6900
6900
6903
6903
6900
4606
4913
5068
5376
5527
5680
5834
5985
6138
6138
6292
6443
6445
6443
6596
6596
6596
6749
6749
6749
6749
6749
6903
6903
6903
6900
6900
6900
6900
6900
6900
6903
6903
6900
6900
6900
4608
4917
5073
5378
5529
5683
5834
5987
6138
6292
6292
6445
6448
6453
6610
6615
6618
6775
6778
6780
6780
6783
6783
6786
6786
6943
6943
6943
6943
6946
6946
6946
6946
6946
6946
6946
6949
1228
1842
2455
3069
3528
3835
4293
4600
4907
5060
5364
5518
5671
5824
5977
6128
6281
6281
6435
6435
6588
6588
6588
6741
6741
6741
6741
6741
6741
6894
6894
6894
6894
6894
6894
6894
6894
6894
5673
5827
5980
5977
6131
6284
6284
6437
6437
6588
6588
6588
6741
6741
6741
6741
6741
6894
6894
6894
6894
6894
6894
6894
6894
6894
6894
6894
6894
6894
6894
6894
6894
6894
6894
7047
7047
7047
5060
5213
5520
5673
5827
5980
6131
6131
6284
6284
6437
6437
6588
6588
6588
6741
6741
6741
6741
6749
6755
6912
6917
6920
6926
6929
6932
6932
6935
6937
6937
6940
6940
6943
6943
6943
6946
6946
6946
1227
1840
2453
3066
3525
3985
4290
4596
4902
5209
5360
5513
5666
5819
5972
6126
6279
6276
6429
6429
6582
6582
6582
6735
6735
6735
6735
6738
6891
6891
6891
6891
6891
6894
6894
6894
6894
6894
6894
4909
5062
5369
5520
5673
5827
5980
6131
6284
6284
6437
6437
6591
6591
6591
6744
6744
6744
6744
6744
6894
6894
6894
6894
6894
6894
6897
6897
6897
6897
6897
6894
6894
6894
6897
6897
7050
7050
7050
7050
4604
4911
5215
5367
5520
5671
5824
5975
6128
6281
6281
6432
6432
6585
6585
6585
6738
6738
6735
6735
6735
6888
6888
6891
6900
6906
6909
6914
6920
6923
6926
6929
6932
6932
6935
6937
6937
6940
6940
6940
6943
1228
1995
2609
3068
3528
3988
4293
4600
4907
5211
5364
5518
5671
5824
5977
6128
6281
6281
6435
6435
6588
6588
6588
6741
6741
6741
6741
6741
6894
6894
6894
6894
6894
6894
6894
6894
6894
6894
6894
6894
6894
6894
5062
5215
5522
5673
5827
5980
6131
6133
6287
6437
6437
6437
6591
6588
6588
6741
6741
6741
6741
6741
6894
6894
6894
6894
6894
6894
6894
6894
6894
6894
6894
6894
6894
6894
6894
6894
7047
7047
7047
7047
7047
7047
5673
5827
5980
6133
6131
6284
6437
6437
6437
6591
6591
6588
6741
6741
6741
6741
6894
6894
6894
6894
6894
6894
6894
6894
6894
6894
6894
6894
6894
6894
6894
7047
6900
6906
6912
6917
6920
6923
6926
6929
6932
6935
6937
6323
6478
6480
6480
6635
6637
6637
6637
6792
6792
6795
6795
6795
6795
6795
6949
6949
6949
6949
6949
6949
6949
6949
6949
6949
6949
6949
6949
6949
6949
6949
6949
6949
6949
6949
6949
6949
6949
6949
6949
6949
6949
6949
6949
6331
6486
6486
6486
6643
6643
6643
6643
6797
6797
6797
6797
6797
6797
6797
6952
6952
6952
6952
6952
6952
6952
6952
6952
6952
6952
6952
6952
6952
6952
6952
6952
6952
6952
6952
6952
6952
6952
6952
6952
6952
6952
6952
6952
6952
6334
6334
6488
6488
6643
6643
6643
6643
6797
6797
6797
6797
6797
6797
6797
6797
6952
6952
6952
6952
6952
6952
6952
6952
6952
6952
6952
6952
6952
6952
6952
6952
6952
6952
6952
6952
6952
6952
6952
6952
6952
6949
6949
6949
6949
6949
6331
6331
6486
6486
6640
6640
6640
6640
6795
6795
6795
6795
6795
6795
6795
6795
6949
6949
6949
6949
6949
6949
6949
6949
6949
6949
6949
6949
6949
6952
6952
6952
6952
6952
6952
6952
6952
6952
6952
6952
6952
6952
6952
6952
6952
6952
6334
6334
6488
6488
6643
6643
6643
6643
6797
6797
6797
6797
6797
6797
6797
6797
6952
6952
6952
6952
6952
6952
6952
6952
6952
6952
6952
6952
6952
6952
6952
6952
6952
6952
6952
6952
6952
6952
6952
6952
6952
6952
6952
6952
6952
6952
6952
