5680
5987
6138
6292
6596
6749
7056
6294
6755
7059
7213
7366
7363
7516
5527
5834
6138
6292
6752
7059
7366
6602
7062
7216
7366
7366
7516
7516
7516
5068
5376
5834
6294
6755
7216
6451
6604
6755
6906
7059
7213
7210
7363
5834
6138
6445
6906
7366
7676
6912
7062
7062
7213
7366
7363
7516
7516
7667
5987
6292
6752
7059
7520
7827
7827
5836
6141
6294
6599
6749
6903
7056
7053
7207
6445
6752
7213
7520
7670
7670
7670
7820
5834
6138
6292
6599
6749
6903
7210
7516
6909
7213
7213
7213
7363
7363
7363
7363
7360
7360
5527
5987
6448
6599
6752
6752
6903
6903
7056
7056
4456
4917
5378
5992
6297
6451
6448
6602
6752
5068
5376
5680
5834
6138
6292
6752
6906
7059
7056
5222
5373
5680
5831
6138
6292
6443
6752
7059
7056
7210
5373
5527
5834
5985
6138
6289
6443
6596
6749
7210
7363
5376
5680
5834
5985
6138
6292
6443
6596
6749
6903
7056
6448
6752
6752
6906
6903
7056
7056
7053
7207
7207
7207
7207
