7689
7993
8301
8455
8762
7689
7997
8304
8608
8762
7846
8150
8458
8766
8916
8000
8308
8612
8766
8919
8000
8308
8612
8766
8919
8154
8462
8612
8919
9073
8154
8308
8615
8766
9073
9227
8154
8462
8766
8919
9073
9227
8154
8462
8612
8919
9073
9227
8154
8462
8612
8919
9073
9227
8308
8462
8766
8919
9073
9227
8154
8462
8766
8919
9073
9227
8308
8462
8766
8919
9073
9227
8308
8615
8766
8919
9227
9381
8308
8615
8766
9073
9227
9381
8462
8615
8766
9073
9227
9377
8308
8615
8766
9073
9227
9377
9531
8462
8615
8919
9073
9227
9377
9531
8462
8612
8919
9073
9223
9377
9531
8462
8612
8919
9073
9223
9377
9531
6174
6329
6329
6483
6483
6637
6637
6637
6637
6792
6792
6792
6792
6792
6792
6792
6792
6792
6946
6946
6946
6946
6946
6946
6946
6946
6946
6946
6946
6946
6946
6946
6946
6946
6174
6329
6329
6483
6483
6483
6637
6637
6637
6637
6792
6792
6792
6792
6792
6792
6792
6792
6792
6946
6946
6946
6946
6946
6946
6946
6946
6946
6946
6946
6946
6946
6946
6946
6177
6331
6331
6486
6486
6486
6640
6640
6640
6640
6795
6795
6795
6795
6795
6792
6795
6795
6946
6949
6949
6946
6946
6946
6946
6946
6946
6946
6946
6946
6946
6946
6946
6946
6946
6177
6331
6331
6486
6486
6486
6640
6637
6637
6637
6792
6792
6792
6792
6792
6792
6792
6792
6792
6946
6946
6946
6946
6946
6946
6946
6946
6946
6946
6946
6946
6946
6946
6946
6946
6946
6174
6329
6329
6483
6483
6483
6637
6637
6637
6637
6792
6792
6792
6792
6792
6792
6792
6792
6946
6946
6946
6946
6946
6946
6946
6946
6946
6946
6946
6946
6946
6946
6946
6946
6946
6946
6946
6177
6177
6331
6331
6486
6483
6637
6637
6637
6637
6792
6792
6792
6792
6792
6792
6792
6792
6792
6946
6946
6946
6946
6946
6946
6946
6946
6946
6946
6946
6946
6946
6946
6946
6940
6937
6932
5079
5387
5536
5687
5839
5990
6141
6141
6294
6445
6445
6443
6596
6593
6593
6747
6747
6744
6744
6744
6897
6897
6897
6897
6897
6897
6897
6897
6897
6897
6897
6897
6894
6894
6894
6894
6894
6894
4602
4759
5064
5218
5522
5676
5829
5980
6133
6133
6287
6287
6440
6440
6591
6591
6591
6744
6744
6744
6744
6744
6744
6897
6897
6897
6897
6894
6894
6894
6894
6894
6897
6897
6897
6897
6897
6894
5369
5522
5673
5827
5980
6133
6287
6284
6437
6440
6443
6593
6593
6593
6747
6744
6744
6744
6744
6897
6897
6897
6894
6894
6894
6894
6894
6894
6894
6894
6894
6894
6894
6894
6894
6894
6894
6894
7047
4909
5218
5371
5676
5829
5982
5980
6133
6287
6287
6443
6440
6593
6593
6591
6744
6744
6744
6744
6744
6897
6897
6894
6894
6894
6894
6894
6897
6903
6909
6914
6917
6923
6926
6929
6932
6932
6935
6937
6937
6323
6326
6480
6480
6483
6637
6637
6637
6640
6795
6795
6795
6795
6795
6795
6795
6795
6949
6949
6949
6949
6949
6949
6949
6949
6949
6949
6949
6949
6949
6949
6949
6949
6952
6952
6952
6952
6952
6952
6952
6952
6179
6334
6334
6488
6488
6643
6643
6643
6643
6797
6797
6797
6797
6797
6797
6797
6797
6952
6952
6952
6952
6952
6952
6952
6952
6952
6952
6952
6952
6952
6952
6952
6952
6952
6952
6952
6952
6952
6952
6952
6952
6952
6179
6334
6334
6488
6488
6643
6643
6643
6643
6797
6797
6797
6797
6797
6797
6797
6797
6952
6952
6952
6952
6952
6952
6952
6952
6952
6952
6952
6952
6952
6952
6952
6952
6952
6952
6952
6952
6952
6952
6952
6952
6952
6179
6334
6334
6488
6488
6643
6643
6643
6643
6797
6797
6797
6797
6797
6797
6797
6797
6797
6952
6952
6952
6952
6952
6952
6952
6952
6952
6952
6952
6952
6952
6952
6952
6952
6952
6952
6952
6952
6952
6952
6952
6952
6952
6179
6334
6334
6488
6488
6488
6643
6643
6643
6797
6797
6797
6797
6797
6797
6797
6797
6797
6952
6952
6952
6952
6952
6952
6952
6952
6952
6952
6952
6952
6952
6952
6952
6952
6952
6952
6952
6952
6952
6952
6952
6952
6952
6952
6179
6334
6334
6488
6488
6643
6643
6643
6643
6797
6797
6797
6797
6797
6797
6797
6797
6797
6952
6952
6952
6952
6952
6952
6952
6952
6952
6952
6952
6952
6952
6952
6952
6952
6952
6952
6952
6952
6952
6952
6952
6952
6952
6952
6952
6179
6334
6334
6488
6488
6643
6643
6643
6643
6643
6797
6797
6797
6797
6797
6797
6797
6797
6952
6952
6952
6952
6952
6952
6952
6952
6952
6952
6952
6952
6952
6952
6952
6952
6952
6952
6952
6952
6952
6952
6952
6952
6952
6952
6952
6179
6334
6334
6488
6488
6488
6643
6643
6643
6643
6797
6797
6797
6797
6797
6797
6797
6797
6952
6952
6952
6952
6952
6952
6952
6952
6952
6952
6952
6952
6952
6952
6952
6952
6952
6952
6952
6952
6952
6952
6952
6952
6952
6952
6952
6952
6179
6334
6334
6488
6488
6488
6643
6643
6643
6643
6797
6797
6797
6797
6797
6797
6797
6797
6952
6952
6952
6952
6952
6952
6952
6952
6952
6952
6952
6952
6952
6952
6952
6952
6952
6952
6952
6952
6952
6952
6952
6952
6952
6952
6952
6952
6952
6179
6334
6334
6488
6488
6488
6643
6643
6643
6643
6797
6797
6797
6797
6797
6797
6797
6797
6797
6952
6952
6952
6952
6952
6952
6952
6952
6952
6952
6952
6952
6952
6952
6952
6952
6952
6952
6952
6952
6952
6952
6952
6952
6952
6952
6952
6952
7092
7246
7400
7554
7708
7708
7862
8017
8017
7092
7246
7400
7554
7708
7708
7862
8017
8017
7246
7400
7400
7554
7708
7862
7862
8017
8017
7249
7403
7554
7554
7708
7862
7862
8017
8017
8017
7249
7403
7554
7554
7708
7862
7862
8017
8017
8017
7249
7403
7557
7554
7708
7862
7862
8017
8017
8171
7249
7403
7554
7554
7708
7862
7862
8017
8017
8171
7249
7403
7557
7554
7708
7862
7862
8017
8017
8171
7249
7403
7557
7708
7708
7862
7862
8017
8017
8171
8171
7249
7403
7554
7708
7708
7862
7862
8017
8017
8171
8171
7249
7403
7554
7708
7708
7862
7862
8017
8017
8171
8171
7249
7403
7554
7708
7708
7862
7862
8017
8017
8171
8171
7246
7400
7554
7708
7708
7862
7862
8017
8017
8171
8171
7249
7400
7554
7708
7708
7862
8017
8017
8017
8171
8171
7249
7403
7554
7708
7708
7862
8017
8017
8017
8171
8171
8171
7249
7403
7554
7708
7708
7862
8017
8017
8017
8171
8171
8171
7403
7403
7554
7708
7862
7862
8017
8017
8017
8171
8171
8171
7403
7403
7554
7708
7862
7862
8017
8017
8017
8171
8171
8171
7403
7403
7554
7708
7862
7862
8017
8017
8017
8171
8171
8171
7403
7554
7554
7708
7862
7862
8017
8017
8017
8171
8167
8167
8322
7542
7846
8000
8308
8458
7542
7849
8154
8308
8458
7696
7846
8154
8308
8458
7538
7843
7997
8301
8455
7692
7843
8150
8304
8608
7692
8000
8150
8458
8612
7692
8000
8150
8458
8612
7692
8000
8304
8458
8612
7846
8000
8308
8458
8612
7849
8000
8308
8462
8612
8766
7849
8000
8308
8462
8612
8766
7849
8000
8308
8458
8612
8766
7846
8000
8308
8458
8612
8766
7846
8154
8304
8458
8612
8766
7846
8154
8304
8458
8612
8766
7846
8154
8308
8458
8766
8919
7846
8154
8308
8612
8766
8919
8000
8154
8308
8612
8766
8919
8000
8154
8462
8612
8766
8919
8000
8154
8458
8612
8766
8916
