6169
6323
6323
6480
6480
6480
6635
6635
6635
6635
6789
6789
6789
6789
6789
6792
6792
6792
6792
6792
6946
6946
6946
6946
6946
6946
6946
6946
6946
6946
6946
6946
6946
6946
6326
6321
6470
6464
6461
6613
6610
6607
6758
6755
6752
6749
6749
6747
6900
6897
6897
6894
6894
6894
6894
6891
6891
6891
6891
6891
6891
6891
6891
6891
6888
6888
6888
6888
5520
5671
5824
5977
6128
6128
6281
6432
6432
6432
6585
6585
6585
6738
6738
6738
6735
6735
6888
6888
6888
6888
6888
6888
6888
6888
6888
6888
6888
6888
6888
6888
6888
6888
6888
4598
4753
5058
5364
5518
5668
5822
5975
6128
6128
6281
6432
6432
6432
6585
6585
6585
6738
6738
6738
6738
6738
6891
6891
6891
6888
6888
6888
6888
6888
6888
6888
6891
6891
6891
5213
5367
5673
5827
5980
5977
6131
6284
6284
6437
6437
6591
6591
6591
6744
6744
6744
6744
6744
6744
6897
6894
6894
6894
6891
6891
6891
6897
6903
6909
6914
6917
6923
6926
6929
1382
1996
2611
3070
3529
3990
4295
4602
4909
5215
5367
5520
5673
5827
5980
6133
6284
6284
6437
6437
6591
6591
6591
6744
6744
6744
6744
6744
6744
6897
6897
6897
6894
6894
6894
6894
4295
4604
4913
5068
5376
5527
5680
5831
5985
6136
6136
6292
6443
6443
6440
6593
6593
6593
6747
6747
6744
6744
6744
6897
6897
6897
6897
6897
6894
6894
6894
6894
6894
6894
6894
6894
6894
4909
5064
5371
5522
5676
5827
5980
6133
6133
6287
6437
6437
6437
6591
6591
6591
6744
6744
6744
6744
6744
6897
6894
6894
6894
6894
6894
6894
6894
6894
6894
6894
6894
6894
6894
6894
6894
6894
4911
5066
5371
5524
5676
5829
5980
6133
6133
6287
6440
6440
6437
6591
6591
6591
6744
6744
6744
6749
6755
6761
6917
6923
6926
6929
6932
6935
6935
6937
6940
6940
6943
6943
6943
6946
6946
6946
6946
1382
1995
2609
3069
3528
3988
4293
4600
4907
5211
5364
5518
5671
5824
5977
6128
6281
6281
6435
6435
6588
6588
6588
6741
6741
6741
6741
6741
6741
6894
6894
6894
6894
6894
6894
6894
6894
6894
6894
4295
4604
4911
5062
5369
5520
5673
5827
5977
6131
6131
6284
6437
6437
6591
6588
6588
6588
6741
6741
6741
6741
6741
6894
6894
6894
6894
6894
6894
6894
6894
6894
6894
6894
6894
6894
6894
6894
6891
6894
4295
4604
4915
5073
5382
5538
5695
5851
6007
6164
6167
6321
6323
6478
6480
6480
6635
6637
6637
6792
6792
6792
6795
6795
6795
6795
6795
6949
6949
6949
6949
6949
6949
6952
6952
6952
6952
6952
6952
6952
6952
1536
2149
2762
3222
3681
3988
4448
4753
4907
5213
5364
5671
5824
5977
5977
6131
6284
6284
6437
6437
6588
6588
6588
6741
6741
6741
6741
6741
6894
6894
6894
6894
6894
6894
6894
6894
6894
6894
6894
6894
6894
5520
5673
5827
5980
6131
6131
6284
6284
6437
6437
6591
6591
6591
6741
6744
6741
6741
6741
6894
6894
6894
6894
6894
6894
6894
6894
6894
6894
6894
6894
6894
6894
6894
6894
6894
6894
6894
6894
7047
7047
7047
7047
7047
5829
5982
6136
6133
6287
6287
6437
6437
6593
6593
6591
6744
6744
6744
6744
6741
6894
6894
6894
6894
6894
6894
6894
6894
6894
6894
6894
6894
6894
6894
6894
6894
6903
6909
6912
6917
6920
6926
6929
6932
6932
6935
6937
6323
6480
6480
6480
6637
6637
6637
6637
6792
6795
6795
6795
6795
6795
6795
6949
6949
6949
6949
6949
6949
6949
6949
6949
6949
6949
6949
6949
6949
6949
6949
6949
6949
6949
6949
6949
6949
6952
6952
6952
6952
6952
6952
6952
6334
6488
6488
6488
6643
6643
6643
6643
6797
6797
6797
6797
6797
6797
6797
6797
6952
6952
6952
6952
6952
6952
6952
6952
6952
6952
6952
6952
6952
6952
6952
6952
6952
6952
6952
6952
6952
6952
6952
6952
6952
6952
6952
6952
6952
6334
6334
6488
6488
6643
6643
6643
6643
6797
6797
6797
6797
6797
6797
6797
6797
6952
6952
6952
6952
6952
6952
6952
6952
6952
6952
6952
6952
6952
6952
6952
6952
6952
6952
6952
6952
6952
6952
6952
6952
6952
6952
6952
6952
6952
6952
6334
6334
6488
6488
6488
6643
6643
6643
6643
6797
6797
6797
6797
6797
6797
6797
6797
6952
6952
6952
6952
6952
6952
6952
6952
6952
6952
6952
6952
6952
6952
6952
6952
6952
6952
6952
6952
6952
6952
6952
6952
6952
6952
6952
6952
6952
6334
6334
6488
6488
6488
6643
6643
6643
6643
6797
6797
6797
6797
6797
6797
6797
6797
6952
6952
6952
6952
6952
6952
6952
6952
6952
6952
6952
6952
6952
6952
6952
6952
6949
6949
6949
6946
6946
6946
6946
6946
6946
6949
6949
6949
6949
6949
