7086
7240
7394
7548
7702
7702
7856
7856
8010
7243
7397
7551
7548
7702
7856
7856
8010
8010
7243
7397
7551
7705
7705
7859
7856
8010
8010
7243
7397
7551
7705
7705
7859
7859
8010
8010
8164
7243
7397
7551
7705
7705
7859
7856
7853
7849
7843
7840
5534
5841
6146
6297
6604
6755
6906
7059
7056
7210
7363
6602
6752
6906
7056
7210
7210
7360
7360
7513
7513
7667
4757
5064
5524
5834
6138
6292
6596
6749
6903
7056
7053
5831
5985
6138
6289
6443
6749
6900
7053
7053
7207
7357
7357
4604
4755
5218
5524
5829
6136
6289
6440
6747
6900
7053
7053
5985
6136
6443
6596
6747
6900
7053
7207
7204
7357
7357
7510
4909
5215
5522
5827
6136
6443
6596
6749
6903
7053
7207
7207
5218
5678
5831
6138
6443
6596
6747
6900
7053
7207
7207
7357
7357
6599
6909
7065
7222
7375
7372
7372
7369
7520
7520
7670
7670
7670
6138
6292
6599
6749
6903
7056
7053
7207
7360
7360
7510
7510
7664
4911
5215
5522
5829
6133
6287
6596
6906
7059
7056
7210
7363
7360
4911
5066
5373
5680
5985
6138
6443
6596
6749
6900
7053
7207
7207
7360
6445
6596
6596
6749
6903
6903
7053
7207
7207
7357
7510
7510
7510
7664
4755
5062
5520
5673
5980
6289
6599
6749
6903
7056
7207
7207
7360
7360
4911
5220
5529
5992
6302
6459
6766
6923
7080
7234
7388
7545
7699
