7843
8150
8458
8612
8916
8000
8304
8612
8766
8919
8154
8308
8612
8766
9073
8154
8462
8612
8919
9073
8154
8462
8766
8919
9073
8308
8462
8766
8919
9073
8308
8612
8766
8919
9223
9377
8308
8612
8766
8919
9223
9377
8308
8612
8766
9073
9223
9377
8304
8612
8766
9069
9223
9377
8458
8612
8919
9069
9223
9377
8458
8612
8919
9069
9219
9373
8301
8608
8762
9066
9219
9373
8458
8608
8916
9069
9223
9377
8458
8612
8916
9069
9223
9377
8458
8766
8919
9069
9223
9377
8458
8766
8919
9069
9223
9377
9531
8458
8766
8919
9073
9223
9377
9531
8615
8766
8919
9073
9223
9377
9531
8615
8766
8919
9227
9377
9377
9531
