7686
7840
8147
8297
8451
7689
7993
8147
8455
8605
7689
7993
8301
8455
8605
7843
7993
8301
8455
8605
7843
7993
8301
8455
8605
7843
8147
8301
8455
8605
7843
8147
8301
8455
8758
7843
8147
8301
8608
8762
7843
8150
8301
8608
8762
7843
8150
8301
8455
8608
8762
7843
8150
8301
8455
8608
8762
7843
8150
8301
8608
8762
8912
7997
8150
8455
8608
8762
8912
7997
8147
8455
8608
8762
8912
7997
8150
8455
8608
8762
8912
7997
8301
8455
8608
8762
8912
7997
8301
8455
8608
8758
8912
8150
8301
8455
8608
8758
8912
8150
8301
8455
8608
8762
8912
8150
8301
8455
8608
8758
8912
7243
7397
7551
7702
7702
7856
7856
8010
8010
7243
7397
7551
7702
7702
7856
7853
7846
7843
7840
5687
5992
6297
6448
6599
6752
6903
7056
7210
7360
7360
4450
4911
5218
5676
5829
6133
6440
6593
6747
6900
7050
5834
6141
6292
6445
6596
6749
6900
7053
7207
7207
7357
4602
4755
5064
5371
5676
5982
6287
6440
6593
6747
6900
5831
5985
6138
6289
6443
6749
6900
7053
7053
7204
7357
7357
4448
4909
5371
5676
5982
6133
6440
6593
6747
6897
7050
5985
6294
6451
6761
6917
7071
7382
7385
7538
7696
7849
6929
7086
7240
7394
7548
7702
7856
7856
8010
8013
8013
7246
7400
7551
7551
7705
7859
7859
8013
8013
8167
8167
7246
7400
7554
7708
7708
7862
8017
8013
8013
8167
8167
7246
7397
7551
7551
7705
7859
7859
8013
8013
8167
8167
7246
7400
7554
7708
7708
7859
8013
8013
8013
8167
8167
7246
7400
7554
7548
7545
7542
7689
7686
7683
7833
7830
7830
7827
6604
6761
7071
7228
7382
7538
7692
7696
7849
7853
8007
8007
7240
7394
7551
7551
7705
7859
7859
8013
8013
8167
8167
8167
7246
7400
7554
7708
7862
7862
8017
8017
8017
8171
8171
8171
7403
7400
7554
7708
7862
7862
8017
8017
8171
8171
8171
8167
7400
7400
7554
7708
7862
7862
8017
8017
8171
8167
8167
8167
8322
6179
6334
6334
6488
6488
6488
6643
6643
6643
6643
6797
6797
6797
6797
6797
6797
6797
6797
6797
6952
6952
6952
6952
6952
6952
6952
6952
6952
6952
6952
6952
6952
6952
6952
6179
6334
6334
6488
6488
6488
6643
6643
6643
6643
6797
6797
6797
6797
6797
6797
6797
6797
6797
6952
6952
6952
6952
6952
6952
6952
6952
6952
6952
6952
6952
6952
6952
6952
6179
6334
6334
6488
6488
6488
6643
6643
6643
6643
6797
6797
6797
6797
6797
6797
6797
6797
6797
6952
6952
6952
6952
6952
6952
6952
6952
6952
6952
6952
6952
6952
6952
6952
6952
6179
6334
6334
6488
6488
6488
6643
6643
6643
6643
6797
6797
6797
6797
6797
6797
6797
6797
6797
6952
6952
6952
6952
6952
6952
6952
6952
6952
6952
6952
6952
6952
6952
6952
6952
6952
6179
6334
6334
6488
6488
6488
6643
6643
6643
6643
6797
6797
6797
6797
6797
6797
6797
6797
6952
6952
6952
6952
6952
6952
6952
6952
6952
6952
6952
6952
6952
6952
6952
6952
6952
6952
6952
6179
6334
6334
6488
6488
6488
6643
6643
6643
6643
6797
6797
6797
6797
6797
6797
6797
6797
6797
6952
6952
6952
6952
6952
6952
6952
6952
6952
6952
6952
6952
6952
6952
6952
6952
6952
6952
6179
6334
6334
6488
6488
6488
6643
6643
6643
6643
6797
6797
6797
6797
6797
6797
6797
6797
6797
6952
6952
6952
6952
6952
6952
6952
6952
6952
6952
6952
6952
6952
6952
6952
6952
6952
6952
6952
6179
6334
6334
6488
6488
6488
6643
6643
6643
6643
6797
6797
6797
6797
6797
6797
6797
6797
6797
6952
6952
6952
6952
6952
6952
6952
6952
6952
6952
6952
6952
6952
6952
6952
6952
6952
6952
6952
6952
6179
6334
6334
6488
6488
6488
6643
6643
6643
6643
6797
6797
6797
6797
6797
6797
6797
6797
6797
6952
6952
6952
6952
6952
6952
6952
6952
6952
6952
6952
6952
6952
6952
6952
6952
6952
6952
6952
6952
6179
6334
6334
6488
6488
6488
6643
6643
6643
6643
6797
6797
6797
6797
6797
6797
6797
6797
6797
6952
6952
6952
6952
6952
6952
6952
6952
6952
6952
6952
6952
6952
6952
6952
6952
6952
6952
6952
6952
6952
6179
6334
6334
6488
6488
6488
6643
6643
6643
6643
6797
6797
6797
6797
6797
6797
6797
6797
6797
6952
6952
6952
6952
6952
6952
6952
6952
6952
6952
6952
6952
6952
6952
6952
6952
6952
6952
6952
6952
6952
6952
6179
6334
6334
6488
6488
6488
6643
6643
6643
6643
6797
6797
6797
6797
6797
6797
6797
6797
6797
6952
6952
6952
6952
6952
6952
6952
6952
6952
6952
6952
6952
6952
6952
6952
6952
6952
6952
6952
6952
6952
6952
6952
6179
6334
6334
6488
6488
6488
6643
6643
6643
6643
6797
6797
6797
6797
6797
6797
6797
6797
6952
6952
6952
6952
6952
6952
6952
6952
6952
6952
6952
6952
6952
6952
6952
6952
6952
6952
6952
6952
6952
6952
6952
6952
6179
6334
6334
6488
6488
6488
6635
6629
6624
6775
6769
6766
6764
6761
6912
6912
6909
6906
6906
6903
6903
6903
6900
6900
6900
6900
6897
6897
6900
6897
6897
6897
6897
6897
6897
6897
6897
6897
6897
6897
6894
6894
5829
5980
6133
6287
6284
6437
6437
6591
6591
6591
6588
6741
6741
6741
6741
6741
6894
6894
6894
6894
6894
6894
6894
6894
6894
6894
6894
6894
6894
6894
6894
6900
6906
6912
6914
6920
6923
6926
6929
6932
6935
6937
6937
461
615
769
1385
2000
2614
3228
3687
3993
4299
4604
4911
5218
5369
5522
5827
5827
5980
6131
6287
6284
6437
6437
6591
6588
6588
6741
6744
6744
6741
6741
6741
6894
6894
6894
6894
6894
6894
6894
6894
6894
6894
6894
6894
6894
4143
4145
4302
4611
4917
5222
5376
5527
5678
5831
5982
6136
6289
6287
6440
6440
6591
6591
6591
6744
6744
6744
6744
6741
6741
6894
6894
6894
6894
6894
6894
6894
6894
6894
6894
6894
6894
6897
6903
6909
6914
6917
6920
6926
6929
6315
6318
6475
6475
6478
6632
6635
6635
6635
6789
6792
6792
6792
6792
6792
6795
6795
6949
6949
6949
6949
6949
6949
6949
6949
6949
6949
6952
6952
6952
6952
6952
6952
6952
6952
6952
6952
6952
6952
6952
6952
6952
6952
6952
6952
6952
6179
6334
6334
6488
6488
6643
6643
6643
6643
6797
6797
6797
6797
6797
6797
6797
6797
6952
6952
6952
6952
6952
6952
6952
6952
6952
6952
6952
6952
6952
6952
6952
6952
6952
6952
6952
6952
6952
6952
6952
6952
6952
6952
6952
6952
6952
6952
6179
6334
6334
6488
6488
6643
6643
6643
6643
6797
6797
6797
6797
6797
6797
6797
6797
6797
6952
6952
6952
6952
6952
6952
6952
6952
6952
6952
6952
6952
6952
6952
6952
6952
6952
6952
6952
6952
6952
6949
6949
6952
6952
6952
6952
6952
6952
