6629
6783
6937
6937
7092
7092
7246
7246
7246
7400
7400
7400
7400
7400
7554
6786
6786
6940
7095
7095
7095
7249
7246
7400
7400
7400
7400
7400
7554
7554
6786
6786
6940
7095
7095
7249
7249
7249
7403
7403
7403
7403
7403
7557
7557
6786
6786
6940
7095
7095
7249
7249
7249
7403
7403
7403
7403
7403
7557
7557
6786
6940
6940
7095
7095
7249
7249
7249
7403
7403
7403
7403
7403
7557
7557
7557
6786
6940
6940
7095
7095
7249
7249
7249
7403
7403
7403
7403
7403
7557
7557
7557
6786
6940
6940
7095
7095
7249
7249
7249
7403
7403
7400
7400
7400
7554
7554
7554
6786
6940
6940
7095
7095
7249
7249
7249
7403
7403
7403
7403
7403
7557
7557
7557
7557
6786
6940
6940
7095
7095
7249
7249
7249
7403
7403
7403
7403
7403
7557
7557
7557
7557
6786
6940
6940
7095
7095
7249
7249
7249
7403
7403
7403
7403
7403
7557
7557
7557
7557
6786
6940
6940
7095
7095
7249
7249
7249
7403
7403
7403
7403
7400
7554
7554
7554
7554
7554
6786
6940
6940
7095
7095
7249
7249
7249
7403
7403
7403
7403
7403
7557
7557
7557
7557
7557
6786
6940
6940
7095
7095
7249
7249
7249
7403
7403
7403
7403
7403
7557
7557
7557
7554
7554
6786
6940
6940
7095
7095
7249
7249
7249
7400
7400
7400
7400
7557
7557
7557
7557
7557
7557
7557
6786
6940
6940
7095
7095
7249
7249
7249
7403
7403
7403
7403
7557
7557
7557
7557
7557
7557
7557
6786
6940
6940
7095
7095
7249
7249
7249
7397
7394
7391
7385
7535
7532
7529
7529
7526
7526
7523
5378
5683
5836
6141
6294
6445
6599
6752
6906
6906
7056
7056
7210
7210
7363
7360
7363
7360
7513
5066
5376
5680
5834
6138
6292
6445
6596
6749
6903
6903
7056
7056
7210
7207
7360
7360
7360
7360
4452
4761
5068
5376
5680
5987
6138
6292
6445
6596
6749
6903
6903
7056
7053
7207
7207
7360
7360
7360
4452
4606
4608
4763
5068
5376
5680
5834
6141
6292
6445
6599
6749
6903
6903
7056
7056
7210
7207
7360
