7686
7993
8301
8605
8758
7997
8147
8455
8762
8916
8150
8304
8612
8762
9069
8154
8458
8612
8919
9069
8154
8458
8766
8919
9069
8308
8458
8766
8919
9073
8308
8458
8766
8919
9073
9223
8308
8612
8766
8919
9227
9377
8308
8612
8766
8919
9227
9377
8308
8612
8766
9073
9227
9377
8308
8612
8766
9073
9227
9377
8462
8612
8919
9073
9227
9377
8462
8612
8919
9073
9223
9377
8462
8612
8919
9073
9223
9377
8462
8766
8919
9073
9223
9377
8462
8766
8919
9073
9223
9377
8458
8766
8919
9069
9223
9377
9531
8458
8766
8919
9069
9223
9377
9531
8612
8766
8919
9069
9223
9377
9531
8612
8766
8919
9069
9223
9377
9531
7689
7997
8147
8301
8608
7689
7997
8147
8455
8608
7689
7997
8301
8455
8608
7843
7993
8301
8455
8605
7843
8147
8301
8455
8605
7843
8147
8301
8455
8758
7843
8147
8301
8451
8758
7840
8147
8301
8605
8758
7840
8147
8301
8605
8758
7843
8147
8301
8455
8758
8758
7843
8147
8301
8455
8762
8758
7997
8147
8301
8608
8758
8912
7997
8147
8455
8608
8758
8912
7997
8147
8455
8608
8758
8912
7997
8301
8455
8608
8758
8912
7997
8301
8455
8608
8758
8912
7997
8301
8455
8608
8758
8912
7993
8301
8455
8608
8758
8912
8150
8301
8455
8608
8758
8912
8147
8301
8455
8608
8758
8912
