6172
6172
6326
6326
6480
6475
6626
6621
6615
6766
6766
6764
6761
6758
6758
6909
6906
6906
6903
6903
6900
6900
6900
6900
6900
6897
6897
6897
6897
6897
6897
6897
6897
5829
5982
6136
6133
6287
6440
6437
6440
6591
6591
6591
6744
6744
6744
6744
6741
6894
6894
6894
6894
6894
6894
6894
6894
6894
6894
6894
6894
6894
6894
6894
6894
6894
6894
4142
4450
4757
5062
5215
5522
5673
5827
5980
6133
6131
6284
6284
6437
6437
6588
6591
6588
6741
6741
6741
6741
6741
6894
6894
6894
6894
6894
6894
6894
6894
6894
6894
6894
6894
5062
5369
5522
5673
5827
5980
6133
6284
6284
6437
6437
6591
6591
6591
6744
6744
6744
6741
6741
6894
6894
6894
6894
6894
6894
6894
6894
6894
6894
6894
6894
6894
6900
6906
6912
1381
1995
2609
3069
3528
3988
4293
4600
4907
5213
5364
5518
5824
5824
5977
6128
6281
6281
6435
6435
6588
6588
6588
6741
6741
6741
6741
6741
6894
6894
6894
6894
6894
6894
6894
6894
5062
5369
5520
5673
5827
5980
6131
6133
6284
6437
6437
6437
6591
6591
6591
6744
6744
6744
6744
6741
6894
6894
6894
6894
6894
6894
6894
6894
6894
6894
6894
6894
6894
6894
6894
6894
7047
4907
5062
5371
5522
5676
5827
5980
6133
6287
6287
6440
6437
6591
6591
6591
6744
6744
6744
6744
6744
6897
6894
6894
6894
6894
6894
6894
6894
6894
6894
6894
6894
6894
6894
6894
6894
7047
5062
5373
5529
5687
5844
6000
6156
6159
6315
6318
6475
6475
6632
6632
6635
6635
6789
6789
6792
6792
6792
6792
6792
6949
6949
6949
6949
6949
6949
6949
6949
6949
6949
6949
6949
6949
6949
6949
6949
6334
6334
6488
6488
6643
6643
6643
6643
6797
6797
6797
6797
6797
6797
6797
6952
6952
6952
6952
6952
6952
6952
6952
6952
6952
6952
6952
6952
6952
6952
6952
6952
6952
6952
6952
6952
6952
6952
6952
6334
6488
6488
6488
6643
6643
6643
6643
6797
6797
6797
6797
6797
6797
6797
6797
6952
6952
6952
6952
6952
6952
6952
6952
6952
6952
6952
6952
6952
6949
6949
6949
6949
6949
6949
6949
6949
6949
6949
6949
6331
6331
6486
6486
6640
6640
6640
6640
6795
6795
6797
6797
6797
6797
6797
6797
6952
6952
6952
6952
6952
6952
6952
6952
6952
6952
6952
6952
6952
6952
6952
6952
6952
6952
6952
6952
6952
6952
6952
6952
6952
6334
6334
6488
6488
6643
6643
6643
6643
6797
6797
6797
6797
6797
6797
6797
6797
6952
6952
6952
6952
6952
6952
6952
6952
6952
6952
6952
6952
6952
6952
6952
6952
6952
6952
6952
6952
6952
6952
6952
6952
6952
6334
6334
6488
6488
6643
6643
6643
6643
6797
6797
6797
6797
6797
6797
6797
6797
6952
6952
6952
6952
6952
6952
6949
6949
6949
6949
6949
6949
6949
6949
6949
6949
6949
6949
6949
6949
6949
6949
6949
6949
6949
6949
6334
6334
6488
6488
6643
6643
6643
6643
6797
6797
6797
6797
6797
6797
6797
6797
6952
6952
6952
6952
6952
6952
6952
6952
6952
6952
6952
6952
6952
6952
6952
6952
6952
6952
6952
6952
6952
6952
6952
6952
6952
6952
6952
6334
6334
6488
6488
6488
6643
6643
6643
6797
6797
6797
6797
6797
6797
6797
6797
6797
6952
6952
6952
6952
6952
6952
6949
6949
6949
6949
6949
6949
6949
6949
6949
6949
6949
6949
6949
6949
6949
6949
6949
6949
6949
6949
6952
6334
6334
6488
6488
6643
6643
6643
6643
6797
6797
6795
6795
6795
6795
6795
6795
6949
6949
6949
6949
6949
6949
6949
6949
6949
6949
6949
6949
6949
6949
6949
6952
6952
6952
6952
6952
6952
6952
6952
6952
6952
6952
6952
6952
6334
6334
6488
6488
6643
6643
6643
6643
6797
6797
6797
6797
6797
6797
6797
6797
6797
6952
6952
6952
6952
6952
6952
6952
6952
6952
6952
6952
6952
6952
6952
6952
6949
6949
6949
6949
6949
6949
6949
6949
6949
6949
6949
6949
6949
6334
6331
6486
6486
6486
6640
6640
6643
6643
6797
6797
6797
6797
6797
6797
6797
6952
6952
6952
6952
6952
6952
6952
6952
6952
6952
6952
6952
6952
6952
6952
6952
6952
6952
6952
6952
6949
6949
6949
6949
6949
6949
6949
6949
6949
6949
6334
6331
6486
6486
6486
6640
6640
6640
6640
6797
6797
6797
6797
6797
6797
6797
6797
6952
6952
6952
6952
6952
6952
6952
6952
6952
6952
6952
6952
6952
6952
6952
6952
6952
6952
6952
6952
6952
6952
6952
6952
6952
6952
6952
6952
6952
6952
6334
6334
6488
6488
6643
6643
6643
6643
6797
6797
6797
6797
6797
6797
6797
6797
6797
6952
6952
6952
6952
6952
6952
6952
6952
6952
6952
6952
6952
6952
6952
6952
6952
6952
6952
6952
6952
6952
6952
6952
6952
6952
6952
6952
6952
6949
6949
6792
6946
6943
7097
7097
7252
7252
7252
7406
7406
7406
7406
7406
7560
6792
6946
6946
7097
7097
7252
7252
7252
7406
7406
7406
7406
7406
7560
7560
6792
6946
6946
7097
7097
7252
7252
7252
7406
7406
7406
7406
7560
7560
7560
6792
6946
6946
7097
7097
7252
7252
7252
7406
7403
7403
7403
7554
7554
7554
6786
6940
6940
7095
7095
7249
7249
7249
7403
7403
7403
7403
7557
7560
7560
6789
6943
6943
7097
7097
7252
7252
7252
7406
7406
7406
7406
7560
7560
7560
7560
6792
6943
6943
7097
7097
7252
7252
7252
7406
7406
7406
7406
7406
7560
7560
7560
6792
6946
7097
7097
7097
7252
7252
7406
7406
7406
7406
7406
7560
7560
7560
7560
6792
6946
7097
7097
7097
7252
7252
7252
7406
7406
7406
7406
7560
7560
7560
7560
7560
6792
6946
7097
7097
7097
7252
7252
7406
7406
7406
7406
7406
7560
7560
7560
7560
7560
6789
6943
6943
7097
7097
7252
7252
7252
7406
7406
7406
7406
7560
7560
7560
7560
7560
6789
6943
6943
7097
7097
7252
7252
7252
7406
7406
7406
7406
7560
7560
7560
7560
7560
7560
6789
6943
7097
7097
7252
7252
7252
7406
7406
7406
7406
7406
7560
7560
7560
7560
7560
7560
6792
6946
6943
7097
7097
7252
7252
7252
7406
7406
7406
7406
7560
7560
7560
7560
7560
7560
6792
6946
7100
7097
7252
7252
7252
7406
7406
7406
7406
7406
7560
7560
7560
7560
7560
7560
7560
6946
6946
7097
7097
7252
7252
7252
7406
7406
7406
7406
7406
7560
7560
7560
7560
7560
7560
7560
6946
6946
7097
7097
7252
7252
7252
7406
7406
7406
7406
7406
7560
7560
7560
7560
7560
7560
7560
6943
6943
7097
7097
7252
7252
7252
7406
7406
7406
7406
7560
7560
7560
7560
7560
7560
7560
7560
6943
6943
7097
7097
7252
7252
7252
7406
7406
7406
7406
7406
7560
7560
7560
7560
7560
7560
7560
7560
6946
6946
7097
7097
7252
7252
7252
7406
7406
7406
7406
7406
7560
7560
7560
7560
7560
7560
7560
7560
7692
8000
8150
8458
8612
7846
8150
8304
8458
7846
8150
8304
8458
8612
7846
8154
8304
8612
8766
8000
8154
8458
8612
8766
8000
8154
8458
8612
8766
8000
8154
8458
8612
8766
8000
8154
8304
8612
8766
8000
8308
8458
8612
8766
8000
8154
8304
8612
8766
8000
8154
8458
8612
8766
8000
8154
8458
8612
8766
8919
8154
8308
8458
8612
8766
8154
8308
8458
8612
8766
8916
8154
8304
8612
8766
8919
8154
8304
8458
8612
8766
8916
8154
8304
8458
8612
8766
8916
8154
8304
8458
8612
8766
8916
8154
8458
8612
8766
8916
9069
8150
8304
8612
8762
8916
8916
