7240
7394
7548
7702
7702
7856
7856
8010
8010
7243
7397
7551
7702
7702
7856
7856
8010
8010
7243
7397
7548
7702
7702
7856
7856
8010
8010
7243
7397
7548
7702
7702
7856
7856
8010
8010
8164
7243
7397
7548
7702
7702
7856
7856
8010
8010
8164
7243
7397
7548
7702
7702
7856
8010
8010
8010
8164
7243
7397
7548
7702
7856
7856
8010
8010
8010
8164
7243
7397
7548
7702
7856
7856
8010
8010
8010
8164
7243
7397
7548
7702
7856
7856
8010
8010
8010
8164
8164
7397
7397
7551
7705
7859
7856
8010
8010
8010
8164
8164
7397
7551
7551
7705
7859
7856
8010
8010
8010
8164
8164
7397
7551
7551
7702
7856
7856
8010
8010
8164
8164
8164
7397
7551
7548
7702
7856
7856
8010
8010
8164
8164
8164
7397
7551
7548
7702
7856
7856
8010
8010
8161
8161
8161
7391
7391
7545
7699
7853
7853
8007
8007
8007
8161
8161
8161
7394
7548
7548
7702
7856
7856
8010
8010
8164
8164
8164
8164
7397
7551
7705
7705
7856
7856
8010
8010
8164
8164
8164
8164
7397
7551
7705
7705
7856
7856
8010
8010
8164
8164
8164
8164
7397
7551
7702
7702
7856
7856
8010
8010
8164
8164
8164
8164
7397
7551
7705
7705
7859
7856
8010
8010
8164
8164
8164
8164
8318
