6172
6172
6326
6326
6480
6480
6480
6635
6635
6637
6637
6792
6792
6789
6786
6780
6775
6926
6920
6920
6917
6914
6912
6909
6909
6906
6903
6903
6903
6900
6900
6900
6900
5064
5215
5522
5673
5827
5980
6133
6133
6287
6284
6437
6437
6591
6591
6591
6744
6744
6744
6744
6744
6894
6894
6894
6894
6894
6894
6894
6894
6894
6894
6894
6894
6894
6894
4757
4909
5215
5369
5520
5827
5827
5980
6131
6284
6284
6437
6437
6591
6591
6591
6744
6744
6741
6741
6741
6741
6894
6894
6894
6894
6894
6894
6894
6894
6894
6894
6894
6894
5827
5827
5980
6133
6284
6284
6437
6437
6591
6591
6588
6741
6741
6741
6741
6741
6741
6894
6894
6894
6894
6894
6894
6894
6894
6894
6894
6894
6894
6894
6894
6894
6894
6894
6894
5064
5222
5378
5690
5846
5848
6005
6161
6318
6318
6475
6478
6478
6635
6635
6635
6635
6792
6792
6792
6792
6795
6795
6795
6792
6946
6946
6946
6943
6943
6946
6946
6946
6946
6946
6946
1381
1994
2606
3066
3525
3985
4291
4596
4902
5209
5360
5513
5819
5819
5972
6126
6276
6276
6429
6429
6582
6582
6582
6735
6735
6735
6735
6735
6888
6888
6888
6888
6888
6888
6888
6888
6888
5058
5364
5515
5668
5822
5972
6126
6279
6279
6432
6432
6585
6585
6582
6735
6735
6735
6735
6735
6888
6888
6888
6888
6888
6888
6888
6888
6888
6888
6888
6888
6888
6888
6888
6888
7042
7042
4138
4446
4753
5060
5211
5518
5671
5822
5975
6128
6128
6279
6432
6432
6585
6585
6585
6588
6747
6752
6758
6764
6766
6769
6775
6929
6932
6935
6937
6937
6940
6940
6943
6943
6943
6946
6946
6946
6946
1384
2152
2765
3225
3686
3991
4452
4759
4913
5218
5371
5678
5829
5982
5982
6136
6289
6289
6443
6443
6596
6596
6596
6747
6747
6747
6747
6747
6747
6900
6900
6900
6900
6900
6900
6900
6900
6900
6900
4606
4913
5064
5376
5529
5683
5834
5987
6138
6138
6292
6445
6445
6445
6596
6596
6596
6749
6749
6749
6747
6749
6903
6903
6900
6900
6900
6900
6900
6900
6900
6900
6900
6900
6900
6900
6900
6900
6900
4606
4913
5218
5376
5531
5685
5836
5990
6141
6294
6294
6445
6445
6599
6599
6599
6749
6749
6749
6749
6749
6749
6903
6903
6903
6903
6903
6903
6903
6900
6900
6900
6903
6903
6900
6903
6903
6903
6900
6900
5680
5831
5985
6138
6138
6289
6443
6443
6443
6596
6596
6596
6749
6747
6747
6747
6747
6900
6900
6900
6900
6900
6900
6900
6900
6900
6900
6900
6900
6903
6909
6914
6917
6920
6926
6929
6932
6932
6935
6937
6937
1228
1842
2455
3069
3528
3835
4295
4600
4907
5060
5364
5518
5671
5824
5977
6131
6281
6281
6435
6435
6588
6588
6588
6741
6741
6741
6741
6741
6894
6894
6894
6894
6894
6894
6894
6894
6894
6894
6894
6894
6894
6894
4755
4909
5213
5367
5673
5827
5977
5977
6131
6284
6284
6437
6435
6588
6588
6588
6741
6741
6741
6741
6741
6894
6894
6894
6894
6894
6894
6894
6894
6894
6894
6894
6894
6894
6894
6894
6894
6894
7047
7047
7047
7047
4909
5215
5369
5522
5673
5827
5980
6133
6284
6289
6448
6453
6610
6615
6618
6621
6778
6780
6780
6783
6783
6786
6786
6943
6943
6943
6946
6946
6946
6946
6946
6949
6949
6949
6949
6949
6949
6949
6949
6949
6949
6949
6949
6949
6334
6334
6488
6488
6643
6643
6643
6643
6797
6795
6795
6795
6795
6795
6795
6795
6949
6949
6949
6949
6949
6949
6949
6949
6949
6949
6949
6949
6949
6949
6949
6949
6949
6949
6949
6949
6949
6949
6949
6949
6949
6949
6949
6949
6334
6334
6488
6488
6643
6643
6643
6643
6797
6797
6797
6797
6797
6797
6797
6797
6952
6952
6952
6952
6952
6952
6952
6952
6952
6952
6952
6952
6952
6952
6952
6952
6952
6952
6952
6952
6952
6952
6952
6952
6952
6952
6952
6952
6952
6334
6334
6488
6488
6488
6643
6643
6643
6797
6797
6797
6797
6797
6797
6797
6797
6952
6952
6952
6952
6952
6952
6952
6952
6952
6952
6952
6952
6952
6952
6952
6952
6952
6952
6952
6952
6952
6952
6952
6952
6952
6952
6952
6952
6952
6952
6334
6334
6488
6488
6488
6643
6643
6640
6640
6795
6795
6795
6795
6795
6795
6795
6795
6949
6949
6949
6949
6949
6949
6949
6952
6952
6952
6952
6952
6952
6952
6952
6952
6952
6952
6952
6952
6952
6952
6952
6952
6952
6952
6952
6952
6952
6334
6334
6488
6488
6488
6643
6643
6643
6643
6797
6797
6797
6797
6797
6797
6797
6797
6952
6952
6952
6952
6949
6949
6946
6946
6946
6946
6946
6946
6946
6946
6946
6946
6949
6949
6949
6949
6949
6949
6949
6949
6949
6949
6949
6949
6949
6949
