7225
7686
7836
8144
8297
7382
7686
7993
8147
8451
7535
7843
8147
8301
8455
7535
7843
8147
8301
8608
7689
7997
8147
8455
8608
7689
7997
8147
8455
8608
7843
7997
8301
8455
8608
7689
7997
8301
8455
8608
7843
7997
8301
8455
8608
7689
7997
8304
8455
8608
7843
7997
8301
8455
8608
8758
7686
7840
8144
8297
8601
8755
7686
7993
8147
8451
8605
8758
7840
7993
8301
8451
8605
8758
7843
8147
8301
8455
8605
8758
7843
8147
8301
8455
8608
8758
7997
8147
8455
8608
8758
8912
7997
8147
8455
8608
8758
8912
7993
8301
8455
8605
8758
8912
7997
8147
8455
8608
8758
8912
6632
6786
6940
6940
7095
7095
7249
7249
7246
7403
7403
7403
7403
7403
7557
6632
6786
6786
6940
7095
7095
7249
7249
7249
7403
7403
7403
7403
7403
7557
6632
6786
6940
6940
7095
7095
7249
7249
7249
7403
7403
7403
7403
7403
7557
6635
6786
6940
6940
7095
7095
7249
7249
7249
7403
7403
7403
7403
7557
7557
6632
6786
6786
6940
7095
7095
7095
7249
7249
7403
7403
7403
7403
7403
7557
7554
6786
6786
6940
7095
7095
7095
7249
7249
7403
7403
7403
7403
7403
7557
7557
7557
6632
6786
6940
6940
7095
7095
7249
7249
7249
7403
7403
7403
7403
7557
7557
7557
6632
6786
6940
6940
7095
7095
7249
7249
7249
7403
7403
7403
7403
7557
7557
7557
7557
6786
6786
6940
7095
7095
7095
7249
7249
7403
7403
7403
7403
7403
7557
7557
7557
7557
6786
6786
6940
6940
7095
7095
7249
7249
7249
7403
7403
7403
7403
7557
7557
7557
7557
6632
6786
6940
6940
7095
7095
7249
7249
7249
7403
7403
7403
7403
7557
7557
7557
7557
7557
6632
6786
6940
6940
7095
7095
7249
7249
7249
7403
7403
7403
7403
7557
7557
7557
7557
7557
6786
6786
6940
7095
7095
7249
7249
7249
7403
7403
7403
7403
7403
7557
7557
7557
7557
7557
6786
6940
6940
7095
7095
7249
7249
7249
7403
7403
7403
7403
7557
7557
7557
7554
7554
7554
7554
6786
6786
6940
7095
7095
7095
7249
7249
7403
7403
7403
7403
7403
7557
7557
7557
7557
7557
7557
6632
6786
6940
6940
7095
7095
7249
7249
7249
7403
7403
7403
7403
7557
7557
7557
7557
7557
7557
6786
6940
6940
7095
7095
7249
7249
7249
7403
7403
7403
7403
7557
7557
7557
7557
7557
7557
7557
6786
6786
6940
7095
7095
7095
7249
7249
7249
7403
7403
7403
7403
7557
7557
7557
7557
7557
7557
7557
6786
6786
6940
7095
7095
7249
7249
7249
7403
7403
7403
7403
7403
7557
7557
7557
7557
7557
7557
7557
6786
6786
6940
7095
7095
7249
7249
7249
7403
7403
7403
7403
7403
7557
7557
7554
7554
7554
7554
7554
