7532
7840
8147
8455
8605
7689
7997
8304
8608
8762
7846
8150
8458
8612
8916
8000
8308
8458
8766
8919
8000
8308
8458
8766
8919
8000
8308
8612
8766
8919
8154
8304
8612
8766
9069
9223
8154
8458
8612
8919
8916
8608
8451
8144
5378
5531
5685
5836
5990
6141
6294
6292
6445
6443
5527
5834
5985
6138
6138
6289
6443
6443
6596
6593
6747
6747
4297
4757
5218
5678
5831
5982
6136
6289
6289
6443
5064
5371
5678
5831
5982
5982
6136
6289
6443
6440
6593
6593
4143
4450
5064
5524
5985
6138
6138
6289
6443
6443
4759
5373
5524
5831
5985
5982
6136
6289
6443
6443
6593
6593
5680
5831
5985
6138
6289
6289
6443
6443
6593
6593
6747
6747
6747
4297
4604
4909
5371
5985
6138
6289
6289
6443
6443
6596
4759
5066
5371
5524
5676
5829
5982
6136
6289
6287
6440
6440
6593
3377
3531
3840
4608
5222
5529
5680
5834
5987
6138
4145
4452
5066
5373
5524
5678
5831
5985
6136
6289
6289
6443
5066
5371
5524
5831
5982
5982
6136
6289
6440
6440
6593
6593
6593
6747
7092
7246
7400
7554
7708
7862
7862
8013
8013
7246
7400
7554
7554
7708
7862
7862
8017
8017
7249
7400
7554
7554
7708
7862
7862
8017
8017
7249
7243
7394
7388
7538
7535
7686
7683
7680
7676
7827
6297
6451
6602
6752
6906
7056
7210
7363
7360
7513
7513
5831
6141
6451
6761
6917
7071
7228
7385
7538
7696
460
614
1074
1841
2609
3221
3833
4293
4751
5211
5515
5822
4142
4448
4907
5211
5518
5822
6128
6281
6588
6738
6891
4295
4448
4907
5211
5671
5977
6128
6435
6588
6741
6894
7044
4293
4753
5060
5518
5824
5977
6281
6435
6741
6891
7044
7044
3988
4297
4602
5062
5367
5671
5977
6284
6435
6588
6741
6891
6287
6440
6591
6744
6894
7047
7201
7351
7351
7504
7504
7657
4446
4602
4909
5367
5673
5977
6131
6437
6588
6741
6894
7047
7198
6287
6440
6591
6744
6894
7047
7201
7198
7351
7504
7504
7504
7657
4445
4600
5062
5367
5673
5977
6284
6437
6588
6894
6894
7044
7198
5982
6287
6437
6744
6897
7047
7047
7201
7351
7351
7504
7504
7657
3986
3990
4448
4909
5213
5673
5977
6131
6435
6588
6741
6894
7044
7198
6136
6287
6593
6744
6897
7047
7201
7201
7351
7504
7504
7504
7657
7657
3833
3990
4452
4915
5378
5687
5995
6305
6615
6769
7080
7234
7391
6624
6778
7086
7240
7394
7551
7705
7705
7859
7859
8013
8013
8167
6179
6334
6334
6488
6488
6488
6643
6643
6643
6643
6797
6797
6797
6797
6797
6797
6797
6797
6952
6952
6952
6952
6952
6952
6952
6952
6952
6952
6952
6952
6952
6952
6952
6952
6179
6334
6334
6488
6488
6488
6643
6643
6643
6643
6797
6797
6797
6797
6797
6797
6797
6797
6797
6952
6952
6952
6952
6952
6952
6952
6952
6952
6952
6952
6952
6952
6952
6952
6179
6334
6334
6488
6488
6488
6643
6643
6643
6643
6797
6797
6797
6797
6797
6797
6797
6797
6797
6952
6952
6952
6952
6952
6952
6952
6952
6952
6952
6952
6952
6952
6952
6952
6952
6179
6334
6334
6488
6488
6488
6643
6643
6643
6643
6797
6797
6797
6797
6797
6797
6797
6797
6952
6952
6952
6952
6952
6952
6952
6952
6952
6952
6952
6952
6952
6952
6952
6952
6952
6952
6179
6334
6334
6488
6488
6488
6643
6643
6643
6643
6797
6797
6797
6797
6797
6797
6797
6797
6952
6952
6952
6952
6952
6952
6952
6952
6952
6952
6952
6952
6952
6952
6952
6952
6952
6952
6952
6179
6334
6334
6488
6488
6488
6643
6643
6643
6643
6797
6797
6797
6797
6797
6797
6797
6797
6952
6952
6952
6952
6952
6952
6952
6952
6952
6952
6952
6952
6952
6952
6952
6952
6952
6952
6952
6179
6334
6334
6488
6488
6488
6643
6643
6643
6643
6797
6797
6797
6797
6797
6797
6797
6797
6952
6952
6952
6952
6952
6952
6952
6952
6952
6952
6952
6952
6952
6952
6952
6952
6952
6952
6952
6952
6179
6334
6334
6488
6488
6488
6643
6643
6643
6643
6797
6797
6797
6797
6797
6797
6797
6797
6952
6952
6952
6952
6952
6952
6952
6952
6952
6952
6952
6952
6952
6952
6952
6952
6952
6952
6952
6952
6952
6179
6334
6334
6488
6488
6488
6643
6643
6643
6643
6797
6797
6797
6797
6797
6797
6797
6797
6952
6952
6952
6952
6952
6952
6952
6952
6952
6952
6952
6952
6952
6952
6952
6952
6952
6952
6952
6952
6952
6179
6334
6334
6488
6488
6488
6643
6643
6643
6643
6797
6797
6797
6797
6797
6797
6797
6797
6797
6952
6952
6952
6952
6952
6952
6952
6952
6952
6952
6952
6952
6952
6952
6952
6952
6952
6952
6952
6952
6952
6179
6334
6334
6488
6488
6488
6643
6643
6643
6643
6797
6797
6797
6797
6797
6797
6797
6797
6952
6952
6952
6952
6952
6952
6952
6952
6952
6952
6952
6952
6952
6952
6952
6952
6952
6952
6952
6952
6952
6952
6952
6179
6334
6334
6488
6488
6643
6643
6643
6643
6643
6797
6797
6797
6797
6797
6797
6797
6797
6952
6952
6952
6952
6952
6952
6952
6952
6952
6952
6952
6952
6952
6952
6952
6952
6952
6952
6952
6952
6952
6952
6952
6952
6179
6334
6334
6488
6488
6488
6643
6643
6643
6643
6797
6797
6797
6797
6797
6797
6797
6797
6949
6949
6952
6952
6952
6952
6952
6952
6952
6952
6952
6952
6952
6952
6952
6952
6952
6952
6952
6952
6952
6952
6952
6952
6179
6334
6334
6488
6488
6488
6643
6643
6643
6643
6797
6797
6797
6797
6797
6797
6797
6797
6952
6952
6952
6952
6952
6952
6952
6952
6952
6952
6952
6952
6952
6952
6952
6952
6952
6952
6952
6952
6952
6952
6952
6952
6952
6179
6334
6334
6488
6488
6488
6643
6643
6643
6643
6797
6797
6797
6797
6797
6797
6797
6797
6797
6952
6952
6952
6952
6952
6952
6952
6952
6952
6952
6952
6952
6952
6952
6952
6952
6952
6952
6952
6952
6952
6952
6952
6952
6952
6179
6334
6334
6488
6488
6643
6643
6643
6643
6643
6797
6797
6797
6797
6797
6797
6797
6797
6952
6952
6952
6952
6952
6952
6952
6952
6952
6952
6952
6952
6952
6952
6952
6952
6952
6952
6952
6952
6952
6952
6952
6952
6952
6952
6952
6179
6334
6334
6488
6488
6488
6643
6643
6643
6643
6797
6797
6797
6797
6797
6797
6797
6797
6952
6952
6952
6952
6952
6952
6952
6952
6952
6952
6952
6952
6952
6952
6952
6952
6952
6952
6952
6952
6952
6952
6952
6952
6952
6952
6952
6179
6334
6334
6488
6488
6488
6643
6643
6643
6643
6797
6797
6797
6797
6797
6797
6797
6797
6952
6952
6952
6949
6949
6949
6952
6952
6949
6949
6952
6952
6952
6952
6952
6952
6952
6952
6952
6952
6952
6952
6952
6952
6952
6952
6952
6952
6179
6334
6334
6488
6488
6643
6643
6643
6643
6643
6797
6797
6797
6797
6797
6797
6797
6797
6797
6952
6952
6952
6952
6952
6952
6952
6952
6952
6952
6952
6952
6952
6952
6952
6952
6952
6952
6952
6952
6952
6952
6952
6952
6952
6952
6952
6952
6179
6334
6334
6488
6488
6643
6643
6643
6643
6643
6797
6797
6797
6797
6797
6797
6797
6797
6952
6952
6952
6952
6952
6952
6952
6952
6952
6952
6952
6952
6952
6952
6952
6952
6952
6952
6952
6952
6952
6952
6952
6952
6952
6952
6952
6952
6952
