7375
7683
7990
8297
8605
7689
7993
8301
8608
8762
7997
8304
8455
8762
8916
8154
8304
8612
8766
9069
8154
8458
8612
8919
9073
8308
8458
8766
8919
9073
8308
8458
8766
8919
9069
9223
8308
8612
8766
8919
9223
9377
8304
8612
8766
8916
9223
9377
8308
8612
8766
9073
9223
9377
8308
8612
8766
9073
9227
9377
8462
8612
8919
9073
9227
9377
8462
8612
8919
9073
9227
9377
8462
8612
8919
9073
9223
9377
8462
8612
8919
9073
9223
9377
8462
8766
8919
9073
9223
9377
8462
8766
8919
9073
9223
9377
9531
8462
8766
8919
9073
9223
9377
9531
8615
8766
8919
9073
9223
9377
9531
8615
8766
8919
9073
9223
9377
9531
