461
615
922
1536
2304
2918
3531
4143
4604
4909
5369
3070
3225
3686
4299
4757
5064
5369
5676
5982
6287
6440
5218
5524
5676
5982
6136
6440
6593
6747
6897
7050
7204
5982
6289
6440
6593
6747
6900
7050
7204
7357
7357
7510
6136
6289
6443
6747
6900
7053
7050
7204
7357
7357
7510
6136
6448
6604
6914
7071
7225
7382
7538
7692
7696
6929
7083
7240
7394
7548
7702
7702
7856
8010
8010
7092
7246
7400
7554
7705
7859
7859
8013
8013
8013
7246
7400
7554
7708
7708
7862
7862
8013
8013
8167
8167
7246
7400
7554
7708
7708
7862
7862
8017
8017
8171
8171
7249
7400
7554
7708
7708
7862
7862
8017
8017
8171
8171
7249
7403
7554
7708
7708
7862
8017
8017
8017
8171
8171
7249
7403
7554
7708
7708
7862
8017
8017
8017
8171
8171
7249
7403
7554
7708
7708
7862
7862
8017
8017
8171
8171
7249
7403
7554
7708
7708
7862
8017
8017
8017
8171
8171
8171
7249
7403
7554
7708
7708
7862
8017
8017
8017
8171
8171
8171
7249
7403
7554
7708
7862
7862
8017
8017
8017
8171
8171
8171
7403
7403
7554
7708
7862
7862
8017
8017
8017
8171
8171
8167
7400
7400
7554
7708
7862
7862
8017
8017
8017
8167
8167
8167
7400
7554
7554
7708
7862
7862
8017
8017
8017
8171
8171
8171
8325
