462
616
1078
1847
2462
3077
3537
3996
4456
3689
3996
4458
4917
5222
5376
5680
5834
4609
4915
5220
5373
5678
5831
6138
6289
6443
5683
5987
6141
6292
6445
6599
6596
6749
6903
5220
5527
5678
5985
6138
6289
6596
7056
5222
5527
5680
5831
6138
6289
6443
6596
6596
6747
4913
5220
5834
6294
6755
7219
461
615
615
770
1077
1693
2307
2922
3382
3841
4147
4454
4759
3993
4300
4759
4913
5218
5371
5678
5829
5982
6136
6136
4913
5529
6144
6604
7065
7529
6766
7228
7535
7997
8304
8458
7692
8000
8308
8462
8769
8919
8003
8311
8615
8769
8923
9077
8157
8465
8619
8923
9077
9231
8311
8465
8773
8923
9077
9231
8311
8619
8773
8923
9077
9231
8311
8619
8769
8923
9231
9385
9381
8311
8619
8769
9077
9231
9385
9535
8465
8619
8923
9077
9231
9385
9539
8465
8619
8927
9077
9231
9385
9539
7092
7246
7400
7554
7708
7708
7859
8013
8013
7092
7246
7400
7554
7708
7708
7862
8017
8017
7095
7249
7400
7554
7708
7862
7862
8017
8017
7249
7403
7400
7554
7708
7862
7862
8017
8017
8017
7249
7403
7403
7554
7708
7862
7862
8017
8017
8017
7249
7403
7557
7554
7708
7862
7862
8017
8017
8171
7249
7403
7554
7554
7708
7862
7862
8017
8017
8171
7249
7403
7554
7554
7708
7862
7862
8017
8017
8171
7249
7400
7554
7708
7708
7862
7862
8017
8017
8171
8167
7246
7400
7554
7708
7708
7862
7862
8017
8017
8167
8167
7246
7400
7554
7708
7708
7862
7862
8017
8017
8171
8171
7249
7403
7554
7708
7708
7862
7862
8017
8017
8171
8171
7249
7403
7554
7708
7708
7862
7862
8017
8017
8171
8171
7249
7403
7554
7708
7708
7862
8017
8017
8017
8171
8171
7249
7403
7554
7708
7708
7862
8017
8017
8017
8171
8171
8171
7249
7403
7554
7708
7862
7862
8017
8017
8017
8171
8171
8171
7249
7403
7554
7708
7862
7862
8017
8017
8017
8171
8171
8171
7249
7403
7554
7708
7862
7862
8017
8017
8017
8171
8171
8171
7400
7400
7554
7708
7862
7862
8017
8017
8017
8167
8167
8167
7400
7400
7554
7708
7862
7862
8017
8017
8017
8171
8171
8171
8325
