7378
7686
7993
8144
8451
7382
7686
7993
8301
8451
7689
7840
8147
8301
8605
7689
7843
8147
8301
8608
7689
7997
8147
8301
8608
7689
7997
8147
8455
8608
7689
7997
8147
8455
8608
7843
7997
8301
8455
8608
7689
7997
8301
8455
8608
7689
7997
8150
8301
8608
8762
7689
7997
8150
8301
8608
8762
7689
7997
8150
8455
8608
8762
7843
7997
8301
8455
8608
8762
7843
7997
8301
8455
8608
8762
7843
8150
8301
8455
8608
8762
7843
8150
8301
8455
8608
8758
7997
8150
8301
8608
8762
8912
7843
8150
8301
8455
8608
8762
7997
8147
8301
8608
8758
8912
7997
8147
8455
8608
8758
8912
6632
6786
6786
6940
7095
7095
7249
7249
7249
7403
7403
7403
7403
7403
7557
6635
6789
6786
6940
7095
7095
7249
7249
7249
7403
7403
7403
7403
7403
7557
6635
6786
6940
6940
7095
7095
7249
7249
7249
7403
7403
7403
7403
7403
7557
6786
6786
6940
6940
7095
7095
7249
7249
7249
7403
7403
7403
7403
7557
7557
6632
6786
6940
6940
7095
7095
7249
7249
7249
7403
7403
7403
7403
7557
7557
7557
6632
6786
6940
6940
7095
7095
7249
7249
7249
7403
7403
7403
7403
7557
7557
7557
6632
6786
6940
6940
7095
7095
7249
7249
7249
7403
7403
7403
7403
7403
7557
7557
6635
6789
6786
6940
7095
7095
7095
7249
7249
7403
7403
7403
7403
7403
7557
7557
7557
6635
6786
6940
6940
7095
7095
7249
7249
7249
7403
7403
7403
7403
7557
7557
7557
7557
6635
6786
6940
6940
7095
7095
7249
7249
7249
7403
7403
7403
7403
7557
7557
7557
7554
6632
6786
6940
6940
7095
7095
7249
7249
7249
7403
7403
7403
7403
7403
7554
7554
7557
7557
6632
6786
6940
6940
7095
7095
7249
7249
7249
7403
7403
7403
7403
7557
7557
7557
7557
7557
6786
6940
6940
7095
7095
7249
7249
7249
7403
7403
7403
7403
7403
7557
7557
7557
7557
7557
6786
6786
6940
7095
7095
7249
7249
7249
7403
7403
7403
7403
7403
7557
7557
7557
7557
7557
7557
6786
6940
6940
7095
7095
7249
7249
7249
7403
7403
7403
7403
7403
7557
7557
7557
7557
7554
7554
6786
6786
6940
7095
7095
7249
7249
7249
7403
7403
7403
7403
7403
7554
7554
7554
7554
7554
7554
6632
6786
6940
6940
7095
7095
7249
7249
7249
7403
7403
7403
7403
7557
7557
7557
7557
7557
7557
6786
6786
6940
6940
7095
7095
7249
7249
7249
7403
7403
7403
7403
7557
7557
7557
7557
7557
7557
7557
6789
6786
6940
7095
7095
7095
7249
7249
7403
7403
7403
7403
7403
7557
7557
7557
7557
7557
7557
7557
6789
6786
6940
7095
7095
7249
7249
7249
7403
7403
7403
7403
7403
7557
7557
7557
7557
7557
7557
7557
6177
6331
6331
6486
6486
6486
6637
6640
6640
6640
6795
6795
6795
6795
6795
6792
6792
6795
6792
6946
6949
6949
6946
6949
6949
6949
6949
6949
6946
6946
6949
6949
6949
6949
6177
6177
6331
6331
6486
6486
6486
6640
6640
6640
6640
6795
6795
6795
6795
6795
6795
6792
6792
6946
6946
6946
6946
6946
6946
6946
6946
6946
6946
6946
6946
6946
6946
6946
6174
6329
6329
6483
6483
6483
6637
6637
6637
6637
6792
6792
6792
6792
6792
6792
6792
6792
6792
6946
6946
6946
6946
6946
6946
6946
6946
6946
6946
6946
6946
6946
6946
6946
6946
6177
6177
6331
6331
6486
6486
6640
6640
6640
6640
6640
6795
6795
6795
6795
6795
6795
6795
6795
6795
6949
6949
6949
6949
6949
6949
6949
6949
6949
6949
6949
6949
6949
6949
6949
6949
6177
6177
6331
6331
6486
6486
6640
6640
6640
6640
6795
6795
6795
6795
6795
6795
6795
6795
6795
6949
6949
6949
6949
6949
6946
6946
6946
6946
6946
6946
6946
6946
6946
6946
6946
6946
6946
6174
6329
6329
6483
6483
6483
6637
6637
6637
6637
6792
6792
6792
6792
6792
6792
6792
6792
6792
6946
6946
6946
6946
6943
6937
6932
6929
6923
6920
6917
6914
6912
6912
6909
6906
6906
6903
5218
5373
5524
5678
5829
5982
6133
6287
6287
6440
6440
6591
6591
6591
6591
6744
6744
6744
6741
6744
6897
6894
6894
6894
6894
6894
6894
6894
6894
6894
6894
6894
6894
6894
6894
6894
6894
6894
5980
5980
6133
6284
6284
6437
6437
6591
6588
6588
6741
6741
6741
6741
6741
6741
6894
6894
6894
6894
6894
6894
6894
6894
6894
6894
6894
6894
6894
6894
6894
6894
6891
6891
6894
6894
6894
7047
4753
5060
5367
5520
5671
5824
5977
6131
6131
6284
6437
6437
6435
6588
6588
6588
6741
6741
6741
6741
6741
6894
6894
6894
6894
6894
6894
6894
6894
6894
6894
6894
6894
6894
6894
6894
6894
6894
6894
6292
6294
6453
6459
6615
6618
6621
6624
6780
6783
6783
6786
6786
6789
6789
6789
6946
6946
6946
6946
6949
6949
6949
6949
6949
6949
6949
6949
6949
6949
6949
6952
6952
6952
6952
6952
6952
6952
6952
6952
6179
6334
6334
6488
6488
6643
6643
6643
6643
6797
6797
6797
6797
6797
6797
6797
6797
6952
6952
6952
6952
6952
6952
6952
6952
6952
6952
6952
6952
6952
6952
6952
6952
6952
6949
6952
6949
6952
6952
6952
6952
6179
6334
6334
6488
6488
6643
6643
6643
6643
6797
6797
6797
6797
6797
6797
6797
6797
6952
6952
6949
6952
6952
6952
6952
6952
6952
6952
6949
6949
6949
6952
6952
6952
6952
6952
6952
6952
6949
6952
6952
6949
6949
6179
6334
6334
6488
6488
6643
6643
6643
6643
6643
6797
6797
6797
6797
6797
6797
6797
6797
6952
6952
6952
6952
6952
6952
6952
6952
6952
6952
6952
6952
6952
6952
6952
6952
6952
6952
6952
6952
6952
6952
6952
6952
6179
6334
6334
6488
6488
6488
6643
6643
6643
6643
6797
6797
6797
6797
6797
6797
6797
6797
6952
6952
6952
6952
6952
6952
6952
6952
6952
6952
6952
6952
6952
6952
6952
6952
6952
6952
6952
6952
6952
6952
6952
6952
6952
6179
6334
6334
6488
6488
6488
6643
6643
6643
6643
6797
6797
6797
6797
6797
6797
6797
6797
6952
6952
6952
6952
6952
6952
6952
6952
6952
6952
6952
6952
6952
6952
6952
6952
6952
6952
6952
6952
6952
6952
6952
6952
6952
6952
6179
6334
6334
6488
6488
6488
6643
6643
6643
6643
6797
6797
6797
6797
6797
6797
6797
6797
6952
6952
6952
6952
6952
6952
6952
6952
6952
6952
6952
6952
6952
6952
6952
6952
6952
6952
6952
6952
6949
6952
6952
6952
6952
6952
6952
6179
6334
6334
6488
6488
6488
6643
6643
6643
6643
6797
6797
6797
6797
6797
6797
6797
6797
6952
6952
6952
6952
6952
6952
6952
6952
6952
6952
6952
6952
6952
6952
6952
6952
6952
6952
6952
6952
6952
6952
6952
6952
6952
6952
6952
6179
6334
6334
6488
6488
6488
6643
6643
6643
6643
6797
6797
6797
6797
6797
6797
6797
6797
6952
6952
6952
6952
6952
6952
6952
6952
6952
6952
6952
6952
6952
6952
6952
6952
6952
6952
6952
6952
6952
6952
6952
6952
6952
6952
6952
6952
6179
6334
6334
6488
6488
6486
6640
6640
6640
6640
6795
6795
6795
6795
6795
6795
6795
6795
6949
6949
6949
6949
6949
6949
6949
6949
6949
6949
6949
6949
6949
6949
6952
6952
6952
6952
6952
6952
6952
6952
6952
6952
6952
6952
6952
6952
6952
6179
6334
6334
6488
6488
6488
6643
6643
6643
6643
6797
6797
6797
6797
6797
6797
6797
6797
6797
6952
6952
6952
6952
6952
6952
6952
6952
6952
6952
6952
6952
6952
6952
6952
6952
6952
6952
6952
6952
6952
6952
6952
6952
6952
6952
6952
6952
7095
7249
7403
7554
7708
7708
7862
7862
8017
7095
7249
7403
7554
7708
7708
7862
7862
8017
7095
7249
7403
7554
7708
7708
7862
8017
8017
7095
7249
7403
7554
7708
7862
7862
8017
8017
8017
7249
7403
7403
7554
7708
7862
7862
8017
8017
8017
7249
7400
7400
7554
7708
7862
7862
8017
8017
8017
7249
7400
7554
7554
7708
7862
7862
8017
8017
8017
7249
7403
7554
7554
7708
7862
7862
8017
8017
8017
7249
7403
7557
7554
7708
7862
7862
8017
8017
8017
8171
7249
7403
7557
7554
7708
7862
7862
8017
8017
8171
8171
7249
7403
7557
7554
7708
7862
7862
8017
8017
8171
8171
7249
7403
7554
7708
7708
7862
7862
8017
8017
8171
8171
7249
7403
7557
7708
7708
7862
7862
8017
8017
8171
8171
7249
7403
7554
7708
7708
7862
7862
8017
8017
8171
8171
7249
7403
7554
7708
7708
7862
8017
8017
8017
8171
8171
8171
7246
7400
7554
7708
7708
7862
8017
8017
8017
8167
8167
8167
7246
7400
7554
7708
7862
7862
8017
8017
8017
8171
8171
8171
7249
7403
7554
7708
7862
7862
8017
8017
8017
8171
8171
8171
7403
7403
7554
7708
7862
7862
8017
8017
8017
8171
8171
8171
7403
7403
7554
7708
7862
7862
8017
8017
8017
8171
8171
8171
8325
