7686
7993
8297
8605
8758
7997
8301
8455
8762
8916
8150
8304
8612
8766
9069
8154
8458
8612
8919
9073
8154
8458
8766
8919
9073
8308
8462
8766
8919
9073
8308
8462
8766
8919
9073
9223
8308
8615
8766
8919
9073
9223
8308
8615
8766
8919
9227
9377
8308
8615
8766
9073
9227
9377
8308
8615
8766
9073
9227
9377
8462
8612
8919
9073
9227
9377
8462
8612
8919
9073
9223
9377
8462
8612
8919
9073
9223
9377
8458
8766
8919
9069
9223
9377
8458
8766
8919
9073
9223
9377
8462
8766
8919
9073
9223
9377
9531
8615
8766
8919
9073
9227
9377
9531
8615
8766
8919
9227
9377
9377
9531
8615
8766
8919
9227
9381
9377
9531
7689
7993
8147
8455
8605
7689
7993
8147
8455
8605
7689
7993
8301
8455
8605
7843
7993
8301
8455
8605
7843
8147
8301
8455
8605
7843
8147
8301
8455
8762
7843
8150
8301
8608
8762
7843
8147
8301
8608
8762
7997
8147
8301
8608
8762
7843
8150
8301
8608
8762
8758
7843
8150
8301
8455
8762
8912
7997
8150
8455
8608
8762
8912
7997
8147
8455
8608
8758
8912
7997
8301
8455
8608
8762
8912
7997
8301
8455
8608
8758
8912
7997
8301
8455
8608
8758
8912
7997
8301
8455
8608
8758
8912
8150
8301
8455
8608
8758
8912
8150
8301
8455
8608
8758
8912
8150
8301
8455
8608
8758
8912
7243
7397
7551
7548
7702
7856
7856
8010
8010
7243
7397
7551
7702
7702
7856
7856
8010
8010
7243
7397
7548
7702
7702
7856
7856
8010
8010
7243
7397
7548
7702
7702
7856
8010
8010
8010
8164
7243
7397
7551
7705
7705
7859
8010
8010
8010
8164
7243
7397
7551
7705
7859
7859
8013
8010
8010
8164
7243
7397
7551
7705
7859
7859
8013
8010
8010
8164
7397
7397
7551
7705
7859
7859
8013
8010
8164
8164
7397
7397
7551
7705
7859
7859
8013
8010
8164
8164
8164
7397
7551
7551
7705
7859
7856
8010
8010
8164
8164
8164
7397
7551
7551
7702
7856
7856
8007
7849
7846
7843
7840
7683
5687
5992
6297
6451
6602
6752
6906
7056
7210
7363
7360
7513
5218
5524
5831
6138
6445
6599
6749
6903
7056
7207
7207
7360
7360
6292
6443
6749
6903
6900
7053
7207
7360
7357
7510
7510
7664
7664
4909
5218
5524
5831
6138
6289
6443
6749
6900
7053
7053
7207
7360
6292
6602
6758
7068
7225
7382
7535
7538
7692
7849
7849
8007
7086
7240
7394
7548
7702
7702
7856
8013
8013
8013
8167
8167
7246
7400
7554
7708
7708
7862
8017
8017
8017
8171
8171
8171
7403
7400
7554
7708
7862
7862
8017
8017
8171
8171
8171
8171
7403
7400
7554
7708
7862
7862
8017
8017
8171
8171
8167
8167
8322
