462
770
1232
1847
2616
3230
3691
4150
4456
3535
3843
3996
4152
4459
4765
5224
3996
4302
4609
5068
5220
5527
5831
5985
6138
5220
5834
6141
6292
6445
6599
6596
6749
6749
5220
5527
5831
5985
6138
6289
6443
6596
6294
6602
6599
6752
6906
6903
7056
7056
7053
5373
5524
5831
5985
6136
6443
6903
7056
7056
5220
5373
5680
5831
5985
6289
6289
6443
6596
6749
5220
5680
5987
6138
6292
6445
6596
6596
6749
6903
5373
5524
5831
5985
6136
6289
6443
6749
7210
5376
5680
5985
6138
6445
6596
6749
6903
6900
4608
4913
5066
5373
5987
6448
6909
462
615
923
1539
2153
2768
3228
3687
4148
4609
4915
5222
3532
3687
4300
4608
4915
5220
5373
5680
5834
5985
6138
4761
5068
5220
5527
5680
5831
5985
6138
6292
6292
6445
6443
6596
3838
3991
4299
4759
5220
5834
5987
6141
6294
6292
6445
4300
4761
5068
5376
5527
5680
5834
5985
6138
6292
6292
6445
6445
462
616
923
1539
2153
2768
3228
3687
4147
4454
4913
5066
5371
5524
3684
4145
4759
5066
5218
5524
5678
5829
5982
6136
6289
6287
5373
5680
5831
5985
5982
6136
6289
6443
6440
6593
6593
6747
6747
6900
4318
4471
4625
4625
4779
4933
4318
4471
4625
4625
4779
4933
4318
4472
4625
4779
4779
4933
4318
4471
4625
4779
4779
4933
4471
4471
4625
4779
4779
4931
4471
4471
4625
4779
4779
4933
4471
4625
4625
4779
4779
4933
4472
4625
4625
4779
4779
4933
4472
4625
4625
4779
4779
4933
4933
4472
4625
4625
4779
4779
4933
4933
4472
4627
4625
4779
4779
4933
4933
4472
4625
4625
4779
4779
4933
4933
4472
4625
4625
4779
4933
4933
4933
4472
4625
4625
4779
4933
4933
4933
4472
4625
4625
4779
4933
4933
4933
4472
4625
4625
4779
4933
4933
5087
4471
4625
4779
4779
4933
4931
5085
4471
4625
4779
4779
4931
4931
5085
5085
4471
4625
4779
4779
4931
4931
5085
5085
4471
4625
4779
4931
5545
6007
6467
