6172
6172
6326
6326
6480
6480
6635
6635
6637
6637
6792
6792
6792
6792
6792
6792
6792
6792
6943
6937
6932
6929
6926
6923
6920
6920
6917
6914
6914
6912
6909
6909
6909
6906
4454
4761
4915
5226
5378
5531
5836
5836
5987
6141
6294
6292
6445
6445
6599
6596
6596
6749
6749
6749
6749
6749
6749
6903
6903
6903
6903
6903
6900
6900
6900
6900
6903
6900
6292
6292
6445
6445
6596
6596
6596
6749
6749
6749
6749
6749
6903
6900
6900
6900
6900
6900
6900
6900
6900
6900
6900
6900
6900
6900
6900
6900
6900
6900
6900
6900
6900
6900
4606
4911
5064
5373
5529
5683
5834
5987
6138
6138
6292
6443
6443
6443
6596
6596
6596
6749
6749
6747
6747
6747
6900
6900
6900
6900
6900
6900
6900
6900
6900
6900
6900
6900
6900
4606
4913
5068
5376
5527
5680
5831
5985
6138
6292
6292
6445
6445
6445
6596
6596
6596
6749
6749
6749
6749
6749
6903
6903
6903
6900
6900
6900
6900
6900
6900
6903
6903
6900
6900
6900
4452
4761
5073
5228
5538
5695
5851
6007
6010
6167
6321
6323
6478
6480
6480
6635
6637
6637
6637
6792
6792
6795
6795
6795
6795
6795
6949
6949
6949
6949
6949
6949
6949
6949
6949
6949
6949
1228
1995
2610
3070
3529
3990
4297
4602
4909
5215
5369
5522
5676
5829
5982
6133
6287
6287
6440
6440
6593
6593
6593
6747
6747
6747
6747
6747
6747
6897
6897
6897
6897
6897
6894
6894
6894
5367
5520
5673
5827
5977
6131
6284
6284
6437
6437
6588
6588
6588
6741
6741
6741
6741
6741
6894
6894
6894
6894
6894
6894
6894
6894
6894
6894
6894
6894
6894
6894
6894
6894
7047
7047
7047
7047
4602
4911
5062
5369
5520
5673
5827
5980
6133
6284
6284
6437
6437
6591
6591
6588
6744
6741
6741
6741
6741
6894
6894
6894
6894
6894
6894
6894
6894
6894
6894
6894
6900
6906
6912
6914
6920
6923
6926
1381
1994
2607
3220
3680
3985
4291
4596
4902
5209
5362
5668
5819
5972
5972
6126
6279
6279
6432
6432
6585
6585
6582
6735
6738
6735
6735
6735
6888
6888
6891
6891
6891
6891
6888
6888
6888
6888
6888
4753
5058
5211
5362
5668
5822
5972
6128
6126
6279
6279
6432
6432
6585
6585
6585
6738
6738
6738
6738
6738
6891
6891
6891
6891
6891
6891
6888
6891
6891
6888
6888
6888
6891
6891
7044
7044
7044
7042
7042
5060
5364
5518
5671
5822
5975
6128
6279
6279
6432
6432
6585
6585
6585
6738
6738
6738
6735
6735
6888
6888
6888
6888
6891
6900
6906
6912
6914
6920
6923
6926
6929
6932
6935
6937
6937
6940
6940
6940
6943
6943
6329
6483
6483
6483
6640
6640
6640
6640
6795
6795
6795
6795
6795
6795
6795
6949
6949
6949
6949
6949
6949
6949
6949
6949
6949
6949
6949
6949
6949
6949
6949
6949
6949
6949
6949
6949
6949
6949
6949
6949
6949
6949
6334
6334
6488
6488
6643
6643
6643
6643
6797
6797
6797
6797
6797
6797
6797
6952
6952
6952
6952
6952
6952
6952
6952
6952
6952
6952
6952
6952
6952
6952
6952
6952
6952
6952
6952
6952
6952
6952
6952
6952
6952
6952
6952
6334
6334
6488
6488
6643
6643
6643
6643
6797
6797
6797
6797
6797
6797
6797
6797
6952
6952
6952
6952
6952
6952
6952
6952
6952
6952
6952
6952
6952
6952
6952
6952
6952
6952
6952
6952
6949
6949
6949
6949
6949
6949
6949
6949
6331
6331
6486
6486
6640
6640
6640
6640
6795
6795
6795
6795
6795
6795
6795
6795
6949
6949
6949
6949
6949
6949
6949
6949
6949
6949
6949
6949
6949
6949
6949
6949
6949
6949
6949
6949
6949
6949
6949
6949
6949
6949
6949
6949
6331
6331
6486
6486
6640
6643
6643
6643
6797
6797
6797
6797
6797
6797
6797
6797
6952
6952
6952
6952
6952
6952
6952
6952
6952
6952
6952
6952
6952
6952
6952
6952
6952
6952
6952
6952
6952
6952
6952
6952
6952
6952
6952
6952
6952
6334
6334
6488
6488
6488
6643
6643
6643
6643
6797
6797
6797
6797
6797
6797
6797
6952
6952
6952
6952
6952
6952
6952
6952
6952
6952
6952
6952
6952
6952
6952
6952
6952
6952
6949
6949
6949
6949
6949
6949
6949
6949
6949
6949
6949
6949
6334
6331
6486
6486
6486
6640
6640
6640
6795
6795
6797
6797
6797
6797
6797
6797
6952
6952
6952
6952
6952
6952
6952
6952
6952
6952
6952
6952
6952
6952
6952
6952
6952
6952
6952
6952
6952
6952
6952
6952
6952
6952
6952
6952
6952
6952
6952
6334
6334
6488
6488
6643
6643
6643
6643
6797
6797
6797
6797
6797
6797
6797
6797
6952
6952
6952
6952
6952
6952
6952
6952
6952
6952
6952
6952
6952
6952
6952
6952
6952
6952
6952
6952
6952
6952
6952
6952
6952
6952
6952
6952
6952
6952
6952
7246
7400
7554
7708
7708
7862
7862
8017
8017
7246
7400
7554
7708
7708
7862
7862
8013
8013
7400
7400
7554
7708
7862
7859
8013
8013
8013
7246
7400
7554
7708
7708
7862
7862
8017
8017
8167
7246
7400
7554
7708
7862
7862
8017
8017
8017
7246
7400
7554
7708
7862
7862
8017
8017
8017
8171
7246
7400
7554
7708
7862
7862
8017
8017
8017
8171
7400
7554
7708
7708
7862
7862
8017
8017
8171
8171
7400
7400
7554
7708
7862
7862
8017
8017
8017
8171
7400
7554
7554
7708
7862
7862
8017
8017
8171
8171
8167
7400
7554
7708
7708
7862
7862
8017
8017
8167
8167
7400
7554
7554
7708
7862
7862
8013
8013
8167
8167
8167
7400
7554
7554
7708
7862
7859
8013
8013
8167
8167
8167
7400
7554
7708
7708
7859
7859
8013
8013
8167
8167
8167
7400
7554
7708
7862
7862
8017
8017
8017
8167
8167
8167
7400
7554
7708
7862
7862
8017
8013
8013
8164
8164
8164
7394
7551
7705
7705
7859
7859
8013
8013
8167
8167
8167
8322
7400
7551
7705
7705
7859
8013
8013
8013
8167
8167
8167
8322
7554
7554
7708
7862
7862
8017
8017
8171
8167
8167
8167
8322
7400
7554
7708
7708
7862
8017
8017
8017
8171
8171
8167
8322
8322
