462
616
924
1693
2308
2768
3382
3687
4148
3534
3841
4609
5068
5376
5527
5680
3841
3841
3993
4454
4759
5066
5218
5371
5676
4913
5527
5987
6451
6912
463
772
1081
2006
2931
3856
3701
3701
4316
4931
5545
6161
5548
6007
6467
6926
7234
6621
6775
7080
7388
7692
7080
7388
7692
8000
8154
7542
7696
8000
8154
8462
8612
7696
7846
8154
8308
8458
8612
7696
8000
8154
8458
8612
8766
7846
8000
8308
8458
8612
8766
7846
8154
8304
8458
8612
8766
7846
8154
8308
8458
8612
8766
7846
8154
8308
8458
8766
8766
7846
8154
8308
8612
8766
8919
8000
8154
8304
8612
8766
8919
8000
8154
8304
8612
8766
8919
8000
8154
8458
8612
8766
8916
7095
7249
7400
7554
7708
7862
7862
8017
8017
7246
7400
7400
7554
7708
7862
7862
8017
8017
7246
7400
7400
7554
7708
7862
7862
8017
8017
7249
7403
7554
7554
7708
7862
7862
8017
8017
8017
7249
7403
7557
7554
7708
7862
7862
8017
8017
8171
7249
7403
7557
7554
7708
7862
7862
8017
8017
8171
7249
7403
7557
7554
7708
7862
7862
8017
8017
8171
7249
7403
7557
7708
7708
7862
7862
8017
8017
8171
7249
7403
7554
7708
7708
7862
7862
8017
8017
8171
8171
7249
7403
7554
7708
7708
7862
7862
8017
8017
8171
8171
7249
7403
7557
7708
7708
7862
7862
8017
8017
8171
8171
7249
7403
7554
7708
7708
7862
7862
8017
8017
8171
8171
7246
7400
7554
7708
7708
7862
7862
8017
8017
8171
8171
7249
7400
7554
7708
7708
7862
8017
8017
8017
8171
8171
7249
7403
7554
7708
7708
7862
8017
8017
8017
8171
8171
8171
7249
7403
7554
7708
7862
7862
8017
8017
8017
8171
8171
8171
7403
7403
7554
7708
7862
7862
8017
8017
8017
8171
8171
8171
7403
7403
7554
7708
7862
7862
8017
8017
8017
8171
8171
8171
7403
7403
7554
7708
7862
7862
8017
8017
8017
8171
8171
8171
7403
7557
7554
7708
7862
7862
8017
8017
8171
8171
8171
8171
8325
8007
8315
8465
8773
8927
8007
8311
8619
8773
8927
8007
8315
8619
8773
8927
8161
8311
8619
8773
9081
8161
8311
8619
8773
9081
8161
8465
8619
8927
9077
8161
8465
8619
8927
9077
9231
8161
8465
8619
8927
9077
9231
8161
8465
8773
8927
9077
9231
8315
8465
8773
8923
9077
9231
8311
8465
8773
8923
9077
9231
8311
8465
8773
8923
9077
9231
8311
8619
8773
8923
9231
9385
8311
8619
8773
8923
9231
9385
8311
8619
8773
9077
9231
9385
8311
8619
8773
9081
9231
9385
8311
8619
8773
9081
9231
9385
9539
8465
8619
8927
9077
9231
9385
9539
8465
8619
8927
9077
9231
9385
9539
8465
8619
8927
9077
9231
9385
9539
