6169
6172
6326
6326
6480
6480
6635
6635
6635
6635
6789
6789
6789
6789
6789
6789
6792
6792
6946
6946
6946
6946
6946
6946
6946
6940
6935
6932
6926
6923
6920
6917
6914
4917
5070
5376
5527
5680
5831
5985
6138
6136
6289
6440
6440
6440
6593
6591
6591
6744
6744
6744
6744
6744
6897
6897
6894
6894
6894
6894
6894
6894
6894
6894
6894
6894
6894
4909
5215
5367
5673
5827
5980
5977
6131
6284
6284
6437
6437
6591
6591
6591
6744
6744
6741
6741
6741
6894
6894
6894
6894
6894
6894
6894
6894
6894
6894
6894
6894
6894
6894
4295
4602
4911
5064
5369
5522
5673
5827
5980
6133
6284
6284
6437
6437
6591
6588
6588
6741
6741
6741
6741
6741
6741
6894
6894
6894
6894
6894
6894
6894
6894
6894
6894
6894
6894
4602
4909
5213
5367
5520
5673
5824
5977
6131
6289
6294
6453
6456
6461
6618
6621
6624
6780
6780
6783
6783
6786
6786
6789
6943
6943
6946
6946
6946
6946
6946
6949
6949
6949
6949
6949
1230
1844
2458
3073
3532
3840
4299
4606
4911
5064
5371
5524
5678
5831
5982
6136
6136
6289
6443
6443
6443
6596
6596
6596
6749
6749
6749
6749
6749
6903
6903
6903
6900
6900
6900
6903
6903
4452
4759
4915
5224
5378
5531
5836
5836
5987
6141
6294
6292
6445
6445
6599
6599
6596
6749
6749
6749
6749
6749
6749
6903
6903
6903
6903
6903
6903
6903
6903
6903
6903
6903
6903
6903
6903
6900
5834
5985
6138
6292
6292
6445
6443
6596
6596
6596
6599
6752
6752
6752
6752
6749
6903
6903
6903
6903
6903
6906
6906
6906
6906
6903
6903
6903
6903
6903
6903
6903
6900
6900
6900
6900
6900
7053
5373
5527
5831
5985
5985
6136
6289
6289
6443
6443
6596
6596
6596
6749
6749
6749
6749
6749
6903
6903
6903
6903
6900
6900
6900
6900
6900
6900
6900
6900
6906
6912
6917
6920
6923
6926
6929
6932
6935
1381
1994
2607
3066
3526
3985
4291
4596
4902
5209
5362
5513
5819
5819
5972
6126
6279
6279
6432
6432
6585
6585
6585
6738
6738
6738
6738
6738
6891
6891
6891
6891
6891
6891
6891
6891
6891
6891
6891
4600
4904
5211
5364
5518
5822
5975
5975
6128
6281
6279
6432
6432
6585
6585
6585
6738
6738
6738
6738
6738
6891
6891
6891
6891
6891
6891
6891
6891
6891
6891
6888
6888
6888
6888
7042
7042
7044
7044
7044
4751
4904
5211
5362
5668
5822
5975
6126
6128
6287
6292
6451
6456
6613
6615
6618
6621
6778
6780
6780
6783
6783
6786
6786
6943
6943
6943
6946
6946
6946
6946
6946
6946
6949
6949
6949
6949
6949
6949
6949
6949
6331
6331
6486
6486
6640
6640
6640
6640
6795
6795
6795
6795
6795
6795
6795
6949
6949
6949
6949
6952
6952
6952
6952
6952
6952
6952
6952
6952
6952
6952
6952
6952
6952
6952
6952
6952
6952
6952
6952
6952
6952
6952
6334
6488
6488
6488
6643
6643
6643
6643
6797
6797
6797
6797
6797
6797
6797
6952
6952
6952
6952
6952
6952
6949
6949
6949
6949
6949
6949
6949
6949
6949
6949
6949
6949
6949
6949
6949
6949
6949
6949
6949
6949
6949
6949
6334
6334
6488
6488
6643
6643
6643
6643
6797
6797
6797
6797
6797
6797
6797
6952
6952
6952
6952
6952
6952
6952
6952
6949
6949
6949
6949
6949
6949
6949
6949
6949
6949
6949
6949
6949
6949
6949
6949
6949
6949
6949
6949
6334
6334
6488
6488
6643
6643
6643
6643
6797
6797
6797
6797
6797
6797
6797
6797
6952
6952
6952
6952
6952
6952
6952
6952
6952
6952
6952
6952
6952
6952
6952
6952
6952
6952
6952
6952
6952
6952
6952
6952
6952
6952
6952
6952
6334
6334
6488
6488
6643
6643
6643
6643
6797
6797
6797
6797
6797
6797
6797
6797
6952
6952
6952
6952
6952
6952
6952
6952
6952
6952
6952
6952
6952
6952
6952
6952
6952
6952
6952
6952
6952
6952
6952
6952
6952
6952
6952
6952
6952
6334
6334
6488
6488
6488
6643
6643
6640
6795
6795
6795
6795
6795
6795
6795
6795
6949
6949
6949
6949
6949
6949
6949
6949
6949
6952
6952
6952
6952
6952
6952
6952
6952
6952
6952
6952
6952
6952
6952
6952
6952
6952
6952
6952
6952
6952
6334
6334
6488
6488
6488
6643
6643
6643
6643
6797
6797
6797
6797
6797
6797
6797
6797
6952
6952
6952
6952
6952
6952
6952
6952
6952
6952
6952
6952
6952
6952
6952
6952
6952
6952
6952
6952
6952
6952
6952
6952
6952
6952
6952
6952
6952
6952
6334
6334
6488
6488
6643
6643
6643
6643
6797
6797
6797
6797
6797
6797
6797
6797
6797
6952
6952
6952
6952
6952
6952
6952
6952
6952
6952
6952
6949
6949
6949
6949
6949
6949
6949
6949
6949
6949
6949
6949
6949
6949
6949
6949
6949
6949
6949
7246
7400
7554
7708
7708
7862
7862
8017
8017
7246
7400
7554
7708
7708
7862
7862
8017
8017
7400
7400
7554
7708
7862
7862
8017
8017
8017
7246
7400
7554
7708
7708
7862
8017
8017
8017
8171
7400
7554
7554
7708
7862
7862
8017
8017
8171
7400
7400
7554
7708
7862
7862
8017
8017
8017
8171
7400
7554
7554
7708
7862
7862
8017
8017
8171
8171
7400
7400
7554
7708
7862
7862
8017
8017
8017
8171
7400
7554
7554
7708
7862
7862
8017
8017
8171
8171
7400
7554
7708
7708
7862
7862
8017
8017
8167
8167
7400
7554
7708
7708
7862
7859
8013
8013
8167
8167
8167
7400
7554
7708
7708
7862
7862
8017
8017
8171
8167
8167
7400
7554
7708
7708
7862
7862
8017
8017
8171
8171
8171
7400
7554
7708
7708
7862
8017
8017
8017
8171
8171
8167
7400
7554
7708
7708
7862
7862
8017
8017
8171
8171
8171
8322
7400
7554
7708
7708
7862
8017
8017
8017
8171
8167
8167
8322
7400
7554
7708
7862
7862
8017
8017
8017
8171
8167
8167
8322
7554
7554
7708
7862
7862
8017
8017
8171
8171
8167
8167
8322
7400
7551
7705
7702
7856
7856
8010
8010
8164
8164
8164
8318
7397
7551
7705
7859
7859
8013
8013
8013
8167
8167
8167
8322
