6169
6326
6326
6480
6480
6635
6635
6635
6635
6789
6789
6789
6789
6789
6792
6792
6792
6792
6946
6946
6946
6943
6937
6932
6929
6923
6920
6920
6917
6914
6912
6909
6906
4452
4761
4915
5220
5371
5678
5829
5982
5982
6133
6287
6287
6440
6437
6591
6591
6591
6744
6744
6744
6744
6744
6741
6894
6894
6894
6897
6894
6894
6894
6894
6894
6894
6894
4907
5060
5369
5524
5676
5829
5982
6133
6133
6287
6440
6440
6437
6591
6591
6591
6744
6744
6744
6741
6741
6894
6894
6894
6894
6894
6894
6894
6894
6894
6894
6894
6894
6894
6894
5062
5215
5369
5673
5827
5980
5980
6131
6284
6284
6437
6437
6591
6588
6588
6741
6741
6741
6741
6741
6894
6894
6894
6894
6894
6894
6894
6894
6894
6894
6894
6894
6894
6894
6894
4909
5218
5369
5522
5827
5827
5980
6133
6284
6289
6448
6451
6456
6613
6618
6621
6778
6778
6780
6783
6783
6786
6786
6789
6943
6943
6946
6946
6946
6946
6946
6949
6949
6949
6949
6949
1227
1994
2606
3066
3525
3985
4291
4596
4902
5209
5360
5513
5666
5819
5972
6126
6279
6276
6429
6429
6582
6582
6582
6735
6735
6735
6735
6735
6888
6888
6888
6888
6888
6888
6888
6888
6888
4598
4904
5058
5364
5515
5668
5822
5972
6126
6279
6279
6432
6432
6585
6585
6585
6738
6738
6738
6738
6738
6891
6891
6891
6891
6888
6888
6888
6888
6888
6888
6888
6888
6888
6888
6888
6888
7042
4904
5211
5362
5668
5822
5975
5975
6126
6279
6279
6432
6432
6585
6585
6582
6738
6738
6738
6735
6735
6888
6888
6888
6888
6888
6888
6888
6888
6888
6888
6888
6888
6888
6888
6888
7042
7042
7042
4291
4600
4911
5068
5378
5536
5692
5848
6005
6161
6164
6318
6321
6478
6478
6635
6635
6635
6635
6792
6792
6792
6792
6792
6792
6795
6949
6949
6949
6949
6949
6949
6949
6949
6949
6949
6949
6949
6949
1075
1842
2455
2915
3528
3835
4293
4600
4907
5060
5364
5518
5671
5824
5977
6131
6281
6281
6435
6435
6588
6588
6588
6741
6741
6741
6741
6741
6741
6894
6894
6894
6894
6894
6894
6894
6894
6894
6894
6894
5060
5213
5367
5676
5829
5980
5980
6133
6284
6284
6437
6437
6591
6591
6591
6741
6741
6741
6741
6741
6894
6894
6894
6894
6894
6894
6894
6894
6894
6894
6894
6894
6894
6894
6894
6894
7047
7047
7047
7047
4142
4448
4757
5064
5215
5522
5673
5827
5980
6133
6133
6284
6284
6437
6437
6591
6591
6591
6747
6752
6758
6764
6766
6769
6926
6929
6932
6935
6937
6937
6940
6940
6943
6943
6943
6946
6946
6946
6946
6946
6946
6331
6331
6486
6486
6640
6640
6640
6640
6795
6795
6795
6795
6797
6797
6797
6952
6952
6952
6952
6952
6952
6952
6952
6952
6952
6952
6952
6952
6952
6952
6952
6952
6952
6952
6952
6952
6952
6952
6952
6952
6949
6949
6329
6329
6483
6483
6483
6637
6637
6637
6640
6795
6795
6795
6795
6795
6795
6795
6949
6949
6949
6949
6949
6949
6949
6949
6949
6949
6949
6949
6949
6949
6949
6949
6949
6949
6949
6949
6949
6949
6952
6952
6952
6952
6952
6334
6334
6488
6488
6643
6643
6643
6643
6797
6797
6797
6797
6797
6797
6797
6797
6952
6952
6952
6952
6952
6952
6952
6952
6952
6952
6952
6952
6952
6952
6952
6952
6952
6952
6952
6952
6952
6952
6952
6952
6952
6952
6952
6952
6334
6488
6488
6488
6643
6643
6643
6640
6795
6795
6795
6795
6795
6795
6795
6795
6949
6949
6949
6949
6949
6949
6949
6949
6949
6949
6949
6949
6949
6949
6952
6952
6952
6952
6952
6952
6952
6949
6949
6949
6949
6949
6949
6949
6331
6331
6486
6486
6640
6640
6640
6640
6795
6795
6795
6795
6795
6797
6797
6795
6952
6949
6952
6952
6952
6952
6952
6952
6952
6952
6952
6952
6952
6952
6952
6952
6952
6952
6952
6952
6952
6952
6952
6952
6952
6952
6952
6952
6952
6334
6334
6488
6488
6643
6643
6643
6643
6797
6797
6797
6797
6797
6797
6797
6797
6952
6952
6952
6952
6952
6952
6952
6952
6952
6952
6952
6952
6952
6952
6952
6952
6952
6952
6952
6952
6952
6952
6952
6952
6952
6952
6952
6952
6952
6952
6334
6334
6488
6488
6643
6643
6643
6643
6797
6797
6797
6797
6797
6797
6797
6797
6952
6949
6949
6949
6949
6949
6949
6949
6949
6949
6949
6949
6949
6949
6949
6949
6949
6949
6949
6949
6949
6949
6949
6949
6949
6952
6952
6952
6952
6952
6334
6334
6488
6488
6643
6643
6643
6643
6797
6797
6797
6797
6797
6797
6795
6795
6795
6949
6949
6949
6949
6949
6949
6949
6949
6949
6949
6949
6949
6949
6949
6949
6949
6949
6949
6949
6949
6949
6949
6949
6949
6949
6949
6949
6949
6949
6949
6789
6943
6943
7097
7097
7252
7252
7252
7406
7406
7406
7406
7406
7560
6792
6946
6943
7097
7097
7252
7252
7252
7406
7406
7406
7406
7406
7560
7560
6792
6946
6946
7097
7097
7252
7252
7252
7406
7406
7406
7406
7406
7560
7560
6792
6946
6946
7097
7097
7252
7252
7252
7406
7406
7406
7406
7406
7560
7560
6792
6946
6946
7100
7097
7252
7252
7252
7406
7406
7406
7406
7406
7560
7560
7560
6792
6946
7097
7097
7097
7252
7252
7252
7406
7406
7406
7406
7560
7560
7560
7560
6789
6943
6943
7097
7097
7252
7252
7252
7406
7406
7406
7406
7560
7560
7560
7560
6789
6943
6943
7097
7097
7252
7252
7252
7406
7406
7406
7406
7560
7560
7560
7560
7560
6792
6943
7097
7097
7097
7252
7252
7406
7406
7406
7406
7406
7560
7560
7560
7560
7560
6792
6946
7097
7097
7252
7252
7252
7406
7406
7406
7406
7406
7560
7560
7560
7560
7560
6792
6946
6946
7097
7097
7252
7252
7252
7406
7406
7406
7406
7560
7560
7560
7560
7560
6792
6946
7097
7097
7097
7252
7252
7252
7406
7406
7406
7406
7560
7560
7560
7560
7560
7560
6792
6946
7097
7097
7252
7252
7252
7406
7406
7406
7406
7406
7560
7560
7560
7560
7560
7560
6789
6943
7097
7097
7097
7252
7252
7406
7406
7406
7406
7406
7560
7560
7560
7560
7560
7560
6943
6943
7097
7097
7252
7252
7252
7406
7406
7406
7406
7406
7560
7560
7560
7560
7560
7560
6792
6946
7097
7097
7097
7252
7252
7252
7406
7406
7406
7406
7560
7560
7560
7560
7560
7560
7560
6792
6946
7100
7097
7097
7252
7252
7406
7406
7406
7406
7406
7560
7560
7560
7560
7560
7560
7560
6792
6946
7097
7097
7252
7252
7252
7406
7406
7406
7406
7406
7560
7560
7560
7560
7560
7560
7560
6789
6943
7097
7097
7252
7252
7252
7406
7406
7406
7406
7406
7560
7560
7560
7560
7560
7560
7560
7560
6789
6943
7097
7097
7252
7252
7252
7406
7406
7406
7406
7406
7560
7560
7560
7560
7560
7560
7560
7560
