462
616
924
1847
2615
3230
3846
4461
4923
5384
5079
5387
5690
5995
6300
6604
6758
7062
7213
5376
5834
6141
6445
6599
6903
7056
7213
7366
5683
5987
6294
6599
6752
6903
7210
7363
7513
7513
5985
6292
6445
6755
6912
7068
7225
7378
7535
7692
465
620
775
1084
1858
2630
3403
4020
4482
4943
5407
5713
5250
5405
5711
6020
6326
6635
6789
6940
7249
7403
6632
6786
7095
7249
7400
7554
7554
7708
7862
7862
7095
7246
7400
7554
7708
7708
7862
7862
8017
8017
8171
7249
7403
7554
7554
7708
7862
7862
8017
8017
8017
8171
7249
7403
7554
7708
7708
7862
7862
8017
8017
8171
8171
7249
7403
7554
7708
7708
7862
7862
8017
8017
8171
8171
7249
7403
7554
7708
7708
7862
7862
8017
8017
8171
8171
7249
7403
7554
7708
7708
7862
7862
8017
8017
8171
8171
7249
7400
7554
7708
7708
7862
7862
8017
8017
8171
8171
8171
7249
7403
7554
7708
7708
7862
8017
8017
8017
8171
8171
8171
7249
7403
7554
7708
7708
7862
8017
8017
8017
8171
8171
8171
7400
7400
7554
7708
7862
7862
8017
8017
8017
8167
8167
8167
7400
7400
7554
7708
7862
7862
8017
8017
8017
8171
8171
8171
7403
7400
7554
7708
7862
7862
8017
8017
8017
8171
8171
8171
8325
6635
6789
6943
6943
7097
7097
7252
7252
7252
7406
7406
7406
7406
7406
7560
6635
6789
6943
6943
7097
7097
7252
7252
7252
7406
7406
7406
7406
7406
7560
6637
6792
6946
6946
7100
7100
7255
7255
7255
7406
7406
7406
7406
7406
7560
6637
6792
6946
6946
7100
7100
7255
7255
7255
7409
7406
7406
7406
7406
7560
6637
6792
6946
6946
7100
7100
7255
7255
7255
7409
7406
7406
7406
7406
7560
7560
6637
6792
6946
6946
7100
7100
7255
7255
7255
7406
7406
7406
7406
7560
7560
7560
6637
6792
6946
6943
7097
7097
7252
7252
7252
7406
7406
7406
7406
7406
7560
7560
6792
6792
6943
6943
7097
7097
7252
7252
7252
7406
7406
7406
7406
7560
7560
7560
7560
6792
6792
6946
6946
7100
7097
7252
7252
7252
7406
7406
7406
7406
7406
7560
7560
7560
6792
6792
6946
6946
7100
7100
7255
7255
7255
7406
7406
7406
7406
7560
7560
7560
7560
6792
6792
6946
7100
7100
7100
7255
7255
7255
7406
7406
7406
7406
7560
7560
7560
7560
7560
6792
6792
6946
7100
7100
7100
7255
7255
7409
7406
7406
7406
7406
7560
7560
7560
7560
7560
6792
6792
6946
7100
7100
7255
7255
7255
7409
7409
7406
7406
7406
7560
7560
7560
7560
7560
6792
6792
6946
7100
7100
7255
7255
7252
7406
7406
7406
7406
7406
7560
7560
7560
7560
7560
6792
6792
6943
7097
7097
7252
7252
7252
7406
7406
7406
7406
7406
7560
7560
7560
7560
7560
7560
6792
6792
6946
7100
7100
7255
7255
7255
7409
7406
7406
7406
7406
7560
7560
7560
7560
7560
7560
6792
6792
6946
7100
7100
7255
7255
7255
7409
7409
7406
7406
7406
7560
7560
7560
7560
7560
7560
6792
6792
6946
7100
7100
7255
7255
7255
7409
7406
7406
7406
7406
7560
7560
7560
7560
7560
7560
7560
6792
6946
6946
7100
7100
7255
7255
7255
7409
7409
7406
7406
7406
7560
7560
7560
7560
7560
7560
7560
6792
6946
6946
7100
7100
7252
7252
7252
7406
7406
7406
7406
7406
7560
7560
7560
7560
7560
7560
7560
