7840
8147
8455
8608
8912
7997
8304
8612
8762
8916
8154
8304
8612
8919
9069
8154
8458
8612
8919
9073
8154
8462
8766
8919
9073
8308
8462
8766
8919
9073
8308
8462
8766
8919
9073
9223
8308
8615
8766
8919
9227
9377
8308
8615
8766
8919
9227
9381
8308
8615
8766
9073
9227
9377
8308
8615
8766
9073
9227
9377
8462
8615
8919
9073
9227
9377
8462
8612
8919
9073
9223
9377
8462
8612
8919
9073
9223
9377
8458
8766
8919
9069
9223
9377
8458
8766
8919
9073
9223
9377
8462
8766
8919
9073
9223
9377
9531
8462
8766
8919
9073
9227
9377
9531
8462
8766
8919
9073
9227
9377
9531
8462
8766
8919
9073
9227
9377
9531
7689
7997
8147
8455
8608
7689
7997
8147
8455
8605
7689
7993
8301
8455
8605
7686
7532
7529
7372
7219
7216
7062
7062
7059
7059
4452
4759
5220
5373
5527
5680
5831
5831
5985
4608
4761
4913
5220
5373
5524
5678
5678
5831
5982
5982
3838
4145
4452
4759
4913
5220
5371
5524
5678
5678
4454
4759
4913
5218
5371
5524
5678
5678
5829
5982
5982
3991
4297
4604
4911
5371
5524
5678
5831
5831
5985
4300
4759
4913
5066
5220
5371
5524
5678
5831
5831
5985
5982
5222
5376
5373
5527
5680
5831
5831
5985
5985
6138
6136
6289
3838
3991
4299
4759
5220
5527
5680
5678
5831
5985
5985
4300
4606
4759
5066
5218
5371
5524
5678
5678
5829
5982
5982
5373
5527
5527
5680
5678
5831
5985
5985
6136
6136
6136
6289
6289
3379
3532
3993
4608
5068
5222
5373
5527
5680
5831
3993
4454
4608
4913
5066
5220
5371
5524
5678
5831
5831
5985
4761
5376
5990
6451
6912
7219
6610
6917
7378
7686
7840
8147
7382
7689
7997
8147
8455
8608
7692
7997
8304
8458
8612
8762
