7240
7394
7548
7702
7702
7856
7856
8010
8010
7243
7394
7548
7702
7702
7856
7856
8010
8010
7243
7397
7548
7702
7702
7856
7856
8010
8010
7243
7397
7551
7705
7702
7856
8010
8010
8010
8164
7243
7397
7551
7705
7705
7859
8010
8010
8010
8164
7243
7397
7551
7705
7705
7859
7853
7849
7846
7689
7686
5687
5995
6300
6451
6602
6755
6906
7056
7210
7363
7360
4604
5064
5371
5834
5987
6292
6445
6749
6903
6903
7053
5680
5985
6292
6443
6596
6747
6900
7053
7207
7204
7357
7510
4602
4909
5064
5220
5527
5831
6138
6289
6443
6749
6900
7053
5680
5831
6138
6292
6443
6596
6749
6900
7053
7207
7207
7357
7510
5062
5522
5827
5980
6289
6596
6749
6903
7056
7207
7207
7360
5371
5834
5985
6292
6443
6596
6903
6900
7053
7207
7360
7357
6599
6903
7056
7053
7207
7360
7360
7510
7510
7664
7664
7664
7817
4297
4602
5064
5527
5834
6144
6448
6599
6752
6906
7056
7210
7210
5220
5527
5831
5985
6289
6443
6749
6900
6900
7053
7207
7357
7357
3990
3991
4452
4915
5376
5683
5990
6141
6445
6599
6749
6903
7056
5371
5680
5985
6292
6443
6596
6749
6900
7053
7207
7360
7360
7510
7510
6596
6749
6903
7053
7207
7360
7360
7510
7510
7510
7664
7664
7664
7817
5673
5980
6133
6440
6593
6744
6897
7050
7207
7363
7520
7676
7680
6179
6334
6334
6488
6488
6488
6643
6643
6643
6643
6797
6797
6797
6797
6797
6797
6797
6797
6797
6952
6952
6952
6952
6952
6952
6952
6952
6952
6952
6952
6952
6952
6952
6952
6179
6334
6334
6488
6488
6488
6643
6643
6643
6643
6797
6797
6797
6797
6797
6795
6789
6937
6932
6926
6923
6920
6917
6914
6912
6912
6909
6906
6906
6903
6903
6900
6900
6900
4604
4911
5064
5369
5522
5673
5827
5980
6131
6284
6284
6437
6437
6437
6588
6588
6588
6741
6741
6741
6741
6741
6894
6894
6894
6894
6894
6894
6894
6894
6894
6894
6894
6894
6894
4600
4755
5060
5213
5520
5671
5824
5977
6131
6131
6284
6281
6435
6435
6588
6588
6588
6741
6741
6741
6741
6741
6894
6894
6894
6894
6894
6894
6894
6894
6894
6894
6894
6894
6894
6133
6287
6287
6440
6437
6591
6591
6591
6744
6744
6741
6741
6741
6894
6894
6894
6894
6894
6894
6894
6894
6894
6891
6894
6894
6894
6894
6891
6891
6891
6891
7044
7044
7044
7044
7044
5213
5371
5683
5839
5844
6000
6156
6313
6315
6472
6472
6475
6632
6632
6632
6635
6789
6789
6792
6792
6792
6792
6792
6946
6949
6949
6949
6949
6949
6949
6949
6949
6949
6949
6949
6949
6949
465
620
775
1394
2014
2632
3096
3559
4023
4331
4640
4947
5102
5411
5566
5718
5873
6027
6027
6182
6334
6334
6488
6488
6488
6643
6643
6643
6643
6797
6797
6797
6797
6797
6797
6797
6797
6797
6952
6179
6334
6334
6334
6488
6488
6643
6643
6643
6643
6797
6797
6797
6797
6797
6797
6797
6797
6797
6952
6952
6952
6952
6952
6952
6952
6952
6952
6952
6952
6952
6952
6952
6952
6952
6952
6952
6952
6952
6179
6334
6334
6488
6488
6488
6643
6643
6643
6643
6797
6797
6797
6797
6797
6797
6797
6797
6797
6952
6952
6952
6952
6952
6952
6952
6952
6952
6952
6952
6952
6952
6952
6952
6952
6952
6952
6952
6952
6179
6334
6334
6488
6488
6488
6643
6643
6643
6643
6797
6797
6797
6797
6797
6797
6797
6797
6797
6952
6952
6952
6952
6952
6952
6952
6952
6952
6952
6952
6952
6952
6952
6952
6952
6952
6952
6952
6952
6952
6179
6334
6334
6488
6488
6488
6643
6643
6643
6643
6797
6797
6797
6797
6797
6797
6797
6797
6797
6952
6952
6952
6952
6952
6952
6952
6952
6952
6952
6952
6952
6952
6952
6952
6952
6952
6952
6952
6952
6952
6952
6179
6334
6334
6488
6488
6488
6643
6643
6643
6643
6797
6797
6797
6797
6797
6797
6797
6797
6952
6952
6952
6952
6952
6952
6952
6952
6952
6952
6952
6952
6952
6952
6952
6952
6952
6952
6952
6952
6952
6952
6952
6952
6179
6334
6334
6488
6488
6488
6643
6643
6643
6643
6797
6797
6797
6797
6797
6797
6797
6797
6797
6952
6952
6952
6952
6952
6952
6952
6952
6952
6952
6952
6952
6949
6949
6949
6949
6949
6949
6946
6946
6949
6949
6949
6177
6331
6331
6486
6486
6486
6640
6640
6640
6640
6795
6795
6795
6795
6795
6797
6797
6797
6797
6952
6952
6952
6952
6952
6952
6952
6952
6952
6952
6952
6952
6952
6952
6952
6952
6952
6952
6952
6952
6952
6952
6952
6952
6179
6334
6334
6488
6488
6488
6643
6643
6643
6643
6797
6797
6797
6797
6797
6797
6797
6797
6797
6952
6952
6952
6952
6952
6952
6952
6952
6952
6952
6952
6952
6952
6952
6952
6952
6952
6952
6952
6952
6952
6952
6952
6952
6952
6179
6334
6334
6488
6488
6488
6643
6643
6643
6643
6797
6797
6797
6797
6797
6797
6797
6797
6797
6952
6952
6949
6952
6952
6949
6952
6952
6952
6949
6952
6952
6952
6952
6952
6952
6952
6952
6952
6952
6952
6952
6952
6952
6952
6952
6179
6334
6334
6488
6488
6488
6643
6643
6643
6643
6797
6797
6797
6797
6797
6797
6797
6797
6952
6952
6952
6952
6952
6952
6952
6952
6952
6952
6952
6952
6952
6952
6952
6952
6952
6952
6952
6952
6952
6952
6952
6952
6952
6952
6952
6179
6334
6334
6488
6488
6488
6643
6643
6643
6643
6797
6797
6797
6797
6797
6797
6797
6797
6797
6952
6952
6952
6952
6952
6952
6952
6952
6952
6952
6952
6952
6952
6952
6952
6952
6952
6952
6952
6952
6952
6952
6952
6952
6952
6952
6952
6179
6334
6334
6488
6488
6488
6643
6643
6643
6643
6797
6797
6797
6797
6797
6797
6797
6797
6797
6952
6952
6952
6952
6952
6952
6952
6952
6952
6952
6952
6952
6952
6952
6952
6952
6952
6952
6952
6952
6952
6952
6952
6952
6952
6952
6952
6952
6179
6334
6334
6488
6488
6488
6643
6643
6643
6643
6797
6797
6797
6797
6797
6797
6797
6797
6797
6952
6952
6952
6952
6952
6952
6952
6952
6952
6952
6952
6952
6952
6952
6952
6952
6952
6952
6952
6952
6952
6952
6952
6952
6952
6952
6952
6952
