6783
6783
6937
7092
7092
7092
7246
7249
7403
7403
7403
7403
7403
7557
7557
6786
6786
6940
7095
7095
7249
7249
7249
7403
7403
7403
7403
7403
7557
7557
6786
6786
6940
7095
7095
7249
7249
7249
7403
7403
7403
7403
7403
7557
7557
6786
6786
6940
7095
7095
7095
7249
7249
7403
7403
7403
7403
7403
7554
7554
6786
6786
6940
7095
7095
7249
7249
7249
7400
7400
7403
7403
7403
7557
7557
7557
6786
6786
6940
7095
7095
7249
7249
7249
7403
7403
7403
7403
7403
7557
7557
7557
6786
6786
6940
7095
7095
7249
7249
7249
7403
7403
7403
7403
7403
7557
7557
7557
6786
6786
6940
7095
7095
7249
7249
7249
7403
7403
7403
7403
7403
7557
7557
7557
7557
6786
6940
6940
7095
7089
7237
7234
7231
7382
7378
7375
7372
7526
7523
7520
7520
7516
5987
6141
6292
6443
6596
6749
6900
6900
7053
7050
7204
7204
7357
7357
7357
7354
7507
4755
5064
5369
5676
5827
6133
6287
6437
6591
6744
6897
6897
7050
7050
7201
7201
7354
5529
5683
5987
6138
6292
6596
6596
6747
6900
7053
7053
7204
7204
7204
7357
7357
7357
4448
4604
4911
5218
5522
5829
5980
6133
6440
6593
6744
6744
6897
7050
7050
7204
7204
7204
5982
6136
6287
6440
6593
6747
6897
6897
7050
7050
7204
7204
7354
7354
7354
7354
7507
7507
6443
6599
6604
6761
6917
6920
7077
7080
7237
7237
7240
7397
7397
7397
7400
7554
7554
7554
7557
6789
6789
6943
7097
7097
7252
7252
7252
7406
7406
7406
7406
7406
7560
7560
7560
7560
7560
7560
6789
6943
6943
7097
7097
7252
7252
7252
7406
7406
7406
7406
7406
7560
7560
7560
7560
7560
7560
6792
6946
6946
7100
7097
7252
7252
7252
7406
7406
7406
7406
7406
7560
7560
7560
7560
7560
7560
7560
6792
6946
6946
7100
7100
7255
7255
7252
7400
7394
7391
7385
7535
7532
7529
7526
7523
7523
7520
7673
4911
5220
5524
5678
5982
6136
6287
6593
6593
6747
6900
7050
7050
7204
7204
7204
7357
7357
7354
7507
