7840
8147
8301
8608
8758
7997
8304
8455
8762
8916
8150
8304
8612
8762
9069
8154
8458
8612
8919
9069
8154
8458
8766
8919
9069
8308
8458
8766
8919
9069
8308
8458
8766
8919
9073
9223
8308
8612
8766
8919
9227
9377
8308
8612
8766
8919
9227
9377
8308
8615
8766
9073
9227
9377
8462
8615
8766
9073
9227
9377
8462
8612
8919
9073
9227
9377
8462
8612
8919
9073
9227
9377
8462
8612
8919
9073
9227
9377
8462
8766
8919
9073
9227
9377
8462
8766
8919
9073
9227
9377
8462
8766
8919
9073
9223
9377
9531
8458
8766
8919
9069
9223
9377
9531
8612
8766
8919
9069
9223
9377
9531
8612
8766
8919
9073
9223
9377
9531
6174
6329
6329
6483
6483
6483
6637
6637
6637
6637
6792
6792
6792
6792
6792
6792
6792
6792
6792
6946
6946
6946
6946
6946
6946
6946
6946
6946
6946
6946
6946
6946
6946
6946
6177
6331
6331
6486
6486
6486
6640
6640
6640
6640
6795
6792
6792
6792
6792
6792
6792
6792
6946
6946
6946
6946
6946
6946
6946
6946
6946
6946
6946
6946
6949
6949
6949
6949
6331
6331
6486
6486
6486
6640
6640
6640
6640
6795
6795
6795
6795
6795
6795
6795
6795
6795
6949
6949
6949
6949
6949
6949
6949
6946
6949
6949
6949
6949
6946
6949
6949
6946
6946
6331
6331
6486
6486
6486
6640
6640
6640
6640
6795
6795
6795
6795
6795
6795
6792
6792
6792
6792
6946
6946
6946
6946
6946
6946
6946
6946
6946
6946
6946
6946
6946
6946
6946
6946
6946
6329
6329
6483
6483
6483
6637
6637
6637
6637
6792
6792
6792
6792
6792
6792
6792
6792
6792
6946
6946
6946
6946
6946
6949
6946
6949
6949
6946
6946
6946
6946
6946
6949
6946
6949
6946
6946
6331
6331
6486
6486
6486
6640
6640
6640
6640
6795
6795
6795
6795
6795
6795
6795
6795
6795
6949
6949
6946
6946
6949
6949
6949
6946
6949
6946
6949
6946
6949
6946
6946
6946
6946
6946
6946
6331
6331
6486
6483
6483
6637
6637
6637
6637
6792
6792
6792
6792
6792
6792
6792
6792
6792
6946
6946
6946
6946
6946
6946
6946
6946
6946
6946
6946
6946
6946
6946
6946
6946
6946
6946
6946
6946
6329
6329
6483
6483
6483
6637
6637
6637
6637
6792
6792
6792
6792
6792
6792
6792
6792
6792
6946
6946
6946
6946
6946
6946
6949
6946
6946
6946
6946
6946
6949
6946
6946
6949
6949
6949
6949
6949
6949
6331
6331
6486
6486
6486
6640
6640
6640
6640
6795
6795
6795
6792
6795
6792
6792
6792
6795
6946
6949
6946
6946
6946
6946
6949
6946
6946
6949
6949
6946
6946
6946
6946
6946
6946
6946
6946
6949
6946
6946
6331
6331
6486
6486
6486
6640
6640
6640
6640
6795
6795
6795
6795
6795
6795
6795
6792
6792
6949
6946
6946
6946
6946
6946
6946
6946
6946
6946
6946
6946
6946
6946
6946
6946
6946
6946
6946
6946
6946
6946
6329
6329
6483
6483
6483
6637
6637
6637
6637
6792
6792
6792
6792
6792
6792
6792
6792
6792
6946
6946
6946
6946
6946
6946
6946
6946
6946
6946
6946
6946
6946
6946
6946
6946
6946
6946
6946
6946
6946
6946
6946
6329
6329
6483
6480
6480
6635
6635
6635
6786
6780
6775
6772
6766
6764
6917
6914
6912
6909
6909
6906
6906
6903
6903
6903
6900
6900
6900
6900
6900
6897
6897
6897
6897
6897
6897
6897
6897
6897
6897
6897
6136
6136
6287
6287
6440
6437
6591
6591
6591
6744
6744
6744
6744
6744
6744
6897
6897
6897
6894
6894
6897
6897
6897
6897
6897
6894
6894
6894
6894
6894
6894
6897
6897
6897
6894
6894
6894
6894
6897
6897
6894
6894
4604
4915
5068
5373
5524
5678
5829
5982
6136
6289
6287
6440
6440
6593
6591
6591
6591
6744
6744
6744
6744
6744
6897
6897
6894
6897
6897
6894
6894
6894
6894
6894
6894
6894
6894
6894
6894
6894
6894
6894
6894
6894
6897
4295
4448
4755
5064
5220
5527
5680
5831
5985
6136
6136
6287
6440
6440
6440
6593
6593
6593
6744
6744
6744
6744
6744
6897
6897
6897
6897
6897
6897
6894
6894
6900
6906
6912
6917
6920
6923
6926
6929
6932
6935
6937
6937
465
465
620
620
775
775
775
775
930
930
930
930
930
930
930
1085
1085
1085
1084
1084
1084
1084
1084
1085
1085
1085
1085
1085
1085
1085
1085
1085
1085
1085
1085
1085
1085
1085
1239
1549
2168
2786
3251
3714
4023
4331
4640
4950
5257
5411
5566
5718
5873
6027
6182
6182
6336
6336
6491
6488
6488
6643
6643
6643
6643
6797
6797
6797
6797
6797
6797
6797
6797
6797
6179
6179
6334
6334
6488
6488
6488
6643
6643
6643
6643
6797
6797
6797
6797
6797
6797
6797
6797
6797
6952
6952
6952
6952
6952
6952
6952
6952
6952
6952
6952
6952
6952
6952
6952
6952
6952
6952
6952
6952
6952
6952
6952
6952
6952
6179
6334
6334
6488
6488
6488
6643
6643
6643
6643
6797
6797
6797
6797
6797
6797
6797
6797
6797
6952
6952
6952
6952
6952
6952
6952
6952
6952
6952
6952
6952
6952
6952
6952
6952
6952
6952
6952
6952
6952
6952
6952
6952
6952
6952
6952
6179
6334
6334
6488
6488
6488
6643
6643
6643
6643
6797
6797
6797
6797
6797
6797
6797
6797
6797
6952
6952
6952
6952
6952
6952
6952
6952
6952
6952
6952
6952
6952
6952
6952
6952
6952
6952
6952
6952
6952
6952
6952
6952
6952
6952
6952
6952
6179
6334
6334
6488
6488
6488
6643
6643
6643
6643
6797
6797
6797
6797
6797
6797
6797
6797
6797
6952
6952
6952
6952
6952
6952
6952
6952
6952
6952
6952
6952
6952
6952
6952
6952
6952
6952
6952
6952
6952
6952
6952
6952
6952
6952
6952
6952
7542
7846
8000
8304
8458
7542
7846
8000
8304
8458
7542
7846
8154
8304
8458
7692
8000
8154
8304
8612
7692
8000
8154
8458
8612
7696
8000
8154
8462
8612
7696
8000
8154
8462
8612
7696
8000
8308
8462
8612
7849
8000
8308
8462
8612
7849
8000
8308
8462
8612
8766
7849
8000
8308
8462
8612
8766
7849
8000
8308
8462
8612
8766
7849
8154
8308
8462
8612
8766
7849
8154
8308
8458
8612
8766
7849
8154
8308
8458
8766
8766
7849
8154
8308
8612
8766
8766
7849
8154
8308
8612
8766
8919
8000
8154
8308
8612
8766
8919
8000
8154
8462
8612
8766
8919
8000
8154
8462
8612
8766
8919
