6323
6323
6323
6478
6478
6635
6635
6635
6635
6789
6786
6780
6778
6775
6769
6766
6920
6920
6917
6914
6912
6912
6909
6909
6909
6906
6906
6906
6906
6903
6903
6903
6903
4452
4761
5070
5226
5378
5685
5836
5990
5987
6141
6292
6292
6445
6445
6599
6599
6596
6596
6749
6749
6749
6749
6749
6749
6903
6903
6903
6903
6903
6903
6900
6900
6900
6900
5224
5529
5683
5834
5987
5985
6138
6292
6292
6445
6445
6599
6599
6596
6596
6749
6749
6749
6749
6747
6900
6900
6900
6900
6900
6900
6900
6900
6900
6900
6900
6900
6900
6900
6900
4452
4759
4911
5218
5373
5529
5685
5839
5990
6141
6294
6294
6445
6445
6599
6599
6599
6596
6749
6749
6749
6749
6749
6903
6903
6903
6903
6903
6903
6900
6900
6900
6900
6900
6900
4606
4911
5218
5373
5531
5685
5836
5990
6141
6294
6294
6445
6445
6599
6599
6596
6596
6749
6749
6749
6749
6749
6903
6903
6903
6903
6903
6903
6900
6900
6900
6900
6900
6900
6906
6912
1228
1842
2455
3069
3528
3988
4293
4600
4907
5060
5364
5518
5671
5824
5977
6131
6281
6281
6435
6435
6588
6588
6588
6588
6741
6741
6741
6741
6741
6894
6894
6894
6894
6894
6894
6894
6894
4909
5062
5369
5520
5673
5827
5980
6131
6284
6284
6437
6437
6437
6591
6591
6591
6744
6744
6744
6744
6741
6894
6894
6897
6894
6894
6894
6894
6894
6894
6897
6897
6894
6894
6894
6894
6894
6894
5831
5829
5982
6136
6287
6287
6440
6437
6593
6591
6591
6744
6744
6744
6744
6741
6741
6894
6894
6894
6894
6894
6894
6894
6900
6906
6912
6917
6920
6923
6926
6929
6932
6935
6937
6937
6940
6940
1381
2148
2609
3221
3681
3988
4446
4753
4907
5211
5364
5671
5824
5977
5977
6131
6284
6281
6435
6435
6588
6588
6588
6741
6741
6741
6741
6741
6741
6894
6894
6894
6894
6894
6894
6894
6894
6894
6894
5524
5678
5831
5982
6136
6133
6287
6287
6440
6437
6591
6591
6591
6744
6744
6744
6741
6741
6894
6894
6894
6894
6894
6894
6894
6894
6894
6894
6894
6894
6894
6894
6894
6894
6894
6894
6894
6894
7047
4755
5062
5215
5522
5673
5827
5980
6131
6131
6284
6284
6437
6437
6588
6588
6588
6741
6741
6741
6741
6741
6894
6894
6894
6897
6906
6909
6914
6920
6923
6926
6929
6932
6935
6935
6937
6940
6940
6940
6943
1227
1994
2607
3066
3526
3985
4291
4598
4902
5209
5362
5513
5666
5819
5972
6126
6279
6279
6432
6429
6582
6582
6582
6735
6735
6735
6735
6735
6735
6888
6888
6888
6888
6888
6888
6888
6888
6888
6888
6888
6888
6281
6281
6435
6435
6585
6585
6585
6738
6738
6738
6738
6738
6888
6888
6888
6888
6888
6888
6888
6888
6888
6888
6888
6888
6888
6888
6888
6888
6888
6888
7042
7042
7042
7042
7042
7042
7042
7042
7042
7042
7042
7042
4291
4600
4907
5211
5364
5518
5668
5822
5975
6128
6279
6279
6432
6432
6585
6585
6585
6738
6738
6738
6735
6735
6888
6888
6888
6888
6888
6888
6888
6888
6888
6888
6888
6888
6888
6888
6888
7042
7042
7042
7042
7042
5058
5215
5527
5685
5841
6000
6002
6159
6315
6318
6472
6475
6478
6632
6632
6635
6789
6789
6792
6792
6792
6792
6792
6795
6949
6949
6949
6949
6949
6949
6949
6949
6949
6949
6949
6949
6949
6949
6949
6949
6949
6949
6949
6949
6331
6331
6486
6486
6640
6640
6640
6640
6795
6795
6795
6795
6795
6797
6797
6797
6952
6952
6952
6952
6952
6952
6952
6952
6952
6952
6952
6952
6952
6952
6952
6952
6952
6952
6952
6952
6952
6952
6952
6949
6949
6949
6946
6946
6329
6329
6483
6483
6486
6640
6640
6640
6640
6795
6795
6795
6795
6795
6795
6795
6949
6949
6949
6949
6949
6949
6949
6949
6949
6949
6949
6952
6952
6952
6949
6952
6952
6952
6952
6952
6952
6952
6952
6952
6952
6952
6952
6952
6952
6334
6334
6488
6488
6488
6643
6643
6643
6643
6797
6797
6797
6797
6797
6797
6797
6797
6952
6949
6949
6949
6949
6949
6949
6949
6949
6949
6949
6949
6949
6949
6949
6949
6949
6949
6949
6949
6949
6952
6952
6949
6952
6952
6952
6952
6952
6334
6334
6488
6488
6488
6640
6640
6640
6640
6795
6795
6795
6795
6795
6795
6795
6795
6949
6949
6949
6949
6949
6949
6949
6949
6949
6949
6949
6949
6949
6952
6952
6952
6952
6952
6952
6952
6952
6952
6952
6952
6952
6952
6952
6952
6952
6952
6334
6334
6488
6488
6643
6643
6643
6643
6797
6797
6797
6797
6797
6797
6797
6797
6797
6952
6952
6952
6952
6952
6952
6952
6952
6952
6952
6952
6952
6952
6952
6952
6952
6952
6952
6952
6952
6952
6952
6952
6949
6949
6949
6949
6949
6949
6949
