7532
7840
8147
8455
8608
7843
8150
8455
8608
8916
7997
8304
8612
8762
8916
8154
8458
8612
8919
9069
8154
8458
8612
8919
9073
8308
8462
8766
8919
9073
8308
8462
8766
8919
9073
9223
8308
8615
8766
8919
9073
9223
8308
8615
8766
8919
9227
9377
8308
8615
8766
9073
9227
9377
8308
8615
8766
9073
9227
9377
8462
8612
8766
9073
9227
9377
8462
8612
8919
9073
9227
9377
8462
8612
8919
9073
9227
9377
8462
8612
8919
9073
9227
9377
8462
8612
8919
9073
9227
9377
8462
8766
8919
9073
9227
9377
9531
8462
8766
8919
9073
9227
9377
9531
8462
8766
8919
9073
9223
9377
9531
8612
8766
8919
9069
9223
9377
9531
