7686
7836
8144
8297
8605
7686
7993
8147
8451
8605
7689
7993
8301
8455
8605
7843
7993
8301
8455
8605
7843
8147
8301
8455
8608
7843
8147
8301
8455
8762
7843
8147
8301
8608
8762
7843
8147
8301
8608
8762
7997
8147
8301
8608
8758
7997
8147
8301
8608
8762
8912
7997
8150
8301
8608
8762
8912
7997
8147
8455
8608
8762
8912
7997
8147
8455
8608
8758
8912
7993
8301
8455
8605
8758
8912
7993
8301
8455
8605
8758
8912
7993
8301
8455
8605
8758
8912
8147
8301
8451
8605
8758
8912
8147
8301
8451
8605
8758
8912
8147
8301
8455
8605
8758
8912
8147
8301
8455
8605
8758
8912
6329
6329
6483
6483
6483
6637
6637
6637
6637
6792
6792
6792
6792
6792
6792
6792
6792
6946
6946
6946
6946
6946
6946
6946
6946
6946
6946
6946
6946
6946
6946
6946
6946
6946
6177
6331
6331
6486
6486
6640
6637
6637
6637
6792
6792
6792
6792
6792
6792
6792
6792
6792
6946
6946
6946
6946
6946
6946
6946
6946
6946
6946
6946
6946
6946
6946
6946
6946
6331
6331
6486
6486
6486
6640
6640
6637
6637
6792
6792
6795
6792
6795
6792
6792
6792
6946
6946
6946
6946
6946
6946
6946
6946
6946
6946
6946
6949
6949
6946
6946
6949
6946
6946
6331
6331
6486
6486
6486
6640
6640
6640
6640
6795
6792
6792
6792
6792
6792
6792
6792
6946
6946
6946
6946
6946
6946
6946
6946
6946
6946
6946
6946
6946
6946
6946
6946
6946
6946
6946
6331
6331
6486
6483
6483
6637
6637
6637
6637
6792
6792
6792
6792
6792
6792
6792
6792
6792
6946
6946
6946
6946
6946
6946
6946
6946
6946
6946
6946
6946
6946
6946
6946
6946
6946
6946
6946
6331
6331
6486
6486
6486
6640
6640
6640
6640
6795
6795
6795
6795
6792
6795
6792
6792
6792
6946
6946
6946
6946
6946
6946
6946
6946
6946
6946
6946
6946
6946
6946
6946
6946
6946
6946
6946
6331
6331
6486
6486
6486
6640
6640
6640
6640
6795
6792
6792
6792
6792
6792
6792
6792
6792
6946
6946
6946
6946
6946
6946
6946
6946
6946
6946
6946
6946
6946
6946
6946
6946
6946
6946
6946
6946
6329
6329
6483
6483
6483
6637
6637
6637
6637
6792
6792
6792
6792
6792
6792
6792
6792
6792
6946
6946
6946
6946
6946
6946
6946
6946
6946
6946
6946
6946
6946
6946
6946
6946
6946
6946
6946
6946
6946
6331
6331
6486
6486
6486
6640
6640
6640
6640
6795
6795
6792
6792
6792
6792
6792
6792
6946
6946
6946
6946
6946
6946
6946
6946
6946
6946
6946
6946
6946
6946
6946
6946
6946
6946
6946
6946
6946
6946
6946
6331
6331
6486
6486
6486
6640
6640
6640
6640
6795
6795
6795
6795
6792
6792
6792
6792
6946
6946
6946
6946
6946
6946
6946
6946
6946
6946
6946
6946
6946
6946
6946
6946
6946
6946
6946
6946
6946
6946
6946
6331
6331
6486
6486
6483
6637
6637
6637
6637
6792
6795
6792
6792
6792
6792
6792
6792
6946
6946
6946
6946
6946
6946
6946
6946
6946
6946
6946
6946
6946
6946
6946
6946
6946
6946
6946
6946
6946
6946
6946
6946
6331
6331
6486
6486
6486
6640
6640
6637
6637
6792
6792
6792
6792
6792
6792
6792
6792
6946
6946
6946
6946
6946
6946
6946
6946
6946
6946
6946
6946
6946
6940
6935
6929
6926
6920
6917
6914
6912
6909
6909
6906
4452
4606
4913
5218
5371
5522
5676
5827
5980
6133
6287
6284
6437
6437
6591
6591
6588
6741
6741
6741
6741
6741
6741
6894
6894
6894
6894
6894
6894
6894
6894
6894
6894
6894
6894
6894
6891
6891
6891
6891
6891
7044
4753
5062
5213
5520
5673
5827
5977
6131
6131
6284
6284
6437
6437
6591
6588
6588
6741
6741
6741
6741
6741
6894
6894
6894
6894
6894
6894
6894
6894
6894
6894
6894
6894
6894
6894
6894
6894
6894
6894
7047
7047
7047
7047
5980
6133
6287
6284
6437
6437
6591
6588
6588
6741
6741
6741
6741
6741
6894
6894
6894
6894
6894
6894
6894
6894
6894
6894
6894
6891
6891
6891
6891
6891
6891
6897
6903
6909
6914
6917
6920
6926
6929
6932
6932
6935
6937
461
615
769
1538
2153
2768
3229
3689
3995
4454
4759
4913
5218
5371
5676
5829
5982
5982
6133
6287
6287
6437
6437
6591
6591
6591
6744
6744
6744
6744
6741
6741
6894
6894
6894
6894
6894
6894
6894
6894
6894
6900
6906
6912
6914
6154
6310
6313
6470
6472
6629
6629
6632
6632
6789
6789
6789
6792
6792
6792
6792
6795
6949
6949
6949
6949
6949
6949
6949
6949
6949
6952
6952
6952
6952
6952
6952
6952
6952
6952
6952
6952
6952
6952
6952
6952
6952
6952
6952
6952
6179
6334
6334
6488
6488
6643
6643
6643
6643
6797
6797
6797
6797
6797
6797
6797
6797
6797
6952
6952
6952
6952
6952
6952
6952
6952
6952
6952
6952
6952
6952
6952
6952
6952
6952
6952
6952
6952
6952
6952
6952
6952
6952
6952
6952
6952
6179
6334
6334
6488
6488
6643
6643
6643
6643
6797
6797
6797
6797
6797
6797
6797
6797
6797
6952
6952
6952
6952
6952
6952
6952
6952
6952
6952
6952
6952
6952
6952
6952
6952
6952
6952
6952
6952
6952
6952
6952
6952
6952
6952
6952
6952
6952
6179
6334
6334
6488
6488
6488
6643
6643
6643
6643
6797
6797
6797
6797
6797
6797
6797
6797
6952
6952
6952
6952
6952
6952
6952
6952
6952
6952
6952
6952
6952
6952
6952
6952
6952
6952
6952
6952
6952
6952
6952
6952
6952
6952
6952
6952
6952
7095
7246
7400
7554
7708
7708
7862
8017
8017
7092
7246
7400
7554
7708
7862
7862
8017
8017
7246
7400
7400
7554
7708
7862
7862
8017
8017
7246
7400
7554
7554
7708
7862
7862
8017
8017
8017
7249
7403
7554
7554
7708
7862
7862
8017
8017
8171
7249
7403
7554
7554
7708
7862
7862
8017
8017
8171
7249
7403
7554
7554
7708
7862
7862
8017
8017
8171
7249
7403
7554
7708
7708
7862
7862
8017
8017
8171
7249
7403
7554
7708
7708
7862
7862
8017
8017
8171
8171
7249
7403
7554
7708
7708
7862
7862
8017
8017
8171
8171
7249
7403
7554
7708
7708
7862
7862
8017
8017
8171
8171
7249
7403
7554
7708
7708
7862
7862
8017
8017
8171
8171
7249
7400
7554
7708
7708
7862
7862
8017
8017
8171
8167
7246
7400
7554
7708
7708
7862
8017
8017
8017
8171
8171
7246
7400
7554
7708
7708
7862
8017
8017
8017
8171
8171
8171
7249
7403
7554
7708
7862
7862
8017
8017
8017
8171
8171
8171
7403
7400
7554
7708
7862
7862
8017
8017
8017
8171
8171
8171
7403
7403
7554
7708
7862
7862
8017
8017
8017
8171
8171
8171
7403
7400
7554
7708
7862
7862
8017
8017
8017
8171
8171
8171
7403
7403
7554
7708
7862
7862
8017
8017
8017
8171
8171
8171
8325
