6015
6167
6315
6313
6464
6461
6613
6610
6610
6607
6761
6758
6758
6755
6755
6752
6906
6906
6906
6903
6903
6903
6903
6903
6903
6903
6903
6900
6900
6900
6903
6903
6900
4606
4915
5070
5376
5529
5680
5834
5985
6138
6138
6294
6445
6445
6445
6596
6596
6596
6749
6749
6749
6749
6749
6749
6900
6900
6900
6903
6903
6903
6903
6900
6900
6900
6900
6141
6292
6292
6445
6445
6596
6596
6596
6749
6749
6749
6749
6749
6749
6900
6900
6900
6900
6900
6900
6900
6900
6900
6900
6900
6900
6903
6900
6900
6900
6900
6900
6900
6900
6138
6292
6292
6445
6443
6596
6596
6596
6749
6749
6749
6749
6749
6749
6903
6903
6900
6900
6900
6900
6900
6900
6900
6900
6900
6900
6900
6900
6900
6900
6900
6900
6900
6900
6900
5527
5678
5831
5985
6136
6289
6289
6443
6443
6596
6599
6596
6596
6749
6749
6749
6747
6747
6900
6900
6900
6900
6900
6900
6900
6900
6900
6900
6900
6900
6906
6912
6917
6920
6923
6926
6315
6318
6475
6475
6478
6632
6632
6635
6635
6789
6792
6792
6792
6792
6795
6795
6795
6949
6949
6949
6949
6949
6949
6949
6949
6949
6949
6949
6949
6949
6949
6952
6952
6952
6952
6952
6952
6334
6334
6488
6488
6643
6643
6643
6643
6797
6797
6797
6797
6797
6797
6797
6797
6952
6952
6952
6952
6952
6952
6952
6952
6952
6952
6952
6952
6952
6952
6952
6952
6952
6952
6952
6952
6952
6952
6334
6334
6488
6488
6643
6643
6643
6643
6797
6795
6795
6795
6795
6795
6795
6795
6949
6949
6949
6949
6949
6949
6949
6949
6949
6949
6949
6949
6952
6952
6952
6952
6952
6952
6952
6952
6952
6952
6334
6334
6488
6488
6643
6643
6643
6643
6797
6797
6797
6797
6797
6797
6797
6797
6797
6952
6952
6952
6952
6952
6952
6952
6952
6952
6952
6952
6952
6952
6952
6952
6952
6952
6952
6952
6952
6952
6952
6334
6334
6488
6488
6643
6643
6643
6643
6797
6797
6797
6797
6797
6797
6797
6797
6797
6952
6952
6952
6952
6952
6952
6952
6952
6952
6952
6952
6949
6949
6949
6946
6946
6946
6946
6946
6946
6946
6946
6949
6331
6331
6486
6486
6486
6640
6640
6640
6640
6795
6795
6795
6795
6795
6795
6795
6795
6949
6949
6949
6949
6949
6949
6949
6949
6949
6949
6949
6952
6952
6952
6952
6952
6952
6952
6952
6952
6952
6952
6952
6952
6334
6334
6488
6488
6488
6643
6643
6643
6643
6797
6797
6797
6797
6797
6797
6797
6797
6952
6952
6952
6952
6952
6952
6952
6952
6952
6952
6952
6952
6952
6952
6952
6952
6952
6952
6952
6952
6952
6952
6952
6952
6334
6334
6488
6488
6488
6643
6643
6643
6643
6795
6795
6795
6795
6795
6795
6795
6795
6949
6949
6949
6949
6949
6949
6949
6949
6949
6952
6949
6949
6952
6952
6952
6952
6952
6952
6952
6949
6949
6949
6949
6949
6949
6334
6334
6488
6488
6640
6640
6640
6640
6640
6795
6795
6795
6795
6795
6797
6797
6797
6952
6952
6952
6952
6952
6952
6952
6952
6952
6952
6952
6952
6952
6952
6952
6952
6952
6952
6952
6952
6952
6952
6952
6952
6952
6952
6334
6334
6488
6486
6640
6640
6640
6640
6640
6795
6795
6795
6795
6795
6795
6795
6795
6949
6949
6949
6952
6952
6952
6952
6952
6952
6952
6952
6952
6952
6952
6952
6952
6952
6952
6952
6952
6952
6952
6952
6952
6952
6952
6334
6334
6488
6488
6488
6643
6643
6643
6643
6797
6797
6797
6797
6797
6797
6797
6797
6797
6952
6952
6952
6952
6952
6952
6952
6949
6949
6949
6949
6949
6949
6949
6949
6949
6949
6949
6949
6949
6949
6949
6949
6949
6949
6949
6334
6334
6488
6488
6488
6643
6643
6643
6643
6795
6795
6795
6795
6795
6795
6795
6795
6795
6949
6949
6949
6949
6949
6949
6949
6949
6949
6949
6949
6949
6952
6952
6952
6952
6952
6952
6952
6952
6952
6952
6952
6952
6952
6952
6952
6334
6334
6488
6488
6488
6643
6643
6643
6643
6797
6797
6797
6797
6797
6797
6797
6797
6952
6952
6952
6952
6952
6952
6952
6952
6952
6952
6952
6952
6952
6952
6952
6952
6952
6952
6952
6952
6952
6952
6952
6952
6952
6952
6952
6952
6334
6334
6488
6488
6488
6643
6643
6643
6640
6795
6795
6795
6795
6795
6795
6795
6795
6949
6949
6949
6949
6949
6949
6952
6952
6952
6952
6952
6952
6952
6952
6952
6952
6952
6952
6952
6952
6952
6952
6952
6952
6952
6952
6952
6952
6952
6952
6334
6334
6488
6488
6488
6643
6643
6643
6643
6797
6797
6797
6797
6797
6797
6795
6795
6949
6949
6949
6949
6949
6949
6949
6949
6949
6949
6949
6949
6949
6949
6949
6949
6949
6952
6952
6952
6952
6952
6952
6952
6952
6952
6952
6952
6952
6952
8157
8465
8619
8923
9077
8157
8465
8773
8923
9077
8157
8465
8773
8923
9077
8157
8465
8773
8923
9077
8311
8619
8769
9077
9231
8311
8619
8773
8923
9077
8311
8619
8769
9077
9231
8465
8619
8923
9077
9231
8465
8619
8923
9077
9231
8465
8619
8923
9077
9231
9385
8465
8773
8923
9077
9231
9381
8465
8769
8923
9077
9231
9381
8619
8769
8923
9077
9227
9381
8615
8769
8923
9077
9227
9381
8465
8769
8923
9077
9227
9381
8615
8769
9077
9231
9381
9535
8465
8769
8923
9077
9231
9381
8619
8769
8923
9231
9385
9381
8619
8769
9077
9231
9385
9539
8619
8773
9077
9231
9385
9539
9535
7246
7400
7554
7708
7708
7862
7862
8017
8017
7246
7400
7554
7708
7708
7862
8017
8017
8017
7246
7400
7554
7708
7708
7862
7862
8017
8017
7246
7400
7554
7708
7708
7862
8017
8017
8017
7246
7400
7554
7708
7862
7862
8017
8017
8017
8171
7400
7554
7554
7708
7862
7862
8017
8017
8171
8171
7400
7554
7554
7708
7862
7862
8017
8017
8171
8171
7400
7554
7554
7708
7862
7862
8013
8013
8167
8167
7400
7554
7708
7708
7859
7859
8013
8013
8167
8167
7400
7554
7708
7708
7862
7862
8017
8017
8167
8167
7400
7554
7708
7708
7862
7862
8017
8017
8171
8171
8171
7400
7554
7708
7708
7862
7862
8017
8017
8171
8171
8167
7400
7554
7708
7708
7862
7862
8017
8017
8171
8171
8167
7400
7554
7708
7708
7862
7862
8017
8017
8171
8171
8167
7400
7554
7708
7708
7862
7862
8017
8017
8171
8171
8171
7400
7554
7708
7708
7862
7862
8017
8017
8171
8171
8171
8171
7400
7554
7708
7708
7862
8017
8013
8013
8164
8164
8164
8318
7397
7551
7705
7705
7859
7859
8013
8013
8167
8167
8167
8322
7400
7554
7705
7705
7859
7859
8013
8013
8167
8167
8167
8322
7400
7554
7708
7862
7862
8017
8017
8017
8171
8167
8167
8322
7692
8000
8154
8458
7692
8000
8308
8458
8612
7846
8154
8304
8458
8766
8000
8154
8304
8612
7846
8154
8304
8458
8766
7846
8154
8304
8458
8766
7846
8150
8304
8458
8766
8000
8304
8458
8612
8762
8000
8150
8458
8612
8762
8000
8304
8458
8612
8762
8000
8304
8458
8612
8766
8000
8304
8458
8612
8766
8000
8304
8458
8612
8766
8000
8308
8458
8612
8766
8916
8154
8304
8458
8612
8766
8916
8154
8304
8458
8612
8766
8916
8154
8304
8458
8612
8766
8916
8154
8304
8458
8612
8766
8919
8000
8308
8458
8612
8766
8919
8154
8304
8612
8766
8919
8916
