462
616
924
1849
2619
3235
3848
4461
4921
5380
4150
4304
4456
4915
5376
5680
6141
6294
6602
6906
5068
5376
5680
6141
6292
6599
6903
7056
7210
6604
6755
7062
7213
7363
7516
7516
7667
7820
7820
5831
6138
6445
6755
6906
7059
7210
7363
7513
7667
5680
5985
6292
6596
6749
6903
7213
7366
7520
7516
5529
5834
6141
6445
6599
6903
7056
7207
7360
7516
5529
5836
6141
6445
6599
6903
7056
7210
7360
7513
6292
6602
6906
7059
7210
7363
7516
7667
7667
7820
7973
5834
6138
6445
6599
6909
7059
7213
7363
7516
7667
7820
5834
6138
6443
6749
6903
7053
7207
7363
7516
7670
7820
5834
6138
6445
6749
6903
7056
7360
7360
7513
7667
7820
7059
7213
7363
7516
7670
7667
7820
7973
7970
8123
8123
5831
6138
6445
6755
6906
7056
7363
7363
7513
7667
7820
5834
6138
6443
6749
6903
7053
7363
7366
7516
7670
7823
7820
5680
5987
6292
6599
6749
7056
7207
7360
7513
7670
7670
7823
5834
6141
6445
6752
6903
7056
7210
7360
7513
7667
7817
7817
6906
7059
7210
7363
7516
7667
7820
7820
7970
7970
8123
8123
5373
5678
5987
6297
6604
6758
7062
7213
7366
7516
7670
7667
5680
5985
6292
6596
6749
7053
7207
7363
7516
7670
7667
7820
7973
8007
8311
8465
8773
8923
8007
8311
8619
8462
8458
8301
8144
5841
5992
6144
6297
6448
6602
6752
6752
6903
5834
6294
6755
7219
7680
7071
7378
7840
8147
8455
7692
8000
8304
8458
8766
8003
8154
8462
8769
8923
9077
8157
8311
8619
8769
9077
9231
8157
8465
8773
8923
9077
9231
8315
8465
8773
8927
9077
9231
8315
8619
8773
8927
9077
9385
8315
8619
8773
8923
9231
9385
8311
8619
8773
9077
9231
9385
8311
8619
8773
9077
9231
9385
8311
8619
8773
9077
9231
9385
8465
8619
8927
9077
9231
9385
8465
8619
8927
9077
9231
9385
8465
8619
8927
9077
9231
9385
9539
8465
8619
8927
9077
9231
9385
9539
8465
8773
8927
9077
9231
9385
9539
7542
7846
8154
8308
8458
7542
7846
8154
8308
8612
7696
7846
8154
8308
8612
7696
8000
8154
8462
8612
7696
8000
8154
8462
8612
7696
8000
8154
8462
8612
7696
8000
8308
8462
8612
7849
8000
8308
8462
8612
7849
8000
8308
8462
8612
7849
8000
8308
8462
8612
8766
7849
8000
8308
8458
8612
8766
7846
8154
8308
8458
8612
8766
7846
8154
8304
8458
8766
8919
7846
8154
8308
8458
8766
8919
7846
8154
8308
8612
8766
8919
8000
8154
8308
8612
8766
8919
8000
8154
8308
8612
8766
8919
8000
8154
8462
8612
8766
8919
8000
8154
8462
8612
8766
8919
8000
8308
8462
8612
8766
8919
6637
6792
6946
6946
7097
7097
7252
7252
7252
7406
7406
7406
7406
7560
7560
6637
6792
6946
6946
7100
7100
7255
7255
7255
7406
7406
7406
7406
7560
7560
6637
6792
6946
6946
7100
7100
7255
7255
7255
7406
7406
7406
7406
7560
7560
6792
6792
6946
6946
7100
7100
7255
7255
7255
7406
7406
7406
7406
7560
7560
6792
6792
6946
6946
7100
7100
7255
7255
7255
7406
7406
7406
7406
7560
7560
7560
6792
6792
6946
6946
7100
7100
7255
7255
7255
7409
7406
7406
7406
7560
7560
7560
6792
6792
6946
7100
7097
7097
7252
7252
7252
7406
7406
7406
7406
7560
7560
7560
6792
6792
6946
7097
7097
7097
7252
7252
7406
7406
7406
7406
7406
7560
7560
7560
7560
6792
6792
6946
7100
7100
7100
7255
7255
7409
7406
7406
7406
7406
7560
7560
7560
7560
6792
6792
6946
7100
7100
7255
7255
7255
7406
7406
7406
7406
7406
7560
7560
7560
7560
6792
6792
6946
7100
7100
7255
7255
7255
7409
7406
7406
7406
7406
7560
7560
7560
7560
7560
6792
6792
6946
7100
7100
7255
7255
7252
7406
7406
7406
7406
7406
7560
7560
7560
7560
7560
6792
6792
6943
7097
7097
7252
7252
7252
7406
7406
7406
7406
7406
7560
7560
7560
7560
7560
6792
6943
6943
7097
7097
7252
7252
7252
7406
7406
7406
7406
7406
7560
7560
7560
7560
7560
6792
6946
6946
7100
7100
7255
7255
7255
7406
7406
7406
7406
7406
7560
7560
7560
7560
7560
7560
6792
6946
6946
7100
7100
7255
7255
7252
7406
7406
7406
7406
7406
7560
7560
7560
7560
7560
7560
6792
6946
6946
7100
7100
7255
7255
7255
7409
7406
7406
7406
7406
7560
7560
7560
7560
7560
7560
6792
6946
6946
7100
7100
7255
7255
7255
7409
7406
7406
7406
7406
7560
7560
7560
7560
7560
7560
7560
6792
6946
6946
7100
7100
7255
7255
7252
7406
7406
7406
7406
7406
7560
7560
7560
7560
7560
7560
7560
6792
6943
6943
7097
7097
7252
7252
7252
7406
7406
7406
7406
7560
7560
7560
7560
7560
7560
7560
7560
