7378
7686
7993
8144
8451
7535
7840
8147
8301
8451
7689
7997
8147
8455
8608
7689
7997
8301
8455
8608
7843
7997
8301
8455
8608
7843
8150
8301
8455
8608
7843
8150
8301
8455
8608
7843
8150
8301
8455
8762
7843
8150
8301
8608
8762
7843
8150
8301
8455
8608
8758
7843
8150
8301
8455
8608
8758
7843
8147
8301
8608
8758
8912
7997
8147
8455
8608
8758
8912
7997
8147
8455
8608
8758
8912
7997
8301
8455
8605
8758
8912
7993
8301
8455
8605
8758
8912
7993
8301
8455
8605
8758
8912
7997
8301
8455
8608
8758
8912
7997
8301
8455
8608
8758
8912
8150
8301
8455
8608
8758
8912
8154
8462
8612
8919
9073
8154
8462
8612
8919
9073
8154
8462
8612
8919
9073
8154
8462
8766
8919
9073
8308
8458
8766
8919
9073
8308
8458
8766
8919
9073
8308
8615
8766
8919
9227
9381
8308
8615
8766
8919
9227
9381
8308
8615
8766
9073
9227
9381
8308
8615
8766
9073
9227
9381
8462
8615
8766
9073
9227
9381
8462
8612
8919
9073
9227
9377
8462
8612
8919
9073
9223
9377
8462
8612
8919
9073
9223
9377
8458
8766
8919
9073
9223
9377
8462
8766
8919
9073
9227
9377
8462
8766
8919
9073
9227
9377
9531
8462
8766
8919
9073
9227
9377
9531
8615
8766
8919
9073
9227
9377
9223
8916
5380
5534
5687
5839
5990
6144
6297
6294
6448
6448
6599
6599
6752
6179
6334
6334
6488
6488
6488
6643
6637
6632
6780
6778
6775
6772
6769
6766
6764
6917
6914
6912
6912
6909
6909
6906
6906
6906
6903
6903
6903
6903
6903
6903
6903
6903
4299
4299
4456
4761
5066
5220
5524
5678
5831
5985
6136
6136
6289
6289
6443
6443
6596
6593
6593
6747
6747
6747
6747
6747
6747
6900
6900
6900
6900
6900
6900
6900
6900
6900
4911
5066
5371
5524
5678
5831
5982
6136
6136
6289
6443
6443
6443
6593
6593
6593
6747
6747
6747
6747
6747
6900
6900
6900
6900
6900
6900
6900
6900
6900
6900
6900
6900
6900
6900
4299
4454
4763
5068
5222
5527
5680
5831
5985
6136
6138
6292
6289
6443
6443
6596
6593
6593
6747
6752
6758
6764
6766
6769
6772
6775
6932
6935
6937
6937
6940
6940
6943
6943
6943
6943
462
615
923
1538
2153
2767
3228
3687
4147
4454
4759
5064
5218
5371
5676
5829
5980
5980
6133
6287
6284
6437
6437
6591
6591
6591
6744
6744
6744
6744
6744
6744
6897
6897
6897
6897
6897
4295
4602
4909
5066
5376
5527
5678
5831
5982
6136
6136
6287
6443
6440
6440
6593
6593
6593
6747
6744
6744
6747
6747
6900
6900
6900
6900
6897
6897
6897
6900
6900
6900
6900
6897
6897
6897
5215
5524
5676
5829
5982
6133
6133
6287
6437
6437
6437
6591
6591
6591
6744
6744
6741
6741
6744
6894
6894
6894
6894
6894
6894
6894
6894
6894
6894
6894
6894
6894
6894
6894
6894
6894
6900
6906
6297
6302
6459
6464
6467
6624
6624
6626
6629
6783
6786
6786
6789
6789
6792
6792
6946
6946
6946
6949
6949
6949
6949
6949
6949
6949
6949
6949
6949
6952
6952
6952
6952
6952
6952
6952
6952
6952
6952
6179
6334
6334
6488
6488
6643
6643
6643
6643
6797
6797
6797
6797
6797
6797
6797
6797
6952
6952
6952
6952
6952
6952
6952
6952
6952
6952
6952
6952
6952
6952
6952
6952
6952
6952
6952
6952
6952
6952
6179
6334
6334
6488
6488
6643
6643
6643
6643
6797
6797
6797
6797
6797
6797
6797
6797
6952
6952
6952
6952
6952
6952
6949
6949
6952
6949
6952
6952
6952
6952
6952
6952
6952
6952
6952
6952
6952
6949
6952
6179
6334
6334
6488
6488
6643
6643
6643
6643
6643
6797
6797
6797
6797
6797
6797
6797
6797
6952
6952
6952
6952
6952
6952
6952
6952
6952
6952
6952
6952
6952
6952
6952
6952
6952
6952
6952
6952
6952
6952
6952
6179
6334
6334
6488
6488
6643
6643
6643
6643
6797
6797
6797
6797
6797
6797
6797
6797
6797
6952
6952
6952
6952
6952
6952
6952
6952
6952
6952
6952
6952
6952
6952
6952
6952
6952
6952
6952
6952
6952
6952
6952
6952
6179
6334
6334
6488
6488
6488
6643
6643
6643
6643
6797
6797
6797
6797
6797
6797
6797
6797
6952
6952
6952
6952
6952
6952
6952
6952
6952
6952
6952
6952
6952
6952
6952
6952
6952
6952
6952
6952
6952
6952
6952
6952
6179
6334
6334
6488
6488
6488
6643
6643
6643
6797
6797
6797
6797
6797
6797
6797
6797
6797
6952
6952
6952
6952
6952
6952
6952
6952
6952
6952
6952
6952
6952
6952
6952
6952
6952
6952
6952
6952
6952
6952
6952
6952
6952
6179
6334
6334
6488
6488
6488
6643
6643
6643
6643
6797
6797
6797
6797
6797
6797
6797
6797
6952
6952
6952
6952
6952
6952
6952
6952
6952
6952
6952
6952
6952
6952
6952
6952
6952
6952
6952
6952
6952
6952
6952
6952
6952
6952
6179
6334
6334
6488
6488
6643
6643
6643
6643
6643
6797
6797
6797
6797
6797
6797
6797
6797
6797
6952
6952
6952
6952
6952
6952
6952
6952
6952
6952
6952
6952
6952
6952
6952
6952
6952
6952
6952
6952
6952
6952
6952
6952
6952
6952
6179
6334
6334
6488
6488
6643
6643
6643
6643
6643
6797
6797
6797
6797
6797
6797
6797
6797
6952
6952
6952
6952
6952
6952
6952
6952
6952
6952
6952
6952
6952
6952
6952
6952
6952
6952
6952
6952
6952
6952
6952
6952
6952
6952
6952
6179
6334
6334
6488
6488
6643
6643
6643
6643
6643
6797
6797
6797
6797
6797
6797
6797
6797
6797
6952
6952
6952
6952
6952
6952
6952
6952
6952
6952
6952
6952
6952
6952
6952
6952
6952
6952
6952
6952
6952
6952
6952
6952
6952
6952
6952
6179
6334
6334
6488
6488
6643
6643
6643
6643
6643
6797
6797
6797
6797
6797
6797
6797
6797
6797
6952
6952
6952
6952
6952
6952
6952
6952
6952
6952
6952
6952
6952
6952
6952
6952
6952
6952
6952
6952
6952
6952
6952
6952
6952
6952
6952
6952
6179
6334
6334
6488
6488
6643
6643
6643
6643
6643
6797
6797
6797
6797
6797
6797
6797
6797
6797
6952
6952
6952
6952
6952
6952
6952
6952
6952
6952
6952
6952
6952
6952
6952
6952
6952
6952
6952
6952
6952
6952
6952
6952
6952
6952
6952
6952
