7225
7686
7840
8147
8297
7382
7689
7993
8147
8455
7538
7843
7997
8301
8455
7538
7843
7997
8304
8455
7692
7843
8150
8301
8608
7689
7997
8150
8455
8608
7689
7997
8150
8455
8608
7689
7997
8147
8455
8608
7689
7997
8147
8455
8608
7689
7997
8147
8455
8608
8762
7689
7997
8150
8455
8608
8762
7692
7997
8150
8455
8608
8762
7846
7997
8304
8455
8608
8762
7843
8150
8304
8455
8608
8762
7843
8150
8304
8455
8608
8762
7843
8150
8304
8455
8608
8762
7997
8150
8304
8608
8762
8916
7997
8150
8304
8608
8762
8762
7843
8150
8304
8455
8608
8762
7692
7997
8150
8455
8608
8762
7846
8150
8458
8612
8919
7846
8154
8458
8612
8919
8000
8308
8462
8766
8919
8000
8308
8462
8766
8919
8003
8308
8615
8769
8919
8157
8308
8615
8769
9073
8157
8308
8615
8769
9073
9227
8157
8308
8615
8769
9073
9227
8157
8462
8615
8923
9073
9227
8157
8462
8615
8923
9073
9227
8308
8462
8769
8919
9073
9227
8308
8462
8766
8919
9073
9227
8308
8462
8766
8919
9073
9227
8308
8615
8766
9073
9227
9381
8308
8615
8766
8919
9073
9381
8462
8612
8919
9073
9227
9377
8308
8615
8766
8919
9227
9381
9381
8462
8615
8919
9073
9227
9381
9535
8462
8615
8923
9073
9227
9381
9535
8462
8615
8923
9073
9227
9381
9535
