463
463
617
617
926
1542
2157
2926
3387
4001
4307
4767
5073
5378
5685
5990
6144
5224
5529
5836
5987
6141
6448
6599
6752
6752
6906
7056
7056
7210
7210
7210
5834
5990
6294
6448
6602
6752
6752
6906
7059
7059
7213
7210
7210
7363
7363
5834
5990
6144
6451
6602
6602
6755
6906
7059
7059
7213
7213
7210
7363
7363
5529
5839
5992
6297
6451
6604
6755
6755
6909
7059
7059
7213
7213
7366
7366
7363
5529
5836
5992
6297
6451
6604
6755
6755
6909
7059
7059
7213
7213
7213
7363
7363
5529
5836
5992
6297
6451
6602
6755
6755
6906
7059
7059
7213
7210
7210
7363
7363
5373
5683
5839
6149
6305
6461
6615
6772
6929
6929
7086
7086
7243
7243
7243
7400
7400
465
465
620
775
1084
1703
2477
3095
3557
4021
4484
4791
5255
5561
5716
6025
6177
6331
6486
5868
6177
6331
6483
6637
6792
6792
6946
7100
7100
7100
7255
7255
7255
7409
7406
7406
6637
6792
6946
6946
7100
7097
7252
7252
7252
7406
7406
7406
7406
7406
7560
7560
7560
7560
6792
6792
6943
7097
7097
7097
7252
7252
7406
7406
7406
7406
7406
7560
7560
7560
7560
7560
6792
6792
6946
7100
7100
7255
7255
7252
7406
7406
7406
7406
7406
7560
7560
7560
7560
7560
6792
6792
6946
7100
7100
7100
7255
7252
7406
7406
7406
7406
7406
7560
7560
7560
7560
7560
7560
6792
6792
6943
7097
7097
7252
7252
7252
7406
7406
7406
7406
7406
7560
7560
7560
7560
7560
7560
6792
6792
6946
7100
7100
7255
7255
7252
7406
7406
7406
7406
7406
7560
7560
7560
7560
7560
7560
6792
6792
6946
7100
7100
7252
7252
7252
7406
7406
7406
7406
7406
7560
7560
7560
7560
7560
7560
6789
6943
6943
7097
7097
7252
7252
7252
7406
7406
7406
7406
7406
7560
7560
7560
7560
7560
7560
7560
6792
6946
6946
7100
7100
7255
7255
7255
7406
7406
7406
7406
7406
7560
7560
7560
7560
7560
7560
7560
6792
6946
6946
7100
7100
7255
7255
7252
7406
7406
7406
7406
7406
7560
7560
7560
7560
7560
7560
7560
8007
8311
8465
8773
8923
8007
8311
8619
8773
8923
8007
8315
8619
8773
8927
8161
8311
8619
8773
9081
8161
8311
8619
8773
9077
8161
8465
8619
8927
9077
8161
8465
8619
8927
9077
9231
8161
8465
8619
8927
9077
9231
8161
8465
8773
8927
9077
9231
8315
8465
8773
8927
9077
9231
8315
8465
8773
8927
9077
9231
8315
8465
8773
8927
9077
9231
8315
8619
8773
8927
9077
9385
8315
8619
8773
8927
9231
9385
8311
8619
8773
8923
9231
9385
8311
8619
8773
9077
9231
9385
8311
8619
8769
9077
9231
9385
9535
8465
8619
8923
9077
9231
9385
9539
8465
8619
8927
9077
9231
9385
9539
8465
8619
8927
9077
9231
9385
9539
7542
7846
8154
8304
8458
7542
7846
8154
8304
8458
7692
7846
8154
8304
8612
7692
8000
8154
8458
8612
7692
8000
8150
8458
8612
7692
8000
8150
8458
8612
7692
8000
8304
8458
8612
7846
8000
8308
8458
8612
7846
8000
8308
8458
8612
7849
8000
8308
8458
8612
8766
7849
8000
8308
8462
8612
8766
7849
8000
8308
8462
8612
8766
7849
8154
8308
8458
8612
8766
7846
8154
8308
8458
8612
8766
7849
8154
8308
8458
8612
8766
7846
8154
8308
8612
8766
8919
8000
8154
8308
8612
8766
8919
8000
8154
8308
8612
8766
8919
8000
8154
8308
8612
8766
8919
8000
8154
8462
8612
8766
8919
