6783
6783
6937
7092
7092
7246
7246
7246
7400
7400
7400
7400
7400
7554
7554
6786
6786
6940
7095
7095
7249
7249
7249
7403
7403
7403
7403
7403
7557
7557
6786
6786
6940
7095
7095
7249
7249
7249
7403
7403
7403
7403
7403
7557
7557
6786
6786
6940
7095
7095
7249
7249
7249
7403
7403
7403
7403
7403
7557
7557
6786
6786
6940
7095
7095
7249
7249
7249
7403
7403
7403
7403
7403
7557
7557
7557
6786
6940
6940
7095
7095
7249
7249
7249
7403
7403
7403
7403
7403
7557
7557
7557
6786
6940
6940
7095
7095
7249
7249
7249
7403
7403
7403
7403
7403
7557
7557
7557
6786
6940
6940
7095
7095
7249
7249
7249
7403
7400
7400
7400
7400
7554
7554
7557
7557
6786
6940
6940
7095
7095
7249
7249
7249
7403
7403
7403
7403
7403
7557
7557
7557
7557
6786
6940
6940
7095
7095
7249
7249
7246
7400
7400
7397
7397
7551
7551
7551
7551
7554
6783
6937
6937
7092
7092
7246
7246
7246
7400
7400
7400
7400
7400
7554
7554
7554
7554
7554
6786
6940
6940
7095
7095
7249
7249
7249
7403
7403
7403
7403
7403
7557
7557
7557
7557
7557
6786
6940
6940
7095
7095
7249
7249
7249
7403
7403
7403
7403
7557
7557
7557
7557
7557
7557
6786
6940
6940
7095
7095
7249
7249
7249
7403
7403
7403
7403
7554
7554
7554
7554
7554
7554
7554
6786
6940
6940
7095
7095
7249
7249
7249
7403
7403
7403
7403
7557
7557
7557
7557
7557
7554
7554
6786
6940
6940
7095
7095
7249
7249
7249
7400
7400
7400
7400
7554
7554
7554
7554
7554
7554
7554
6786
6940
6940
7095
7095
7249
7249
7249
7403
7403
7403
7403
7557
7557
7557
7557
7557
7557
7557
6786
6940
6940
7095
7095
7249
7249
7249
7403
7403
7403
7403
7557
7557
7557
7557
7557
7557
7557
7557
6786
6940
6940
7095
7095
7249
7249
7249
7403
7403
7403
7403
7557
7557
7557
7557
7557
7557
7557
7557
6786
6940
6940
7095
7095
7249
7249
7249
7403
7403
7400
7400
7554
7554
7554
7554
7554
7554
7554
7554
7689
7993
7686
7683
7529
7372
7219
7216
7062
5836
5990
5987
6141
6141
6292
6292
6292
6292
6443
3991
4147
4454
4761
4913
5066
5373
5524
5524
4454
4606
4913
5066
5218
5371
5524
5678
5829
5829
5982
5373
5527
5680
5678
5831
5985
5985
6138
6136
6136
6289
4767
5380
5841
6302
6764
6308
6613
7074
7382
7686
7077
7385
7689
7997
8150
7385
7692
7997
8150
8458
7692
7846
8154
8304
8458
8612
7696
8000
8154
8458
8612
6766
6610
6607
6607
6604
6604
6602
6755
6909
6909
6906
4300
4608
4761
5068
5220
5373
5527
5680
5831
5831
5985
4915
5068
5373
5527
5524
5678
5831
5831
5985
5982
6136
6136
6289
3991
4297
4604
5066
5527
5524
5678
5831
5831
5985
5982
4606
4913
5066
5218
5371
5524
5678
5831
5829
5982
6136
6136
6289
5527
5680
5831
5831
5985
5985
6138
6136
6289
6289
6289
6289
6443
3532
3840
4300
4915
5068
5222
5373
5527
5680
5831
5831
4300
4606
4759
5066
5218
5371
5524
5678
5829
5829
5982
5982
6136
5376
5376
5527
5680
5680
5834
5834
5985
5985
5985
5985
5985
6138
6138
6289
