7240
7394
7548
7702
7702
7856
7856
8010
8010
7243
7397
7551
7548
7702
7856
7856
8010
8010
7243
7397
7548
7702
7702
7856
7856
8010
8010
7243
7394
7548
7702
7702
7856
7856
8010
8010
8164
7243
7397
7551
7705
7702
7856
7856
8010
8010
8164
7243
7397
7551
7705
7705
7856
8010
8010
8010
8164
7243
7397
7551
7705
7705
7856
8010
8010
8010
8164
7243
7397
7551
7702
7856
7856
8010
8010
8010
8164
7243
7397
7548
7702
7856
7856
8010
8010
8010
8164
8164
7243
7397
7551
7702
7856
7856
8010
8010
8010
8164
8164
7397
7551
7551
7705
7859
7856
8010
8010
8164
8164
8164
7397
7551
7551
7705
7859
7856
8010
8010
8164
8164
8164
7397
7551
7551
7705
7856
7856
8010
8010
8164
8164
8164
7397
7551
7705
7705
7856
7856
8010
8010
8164
8164
8164
8318
7397
7551
7705
7705
7859
7856
8010
8010
8164
8164
8164
8318
7397
7551
7705
7705
7859
7856
8010
8010
8164
8164
8164
8318
7397
7551
7705
7705
7856
7856
8010
8010
8164
8164
8164
8318
7397
7551
7702
7702
7856
7856
8010
8010
8164
8164
8164
8318
7397
7548
7702
7702
7856
7856
8010
8010
8164
8164
8164
8318
7397
7551
7705
7702
7856
7856
8010
8010
8164
8164
8164
8318
8318
6786
6786
6940
7095
7095
7249
7249
7249
7403
7400
7400
7400
7400
7554
7554
6786
6786
6940
7095
7095
7246
7246
7246
7400
7400
7400
7400
7400
7554
7554
6786
6786
6940
7095
7095
7249
7249
7249
7403
7403
7403
7403
7403
7557
7557
6786
6940
6940
7095
7095
7249
7249
7249
7403
7403
7403
7403
7403
7557
7557
6786
6940
6940
7095
7095
7249
7249
7249
7403
7403
7403
7403
7557
7557
7557
7557
6786
6940
6940
7095
7095
7249
7249
7249
7403
7403
7403
7400
7400
7554
7554
7554
6786
6940
6940
7095
7095
7246
7246
7246
7400
7400
7400
7400
7554
7554
7554
7554
6786
6940
6940
7095
7095
7249
7249
7249
7403
7403
7403
7403
7554
7554
7554
7554
7554
6786
6940
6940
7095
7095
7249
7246
7246
7400
7400
7400
7400
7554
7554
7554
7554
7554
6786
6940
6940
7095
7095
7249
7249
7249
7403
7403
7403
7403
7557
7557
7557
7557
7557
6786
6940
6940
7095
7095
7249
7249
7249
7403
7403
7403
7403
7557
7557
7557
7557
7557
7557
6786
6940
6940
7095
7095
7249
7249
7249
7403
7403
7403
7403
7557
7557
7557
7557
7557
7557
6786
6940
6940
7095
7095
7249
7249
7249
7403
7403
7403
7403
7557
7557
7557
7557
7557
7557
6786
6940
6940
7095
7095
7249
7249
7249
7403
7403
7400
7394
7545
7538
7535
7532
7529
7526
4761
5070
5378
5683
5834
6138
6292
6443
6596
6749
6900
6900
7053
7050
7204
7204
7357
7357
7357
4755
5064
5369
5676
5829
6133
6287
6440
6593
6747
6897
6897
7050
7050
7204
7204
7357
7357
7357
4755
5064
5369
5676
5829
6133
6287
6440
6593
6744
6897
6897
7050
7050
7204
7204
7354
7354
7354
4602
4909
5215
5522
5829
5982
6287
6440
6593
6747
6744
6897
7050
7050
7204
7204
7357
7354
7354
7354
6136
6287
6440
6593
6744
6897
7050
7050
7204
7204
7204
7357
7354
7354
7507
7507
7507
7507
7507
7507
3990
4299
4606
5064
5371
5676
5829
6133
6287
6440
6591
6744
6897
6897
7050
7047
7201
7201
7354
7354
7542
7846
8154
8308
8458
7542
7846
8154
8308
8612
7696
7846
8154
8304
8612
7538
7843
8150
8301
8455
7692
7843
8150
8304
8608
7692
8000
8150
8458
8612
7692
8000
8150
8458
8612
7692
8000
8304
8458
8612
7846
8000
8304
8458
8612
7846
8000
8304
8458
8612
7846
8000
8308
8458
8612
8766
7849
8000
8308
8458
8612
8766
7849
8154
8308
8458
8612
8766
7846
8154
8308
8458
8766
8919
7846
8154
8308
8612
8766
8919
7846
8154
8308
8612
8766
8919
8000
8154
8462
8612
8766
8919
8000
8154
8462
8612
8766
8919
8000
8154
8458
8612
8766
8916
8000
8154
8458
8612
8766
8916
