6172
6326
6326
6480
6483
6483
6637
6637
6637
6637
6792
6786
6780
6778
6772
6769
6920
6920
6917
6914
6914
6912
6912
6909
6909
6909
6906
6906
6906
6906
6903
6903
6903
4452
4759
5068
5222
5376
5680
5834
5987
5985
6138
6292
6292
6445
6445
6599
6596
6596
6749
6749
6749
6749
6749
6749
6903
6903
6903
6903
6903
6903
6900
6900
6900
6900
6900
4767
5073
5224
5531
5683
5836
5987
6141
6141
6292
6292
6445
6445
6596
6596
6596
6749
6749
6749
6749
6749
6749
6903
6900
6900
6903
6900
6900
6900
6900
6900
6900
6900
6900
4606
4911
5218
5371
5524
5680
5834
5987
6138
6292
6292
6445
6445
6596
6596
6599
6752
6752
6752
6749
6749
6749
6903
6903
6903
6903
6903
6903
6900
6900
6900
6900
6900
6900
6900
4299
4606
4913
5064
5371
5529
5683
5836
5987
6141
6294
6292
6445
6445
6599
6599
6599
6596
6749
6749
6749
6749
6749
6903
6903
6903
6903
6903
6903
6903
6903
6903
6903
6900
6900
6903
6300
6305
6461
6464
6621
6624
6624
6626
6783
6783
6786
6786
6789
6789
6789
6789
6946
6946
6946
6946
6946
6946
6949
6949
6949
6949
6949
6949
6949
6949
6949
6949
6949
6949
6949
6949
6949
6331
6331
6486
6486
6640
6640
6640
6640
6795
6795
6795
6795
6797
6797
6797
6797
6952
6952
6952
6952
6952
6952
6952
6952
6952
6952
6952
6952
6952
6952
6952
6952
6952
6952
6952
6952
6952
6952
6334
6334
6488
6488
6488
6643
6643
6643
6643
6797
6797
6797
6797
6797
6797
6797
6797
6952
6952
6952
6952
6952
6949
6949
6949
6949
6949
6949
6949
6949
6949
6949
6949
6949
6949
6949
6949
6949
6949
6331
6331
6486
6486
6640
6640
6640
6640
6795
6795
6795
6795
6795
6795
6795
6795
6795
6949
6949
6949
6949
6949
6949
6949
6952
6952
6952
6952
6952
6952
6952
6952
6952
6952
6952
6952
6952
6952
6952
6334
6334
6488
6488
6643
6643
6643
6643
6797
6797
6797
6797
6797
6797
6797
6797
6952
6952
6952
6952
6952
6952
6952
6952
6952
6952
6952
6952
6952
6952
6952
6952
6952
6952
6952
6952
6952
6952
6952
6952
6334
6334
6488
6488
6488
6643
6643
6643
6643
6797
6797
6797
6797
6797
6797
6797
6797
6952
6952
6952
6952
6952
6952
6952
6952
6952
6952
6952
6952
6952
6952
6952
6952
6952
6952
6952
6952
6952
6952
6949
6949
6334
6334
6488
6488
6643
6640
6640
6640
6795
6795
6795
6795
6795
6795
6795
6795
6795
6949
6949
6952
6952
6952
6952
6952
6952
6952
6952
6952
6952
6952
6952
6952
6952
6952
6952
6952
6952
6952
6952
6952
6952
6334
6334
6488
6488
6488
6643
6643
6643
6643
6797
6797
6797
6797
6797
6797
6797
6797
6952
6952
6952
6952
6952
6952
6952
6952
6952
6952
6952
6952
6952
6952
6952
6952
6952
6952
6952
6952
6952
6952
6952
6952
6952
6334
6334
6488
6488
6488
6643
6643
6643
6643
6797
6797
6797
6797
6797
6797
6797
6797
6952
6952
6952
6952
6952
6952
6952
6952
6952
6952
6952
6952
6952
6952
6952
6952
6949
6949
6949
6949
6949
6949
6949
6949
6949
6949
6331
6331
6486
6486
6640
6643
6643
6643
6797
6797
6797
6797
6797
6797
6797
6797
6797
6952
6952
6952
6952
6952
6952
6952
6952
6952
6952
6952
6952
6952
6952
6952
6952
6952
6952
6952
6952
6952
6952
6952
6952
6952
6952
6334
6334
6488
6488
6488
6643
6643
6643
6643
6797
6797
6797
6797
6797
6797
6797
6797
6952
6952
6952
6952
6952
6952
6952
6952
6952
6952
6952
6952
6952
6952
6952
6952
6952
6952
6952
6952
6952
6952
6952
6952
6949
6949
6949
6334
6334
6486
6486
6640
6640
6640
6640
6640
6795
6795
6795
6795
6795
6795
6795
6795
6949
6949
6949
6949
6949
6949
6949
6949
6949
6949
6949
6949
6949
6949
6949
6949
6949
6949
6952
6952
6952
6952
6952
6952
6952
6952
6952
6952
6334
6334
6488
6488
6488
6643
6643
6643
6643
6797
6797
6797
6797
6797
6797
6797
6797
6797
6952
6952
6952
6952
6952
6952
6952
6952
6952
6952
6952
6952
6952
6952
6952
6952
6952
6952
6952
6952
6952
6952
6952
6952
6952
6952
6952
6952
6334
6334
6488
6488
6488
6643
6643
6643
6643
6797
6797
6797
6797
6797
6797
6797
6797
6952
6952
6952
6952
6952
6952
6952
6952
6952
6952
6952
6952
6952
6952
6952
6952
6952
6952
6952
6952
6952
6952
6949
6949
6949
6949
6952
6949
6949
6949
6334
6331
6486
6486
6640
6640
6640
6640
6795
6795
6795
6797
6797
6797
6797
6797
6797
6952
6952
6952
6952
6952
6952
6952
6952
6952
6952
6952
6952
6952
6952
6952
6952
6952
6952
6952
6952
6952
6952
6952
6952
6952
6952
6952
6952
6952
6952
7246
7400
7554
7708
7708
7862
8017
8017
8017
7246
7400
7554
7708
7708
7862
8017
8017
8017
7246
7400
7554
7708
7708
7862
7862
8017
8017
7400
7400
7554
7708
7862
7862
8017
8017
8017
7400
7554
7554
7708
7862
7862
8017
8017
8013
7246
7400
7554
7708
7862
7859
8013
8013
8013
8167
7400
7400
7554
7708
7862
7859
8013
8013
8013
8167
7400
7400
7554
7708
7862
7859
8013
8013
8013
8167
7400
7554
7554
7708
7862
7862
8017
8017
8167
8167
7400
7554
7708
7708
7862
7862
8017
8017
8171
8171
7400
7554
7554
7708
7862
7862
8017
8017
8171
8171
8171
7400
7554
7708
7708
7862
7862
8017
8017
8171
8171
8171
7400
7554
7708
7708
7862
7862
8017
8017
8171
8171
8167
7400
7554
7708
7708
7862
8017
8017
8017
8171
8171
8171
7400
7554
7708
7708
7862
7862
8017
8017
8171
8171
8171
8171
7400
7554
7708
7862
7862
8017
8017
8017
8171
8171
8171
8325
7554
7554
7708
7862
7862
8017
8017
8167
8167
8167
8167
8322
7554
7554
7708
7862
7862
8013
8013
8167
8167
8167
8167
8322
7400
7554
7708
7862
7862
8017
8017
8017
8171
8167
8167
8322
7554
7554
7708
7862
7862
8017
8017
8171
8171
8167
8167
8322
8157
8465
8619
8923
9077
8157
8465
8773
8923
9077
8311
8465
8769
8923
9077
8157
8465
8769
8923
9077
8311
8615
8769
9077
9231
8311
8619
8769
8923
9077
8311
8619
8769
9077
9231
8465
8619
8923
9077
9231
8465
8619
8923
9077
9231
8465
8619
8923
9077
9231
9385
8465
8773
8923
9077
9231
9385
8465
8773
8923
9077
9231
9385
8619
8773
8923
9077
9385
9385
8619
8773
8923
9077
9231
9385
8465
8773
8923
9077
9231
9385
8619
8769
9077
9231
9385
9539
8619
8773
8923
9077
9231
9385
8619
8773
9077
9231
9385
9539
8619
8769
9077
9231
9385
9539
8619
8769
9077
9231
9385
9535
9535
7846
8000
8308
8458
7846
8000
8308
8458
7846
8000
8308
8458
8612
7846
8154
8304
8612
8766
8000
8154
8304
8612
8766
8000
8154
8458
8612
8766
8000
8154
8458
8612
8766
7846
8154
8304
8612
8766
8000
8150
8458
8612
8766
8000
8304
8458
8612
8762
8000
8150
8304
8612
8766
8916
8000
8304
8458
8612
8762
8000
8304
8458
8612
8762
7997
8304
8458
8612
8762
8916
8154
8304
8458
8612
8766
8916
8154
8304
8458
8766
8766
8916
8154
8304
8458
8766
8919
8916
8154
8304
8458
8612
8766
8916
8154
8304
8458
8612
8766
8916
8154
8304
8612
8766
8919
9069
