8150
8304
8608
8762
9069
8154
8458
8612
8919
9069
8154
8458
8612
8919
9073
8154
8462
8766
8919
9073
8308
8458
8766
8919
9073
8308
8458
8766
8919
9069
8308
8458
8766
8919
9069
9223
8308
8612
8766
8919
9223
9377
8150
8455
8762
8912
9066
9219
8304
8608
8762
8916
9069
9223
8304
8612
8762
9069
9223
9377
8304
8612
8766
9069
9223
9377
8458
8612
8919
9073
9223
9377
8462
8612
8919
9073
9227
9377
8462
8612
8919
9073
9227
9377
8462
8766
8919
9073
9227
9377
8462
8766
8919
9073
9227
9377
9531
8462
8766
8919
9073
9227
9377
9531
8462
8766
8919
9073
9227
9377
9531
8462
8766
8919
9073
9227
9377
9531
