6783
6783
6937
7092
7092
7246
7246
7246
7400
7400
7400
7400
7548
7545
4925
5079
5384
5690
5995
6146
6300
6451
6602
6755
6909
6906
7059
7056
7210
5680
5987
6138
6292
6445
6596
6749
6903
7056
7056
7207
7207
7207
7360
7360
6138
6292
6445
6596
6749
6903
6903
7056
7056
7210
7210
7363
7363
7363
7363
5066
5376
5680
5834
6138
6292
6445
6596
6749
6903
6903
7056
7053
7207
7207
7360
5680
5831
6138
6292
6443
6596
6749
6903
6900
7056
7053
7207
7207
7360
7360
7360
5831
5985
6138
6443
6596
6749
6749
6900
7053
7053
7207
7207
7207
7360
7360
7360
5678
5985
6136
6289
6443
6596
6749
6900
7053
7053
7207
7207
7207
7360
7360
7360
5524
5831
6138
6289
6443
6596
6749
6900
6900
7053
7053
7207
7207
7360
7360
7360
7360
5678
5831
6138
6289
6443
6596
6749
6900
6900
7053
7053
7207
7207
7360
7360
7360
7360
5220
5527
5831
5985
6292
6443
6596
6749
6749
6900
7053
7056
7216
7219
7222
7378
7382
462
616
770
1540
2309
2924
3384
3998
4459
4769
5077
5384
5690
5995
6146
6300
6451
6604
6755
4917
5376
5529
5834
5987
6297
6453
6604
6758
6755
6909
7059
7059
7213
7213
7213
7363
7363
5529
5680
5987
6144
6297
6451
6602
6755
6909
6906
7059
7213
7213
7213
7366
7363
7363
7363
5685
5992
6144
6297
6448
6602
6755
6909
6906
7059
7059
7213
7213
7363
7363
7363
7363
7516
7520
5531
5836
5990
6141
6448
6602
6599
6752
6906
7059
7059
7213
7210
7210
7366
7369
7369
7369
7520
5683
5836
6144
6294
6448
6602
6752
6906
6906
7059
7059
7210
7213
7216
7375
7378
7382
7385
7542
6624
6778
6935
6935
7092
7092
7246
7246
7249
7403
7403
7403
7403
7557
7557
7557
7557
7557
7557
7560
6789
6943
6943
7097
7097
7252
7252
7252
7406
7406
7406
7406
7560
7560
7560
7560
7560
7560
7560
7560
6792
6946
6946
7100
7100
7255
7255
7252
7406
7406
7406
7406
7560
7560
7560
7560
7560
7560
7560
7560
8007
8315
8465
8773
8923
8007
8311
8619
8773
8923
8007
8311
8619
8769
8923
8157
8311
8619
8769
9077
8157
8311
8619
8769
9077
8161
8465
8619
8927
9077
8161
8465
8619
8927
9077
9231
8161
8465
8619
8927
9077
9231
8161
8465
8773
8927
9077
9231
8315
8465
8773
8927
9077
9231
8315
8465
8773
8927
9077
9231
8315
8465
8773
8927
9077
9231
8315
8619
8773
8927
9077
9385
8315
8619
8773
8927
9231
9385
8315
8619
8773
9081
9231
9385
8315
8619
8773
9081
9231
9385
8311
8619
8773
9077
9231
9385
9539
8465
8619
8927
9077
9231
9381
9535
8462
8615
8919
9073
9227
9381
9535
8462
8615
8923
9077
9227
9381
9535
7542
7849
8000
8308
8458
7542
7849
8154
8308
8458
7542
7846
8154
8308
8612
7696
7846
8154
8308
8612
7696
8000
8154
8462
8612
7696
8000
8154
8462
8612
7696
8000
8308
8462
8612
7696
8000
8308
8462
8612
7849
8000
8308
8458
8612
7849
8000
8308
8458
8612
7846
8000
8308
8458
8612
8766
7846
8000
8308
8458
8612
8766
7846
8154
8308
8458
8612
8766
7846
8154
8308
8458
8612
8766
7846
8154
8308
8458
8766
8766
7846
8154
8308
8612
8766
8919
7846
8154
8308
8612
8766
8919
8000
8154
8308
8612
8766
8919
8000
8154
8462
8612
8766
8919
8000
8154
8462
8612
8766
8919
