7378
7686
7993
8144
8451
7535
7840
8147
8297
8451
7689
7993
8147
8455
8605
7689
7993
8301
8455
8605
7843
7993
8301
8455
8608
7843
7997
8301
8455
8608
7843
8150
8301
8455
8608
7843
8147
8301
8455
8758
7843
8147
8301
8455
8758
7843
8147
8301
8455
8605
8758
7843
8147
8301
8455
8608
8758
7843
8150
8301
8608
8762
8912
7997
8150
8455
8608
8762
8912
7997
8147
8455
8608
8762
8912
7997
8147
8455
8608
8762
8912
7997
8301
8455
8608
8762
8912
7997
8301
8455
8608
8762
8912
7997
8301
8455
8608
8762
8912
7997
8301
8455
8608
8758
8912
7997
8301
8455
8608
8758
8912
6786
6786
6940
7095
7095
7249
7249
7249
7403
7403
7403
7403
7403
7554
7551
4311
4465
4617
5075
5380
5685
5836
6141
6294
6445
6599
6749
6903
6903
7053
5831
6138
6289
6443
6593
6747
6900
6900
7053
7050
7204
7204
7357
7357
7354
6136
6289
6443
6593
6747
6900
6897
7050
7050
7204
7204
7357
7357
7354
7354
6136
6289
6440
6593
6747
6897
6897
7050
7050
7204
7204
7354
7354
7354
7354
5982
6133
6440
6593
6747
6744
6897
7050
7050
7204
7201
7201
7354
7354
7354
7507
5982
6133
6287
6440
6591
6744
6897
7050
7050
7204
7204
7201
7354
7354
7354
7507
5829
6133
6287
6440
6591
6744
6897
6897
7050
7047
7201
7201
7354
7354
7354
7354
5827
5980
6133
6440
6591
6744
6744
6897
7050
7047
7201
7201
7354
7354
7354
7354
7507
5676
5827
6133
6287
6437
6591
6744
6897
6897
7050
7050
7201
7201
7354
7354
7354
7354
5522
5827
5980
6287
6437
6591
6744
6744
6897
7050
7047
7207
7213
7216
7375
7378
7382
6618
6775
6932
6932
7089
7089
7243
7246
7246
7400
7400
7400
7403
7557
7557
7557
7557
7557
6789
6789
6943
7097
7097
7252
7252
7252
7406
7406
7406
7406
7560
7560
7560
7560
7560
7560
6792
6946
6946
7100
7100
7255
7255
7252
7406
7406
7406
7406
7560
7560
7560
7560
7560
7560
6792
6946
6946
7100
7100
7255
7255
7252
7406
7406
7406
7406
7560
7560
7560
7560
7560
7560
7560
6792
6943
6943
7097
7097
7252
7252
7252
7406
7406
7406
7406
7560
7560
7560
7560
7560
7560
7560
6792
6946
6946
7100
7100
7255
7255
7255
7409
7406
7406
7406
7560
7560
7560
7560
7560
7560
7560
6792
6946
6946
7100
7097
7252
7252
7252
7406
7406
7406
7406
7560
7560
7560
7560
7560
7560
7560
7560
6792
6946
6946
7100
7097
7252
7252
7252
7406
7406
7406
7406
7560
7560
7560
7560
7560
7560
7560
7560
6792
6946
6946
7100
7100
7255
7252
7252
7406
7406
7406
7406
7560
7560
7560
7560
7560
7560
7560
7560
7095
7249
7400
7554
7708
7708
7862
8017
8017
7095
7249
7403
7554
7708
7862
7862
8017
8017
7249
7403
7403
7554
7708
7862
7862
8017
8017
7249
7403
7403
7554
7708
7862
7862
8017
8017
8017
7249
7403
7557
7554
7708
7862
7862
8017
8017
8171
7249
7403
7554
7554
7708
7862
7862
8017
8017
8171
7249
7400
7554
7554
7708
7862
7862
8017
8017
8171
7246
7400
7554
7708
7708
7862
7862
8017
8017
8171
7249
7403
7554
7708
7708
7862
7862
8017
8017
8171
8171
7249
7403
7554
7708
7708
7862
7862
8017
8017
8171
8171
7249
7403
7554
7708
7708
7862
7862
8017
8017
8171
8171
7246
7400
7554
7708
7708
7862
7862
8017
8017
8171
8167
7246
7400
7554
7708
7708
7862
7862
8017
8017
8171
8171
7249
7400
7554
7708
7708
7862
8017
8017
8017
8171
8171
7249
7403
7554
7708
7862
7862
8017
8017
8017
8171
8171
8171
7249
7403
7554
7708
7862
7862
8017
8017
8017
8171
8171
8171
7246
7400
7554
7708
7862
7862
8017
8017
8017
8167
8167
8167
7400
7400
7554
7708
7862
7862
8017
8017
8017
8171
8171
8171
7403
7400
7554
7708
7862
7862
8017
8017
8017
8171
8171
8171
7400
7400
7554
7708
7862
7862
8017
8017
8017
8167
8167
8167
8322
6179
6334
6334
6488
6488
6488
6643
6643
6643
6643
6797
6797
6797
6797
6797
6797
6797
6797
6797
6952
6952
6952
6952
6952
6952
6952
6952
6952
6952
6952
6952
6952
6952
6952
6179
6334
6334
6488
6488
6488
6643
6643
6643
6643
6797
6797
6797
6797
6797
6797
6797
6797
6797
6952
6952
6952
6952
6952
6952
6952
6952
6952
6952
6952
6952
6952
6952
6952
6179
6334
6334
6488
6488
6488
6643
6643
6643
6643
6797
6797
6797
6797
6797
6797
6797
6797
6797
6952
6952
6952
6952
6952
6952
6952
6952
6952
6952
6952
6952
6952
6952
6952
6952
6179
6334
6334
6488
6488
6488
6643
6643
6643
6643
6797
6797
6797
6797
6797
6797
6797
6797
6797
6952
6952
6952
6952
6952
6952
6952
6952
6952
6952
6952
6952
6952
6952
6952
6952
6952
6179
6334
6334
6488
6488
6488
6643
6643
6643
6643
6797
6797
6797
6797
6797
6797
6797
6797
6797
6952
6952
6952
6952
6952
6952
6952
6952
6952
6952
6952
6952
6952
6952
6952
6952
6952
6952
6179
6334
6334
6488
6488
6488
6643
6643
6643
6643
6797
6797
6797
6797
6797
6797
6797
6797
6797
6952
6952
6952
6952
6952
6952
6952
6952
6952
6952
6952
6952
6952
6952
6952
6952
6952
6952
6179
6334
6334
6488
6488
6488
6643
6643
6643
6643
6797
6797
6797
6797
6797
6797
6797
6797
6797
6797
6952
6952
6952
6952
6952
6952
6952
6952
6952
6952
6952
6952
6952
6952
6952
6952
6952
6952
6179
6334
6334
6488
6488
6488
6643
6643
6643
6643
6797
6797
6797
6797
6797
6797
6797
6797
6797
6952
6952
6952
6952
6952
6952
6952
6952
6952
6952
6952
6952
6952
6952
6952
6952
6952
6952
6952
6952
6179
6334
6334
6488
6488
6488
6643
6643
6643
6643
6797
6797
6797
6797
6797
6797
6797
6797
6797
6952
6952
6952
6952
6952
6952
6952
6952
6952
6952
6952
6952
6952
6952
6952
6952
6952
6952
6952
6952
6952
6179
6334
6334
6488
6488
6488
6643
6643
6643
6643
6797
6797
6797
6797
6797
6797
6797
6797
6797
6952
6952
6952
6952
6952
6952
6952
6952
6952
6952
6952
6952
6952
6952
6952
6952
6952
6952
6952
6952
6952
6179
6334
6334
6488
6488
6488
6643
6643
6643
6643
6797
6797
6797
6797
6797
6797
6797
6797
6797
6952
6952
6952
6952
6952
6952
6952
6952
6952
6952
6952
6952
6952
6952
6952
6952
6952
6952
6952
6952
6952
6952
6179
6334
6334
6488
6488
6488
6643
6643
6643
6643
6797
6797
6797
6797
6797
6797
6797
6797
6797
6952
6952
6952
6952
6952
6952
6952
6952
6952
6952
6952
6952
6952
6952
6952
6952
6952
6952
6952
6952
6952
6952
6952
6179
6334
6334
6488
6488
6488
6643
6643
6643
6643
6797
6797
6797
6797
6797
6797
6797
6797
6797
6952
6952
6952
6952
6952
6952
6952
6952
6952
6952
6952
6952
6952
6952
6952
6952
6952
6952
6952
6952
6952
6952
6952
6179
6334
6334
6488
6488
6488
6643
6643
6643
6643
6797
6797
6797
6797
6797
6797
6797
6797
6797
6952
6952
6952
6952
6952
6952
6952
6952
6952
6952
6952
6952
6952
6952
6952
6952
6952
6952
6952
6952
6952
6952
6952
6952
6179
6334
6334
6488
6488
6488
6643
6643
6643
6643
6797
6797
6797
6797
6797
6797
6797
6797
6797
6797
6952
6952
6952
6949
6952
6952
6949
6952
6952
6952
6952
6952
6952
6952
6952
6952
6952
6952
6952
6952
6952
6952
6952
6952
6179
6334
6334
6488
6488
6488
6643
6643
6643
6643
6797
6797
6797
6797
6797
6797
6797
6797
6797
6952
6952
6952
6952
6952
6952
6952
6952
6952
6952
6952
6952
6952
6952
6952
6952
6952
6952
6952
6952
6952
6952
6952
6952
6952
6952
6179
6334
6334
6488
6488
6488
6643
6643
6643
6643
6797
6797
6797
6797
6797
6797
6797
6797
6797
6952
6952
6952
6952
6952
6952
6952
6952
6952
6952
6952
6952
6952
6952
6952
6952
6952
6952
6952
6952
6952
6952
6952
6952
6952
6952
6179
6334
6334
6488
6488
6488
6643
6643
6643
6643
6797
6797
6797
6797
6797
6797
6797
6797
6797
6952
6952
6952
6952
6952
6952
6952
6952
6952
6952
6952
6952
6952
6952
6952
6952
6952
6952
6952
6952
6952
6952
6952
6952
6952
6952
6952
6179
6334
6334
6488
6488
6488
6643
6643
6643
6643
6797
6797
6797
6797
6797
6797
6797
6797
6797
6952
6952
6952
6952
6952
6952
6952
6952
6952
6952
6952
6952
6952
6952
6952
6952
6952
6952
6952
6952
6952
6952
6952
6952
6952
6952
6952
6952
6179
6334
6334
6488
6488
6488
6643
6643
6643
6643
6797
6797
6797
6797
6797
6797
6797
6797
6797
6952
6952
6952
6952
6949
6952
6952
6952
6952
6952
6949
6952
6952
6952
6952
6952
6952
6952
6952
6952
6952
6952
6952
6952
6952
6952
6952
6952
