462
616
925
1233
1541
2466
3390
3389
4003
4463
4767
5073
5380
5685
5836
4763
5068
5376
5527
5831
5985
6445
6906
5534
6149
6610
7071
7532
6923
7385
7692
7997
8304
7542
7846
8154
8462
8769
7849
8157
8462
8769
8923
9077
8003
8311
8619
8769
9077
9231
8161
8465
8619
8927
9077
9231
8161
8465
8773
8927
9077
9231
8315
8465
8773
8927
9077
9231
8315
8465
8773
8927
9077
9231
8315
8465
8773
8923
9077
9231
8311
8619
8769
8923
9231
9385
8311
8619
8769
8923
9231
9385
8311
8619
8769
9077
9231
9385
8465
8619
8773
9077
9231
9385
9539
8465
8619
8927
9077
9231
9385
9539
8465
8619
8927
9077
9231
9385
9539
8465
8619
8927
9077
9231
9385
9539
