6629
6783
6783
6937
7092
7092
7092
7246
7246
7246
7400
7400
7400
7400
7554
6786
6786
6940
6940
7095
7095
7249
7249
7249
7403
7403
7403
7403
7557
7557
6786
6786
6940
7095
7095
7249
7249
7249
7403
7403
7403
7403
7403
7557
7557
6786
6786
6940
7095
7095
7249
7249
7249
7403
7403
7400
7400
7400
7554
7554
6786
6940
6940
7095
7095
7249
7249
7249
7403
7403
7403
7403
7403
7557
7557
7557
6786
6940
6940
7095
7095
7249
7249
7249
7403
7403
7403
7403
7403
7557
7557
7557
6786
6940
6940
7095
7095
7249
7249
7249
7403
7403
7403
7403
7403
7557
7557
7557
6786
6940
6940
7095
7095
7249
7249
7249
7403
7403
7403
7403
7403
7557
7557
7557
7557
6786
6940
6940
7095
7095
7249
7249
7249
7403
7403
7403
7403
7403
7557
7557
7557
7557
6786
6940
6940
7095
7095
7249
7249
7249
7403
7403
7403
7403
7403
7557
7557
7557
7554
6786
6940
6940
7095
7095
7249
7249
7249
7403
7400
7400
7400
7554
7557
7557
7557
7557
7557
6786
6940
6940
7095
7095
7249
7249
7249
7403
7403
7403
7403
7557
7557
7557
7557
7557
7557
6786
6940
6940
7095
7089
7237
7234
7385
7382
7378
7375
7526
7526
7523
7520
7520
7516
7516
6294
6445
6599
6749
6903
6900
7053
7053
7207
7204
7357
7357
7357
7357
7510
7507
7507
7507
5062
5369
5673
5980
6133
6284
6437
6591
6744
6897
6897
7050
7201
7201
7201
7354
7354
7354
7354
4602
4911
5218
5522
5829
5980
6287
6440
6593
6744
6744
6897
7050
7050
7204
7201
7354
7354
7354
4295
4602
4909
5215
5522
5827
5980
6287
6440
6591
6744
6744
6897
7050
7050
7204
7204
7354
7354
6443
6593
6747
6900
6897
7050
7050
7204
7204
7357
7354
7354
7354
7507
7507
7507
7507
7507
7507
4448
4602
4757
5064
5369
5676
5980
6133
6287
6440
6593
6744
6897
6897
7050
7204
7204
7204
7357
7357
4459
4769
5231
5387
5697
6005
6161
6315
6472
6626
6780
6937
6937
7092
7092
7249
7249
7249
7403
7403
