7086
7240
7394
7548
7702
7702
7856
7856
8010
7243
7397
7548
7548
7702
7856
7856
8010
8010
7243
7397
7551
7705
7702
7856
7856
8010
8010
7243
7397
7551
7705
7702
7856
8010
8010
8010
8164
7243
7397
7551
7705
7856
7856
8010
8010
8010
8164
7243
7397
7551
7705
7859
7856
8010
8010
8010
8164
7397
7397
7551
7705
7859
7856
8010
8010
8164
8164
7397
7397
7548
7702
7856
7856
8010
8010
8164
8164
7397
7548
7548
7702
7856
7856
8010
8010
8164
8164
8164
7397
7551
7551
7702
7856
7856
8010
8010
8164
8164
8164
7397
7551
7551
7705
7856
7856
8010
8010
8164
8164
8164
7397
7551
7551
7705
7856
7856
8010
8010
8164
8164
8164
7397
7551
7551
7705
7856
7856
8010
8010
8164
8164
8164
7397
7551
7705
7705
7856
7856
8010
8010
8164
8164
8164
8318
7397
7551
7705
7705
7859
7856
8010
8010
8164
8164
8164
8318
7397
7551
7705
7705
7856
7856
8010
8010
8164
8164
8164
8318
7397
7551
7705
7705
7856
7856
8010
8010
8164
8164
8164
8318
7397
7551
7702
7702
7856
7856
8010
8010
8164
8164
8164
8318
7394
7548
7702
7702
7856
7856
8010
8010
8164
8164
8164
8318
7397
7551
7705
7702
7856
8010
8010
8010
8164
8164
8164
8318
8318
8154
8458
8612
8916
9069
8154
8458
8612
8919
9069
8154
8458
8612
8919
9069
8154
8458
8766
8919
9069
8154
8458
8766
8919
9073
8308
8458
8766
8919
9073
8308
8612
8766
8919
9227
9377
8308
8612
8766
8919
9223
9377
8308
8612
8766
9069
9223
9377
8458
8612
8766
9069
9223
9377
8458
8612
8919
9073
9223
9377
8462
8612
8919
9073
9223
9377
8462
8612
8919
9073
9223
9377
8462
8766
8919
9073
8762
8451
8297
7987
7833
7676
5836
5990
5987
6141
6292
6445
6445
6596
6596
6596
6749
6747
6747
4450
5064
5524
5678
5829
5982
6136
6289
6287
6440
6440
6593
5680
5834
5985
6138
6136
6289
6443
6443
6593
6593
6593
6747
6747
4145
4759
5373
5834
5987
6141
6292
6292
6445
6443
6596
5066
5371
5524
5831
5982
5982
6136
6289
6443
6443
6593
6593
6747
6747
4297
4604
5218
5678
5831
5985
6136
6289
6289
6443
6443
6593
