6172
6172
6326
6326
6480
6480
6480
6635
6637
6637
6637
6792
6792
6792
6792
6792
6792
6792
6792
6946
6946
6946
6946
6946
6940
6935
6932
6926
6923
6920
6917
6914
6912
5683
5836
5987
6138
6138
6289
6443
6443
6440
6593
6593
6591
6744
6744
6744
6744
6744
6894
6894
6894
6894
6894
6894
6894
6894
6894
6894
6894
6894
6894
6894
6894
6894
6894
5215
5367
5673
5827
5980
5980
6131
6284
6284
6437
6437
6591
6591
6591
6744
6744
6744
6741
6741
6894
6894
6894
6894
6894
6894
6894
6894
6894
6894
6894
6894
6894
6894
6894
4600
4907
5060
5369
5522
5676
5827
5980
6133
6131
6284
6437
6437
6591
6591
6591
6591
6744
6744
6741
6741
6741
6894
6894
6894
6894
6894
6894
6894
6894
6894
6894
6894
6894
6894
4448
4757
5064
5215
5522
5676
5827
5980
6133
6133
6289
6294
6453
6456
6615
6618
6621
6624
6780
6780
6783
6786
6786
6786
6789
6789
6946
6946
6946
6946
6946
6949
6949
6949
6949
6949
1380
1994
2606
3065
3525
3985
4290
4596
4902
5207
5360
5513
5819
5819
5972
6126
6276
6276
6429
6429
6582
6582
6582
6735
6735
6735
6735
6735
6888
6888
6888
6888
6888
6888
6888
6888
6888
5364
5515
5668
5822
5972
6126
6279
6279
6432
6432
6582
6582
6582
6735
6735
6735
6735
6735
6888
6888
6888
6888
6888
6888
6888
6888
6888
6888
6888
6888
6888
6888
6888
6888
7042
7042
7042
5060
5364
5518
5668
5822
5975
6126
6126
6279
6432
6432
6585
6585
6582
6738
6735
6735
6735
6735
6888
6888
6888
6888
6888
6888
6888
6888
6888
6888
6888
6888
6888
6888
6888
6888
7042
7042
7042
4291
4600
4907
5211
5364
5515
5668
5822
5972
6131
6289
6294
6453
6456
6459
6618
6621
6621
6778
6780
6783
6783
6786
6786
6789
6789
6943
6946
6946
6946
6946
6946
6946
6949
6949
6949
6949
6949
6949
1381
1995
2609
3069
3528
3988
4293
4600
4907
5213
5364
5518
5671
5824
5977
6131
6281
6281
6435
6435
6588
6588
6588
6741
6741
6741
6741
6741
6894
6894
6894
6894
6894
6894
6894
6894
6894
6894
6894
5673
5827
5980
5980
6131
6284
6284
6437
6437
6591
6588
6588
6741
6741
6741
6741
6741
6894
6894
6894
6894
6894
6894
6894
6894
6894
6894
6894
6894
6894
6894
6894
6894
6894
7047
7047
7047
7047
7047
7047
5520
5673
5827
5980
6131
6131
6284
6437
6437
6437
6591
6591
6588
6741
6741
6741
6741
6741
6894
6894
6894
6894
6894
6894
6894
6894
6894
6894
6894
6894
6894
6894
6894
6894
7047
7047
7047
7047
7047
7053
7059
1229
1843
2456
3070
3529
3836
4295
4602
4907
5060
5367
5520
5673
5824
5977
6131
6284
6284
6437
6437
6588
6588
6588
6741
6741
6744
6744
6741
6894
6894
6894
6894
6894
6894
6894
6894
6894
6894
6894
6894
6894
6894
4757
4915
5220
5371
5678
5829
5982
5980
6133
6289
6289
6440
6440
6593
6593
6591
6744
6744
6744
6744
6744
6894
6894
6894
6897
6894
6894
6894
6894
6894
6894
6894
6894
6894
6894
6894
7047
7047
7047
7047
7047
7047
4602
4911
5218
5369
5522
5673
5827
5980
6131
6284
6284
6437
6437
6591
6588
6588
6741
6741
6741
6741
6741
6894
6894
6894
6894
6894
6894
6894
6894
6894
6894
6894
6894
6894
6894
6894
7047
7047
7047
7047
7047
7047
7047
4448
4753
4907
5215
5369
5676
5829
5980
5980
6133
6287
6284
6437
6443
6602
6607
6610
6615
6772
6775
6778
6780
6780
6783
6940
6940
6940
6943
6943
6943
6946
6946
6946
6946
6946
6949
6949
6949
6949
6949
6949
6949
6949
6949
6334
6334
6488
6488
6643
6643
6643
6643
6797
6797
6797
6797
6797
6797
6797
6797
6952
6952
6952
6952
6952
6952
6952
6952
6949
6949
6949
6949
6949
6949
6949
6949
6949
6949
6949
6949
6949
6949
6949
6949
6949
6949
6949
6952
6952
6334
6488
6488
6488
6643
6643
6643
6643
6797
6797
6797
6797
6797
6797
6797
6952
6952
6952
6952
6952
6952
6952
6952
6952
6952
6952
6952
6952
6952
6952
6952
6952
6952
6952
6952
6952
6952
6952
6952
6952
6952
6952
6952
6952
6952
6952
6334
6488
6488
6488
6643
6643
6643
6643
6797
6797
6797
6797
6797
6797
6797
6797
6952
6952
6952
6952
6952
6952
6952
6952
6952
6952
6952
6952
6952
6952
6952
6952
6952
6952
6952
6952
6952
6952
6952
6952
6952
6952
6952
6952
6952
6952
6334
6334
6488
6488
6643
6643
6643
6640
6795
6795
6795
6795
6795
6795
6795
6795
6949
6949
6949
6949
6949
6952
6952
6952
6952
6952
6952
6952
6952
6952
6952
6952
6952
6952
6952
6952
6952
6952
6952
6952
6952
6952
6952
6952
6952
6952
6952
