7240
7394
7548
7702
7702
7856
7856
8010
8010
7243
7397
7551
7702
7702
7856
7856
8010
8010
7243
7397
7551
7705
7705
7859
7856
8010
8010
7243
7397
7551
7705
7705
7859
7856
8010
8010
8164
7243
7397
7551
7705
7705
7859
7859
8010
8010
8164
7243
7397
7551
7705
7705
7859
7859
8010
8010
8164
7243
7397
7551
7705
7705
7859
8013
8010
8010
8164
7243
7397
7551
7705
7705
7859
8013
8010
8010
8164
7243
7397
7551
7705
7859
7859
8013
8010
8010
8164
8164
7243
7397
7551
7705
7859
7859
8013
8010
8010
8164
8164
7397
7397
7551
7705
7856
7856
8010
8010
8007
8003
8000
5687
5992
6144
6448
6602
6752
6903
7056
7207
7207
7360
7510
4604
4757
5064
5522
5829
5980
6287
6437
6591
6897
6897
7050
7201
4602
4757
5218
5522
5829
6133
6287
6437
6744
6897
7050
7047
7201
4446
4602
4909
5213
5673
5827
6131
6437
6591
6744
6894
7047
7201
4142
4448
4909
5213
5520
5827
6131
6284
6591
6744
6894
7047
7201
3990
4299
4757
5062
5522
5827
5980
6287
6437
6744
6897
7050
7047
4600
4904
5364
5673
5980
6284
6437
6591
6744
6894
7047
7201
7354
5829
6133
6287
6437
6744
6897
7047
7047
7201
7354
7354
7507
7507
7657
4142
4448
4909
5369
5673
5980
6131
6437
6591
6744
6894
7047
7201
7201
8003
8311
8619
8769
8923
8003
8311
8619
8769
8923
8003
8311
8619
8769
9077
8161
8311
8619
8769
8615
8458
8301
4915
4917
5068
5373
5527
5678
5985
5982
6136
6287
4757
5062
5215
5520
5673
5827
5980
6131
6284
6284
6437
462
616
924
1539
2154
2768
3228
3689
4148
4454
4761
5066
3225
3377
3991
4606
4913
5218
5371
5678
5829
5982
4606
4913
5218
5371
5678
5829
5982
6136
6136
6287
6440
6440
3990
4297
4604
5218
5831
5985
6138
6289
6289
6443
4606
5066
5373
5524
5678
5831
5985
6136
6289
6289
6443
5527
5678
5831
5985
5985
6136
6289
6289
6443
6440
6593
6593
6747
4297
4604
4755
5062
5524
6138
6292
6443
6443
6596
6596
4452
4606
5066
5371
5524
5678
5829
5982
6136
6289
6287
6440
5066
5220
5524
5678
5829
5982
6136
6136
6287
6440
6440
6593
6593
3376
3838
4606
5220
5834
6141
6141
6292
6445
4145
4452
4915
5220
5373
5678
5831
5985
6136
6136
6289
6443
4761
4913
5220
5371
5678
5829
5982
6136
6289
6287
6440
6440
6593
5680
5834
5985
6138
6292
6289
6443
6443
6596
6593
6593
6747
6747
6747
4143
4450
4755
5062
5369
5676
6136
6599
7059
