7240
7394
7548
7548
7702
7856
7856
8010
8010
7243
7397
7551
7702
7702
7856
7856
8010
8010
7243
7397
7551
7702
7702
7856
7856
8010
8010
7243
7397
7551
7705
7702
7856
7856
8010
8010
8164
7243
7397
7551
7705
7705
7859
8013
8010
8010
8164
7243
7397
7551
7705
7705
7859
8013
8010
8010
8164
7240
7394
7545
7545
7699
7853
7853
8007
8007
8161
7240
7394
7548
7702
7702
7856
8010
8010
8010
8164
7243
7394
7548
7702
7856
7856
8010
8010
8010
8164
8164
7243
7397
7551
7705
7859
7859
8010
8010
8010
8164
8164
7397
7397
7551
7705
7859
7859
8013
8010
8010
8164
8164
7397
7551
7551
7705
7859
7859
8013
8010
8164
8164
8164
7397
7551
7705
7705
7856
7856
8010
8010
8164
8164
8164
7397
7551
7702
7702
7856
7856
8010
8010
8164
8164
8164
8164
7397
7551
7705
7705
7859
7856
8010
8010
8164
8164
8164
8318
7397
7551
7702
7702
7856
7856
8010
8010
8164
8164
8164
8318
7397
7551
7702
7702
7856
7856
8010
8010
8164
8164
8164
8318
7397
7551
7705
7705
7859
7856
8010
8010
8164
8164
8164
8318
7397
7551
7705
7705
7859
7859
8010
8010
8164
8164
8164
8318
7397
7551
7705
7705
7859
7859
8010
8010
8164
8164
8164
8318
8318
7689
7997
8147
8301
8608
7689
7997
8147
8455
8608
7689
7997
8301
8455
8608
7843
7997
8301
8455
8608
7843
8150
8301
8455
8608
7843
8150
8301
8455
8762
7843
8150
8301
8455
8762
7843
8150
8301
8608
8762
7843
8150
8301
8608
8762
7997
8150
8301
8608
8762
8758
7843
8150
8301
8455
8762
8758
7997
8150
8301
8608
8762
8912
7997
8150
8455
8608
8762
8912
7997
8301
8455
8608
8758
8912
7993
8301
8455
8605
8758
8912
7993
8301
8455
8605
8758
8912
7993
8301
8455
8608
8758
8912
8150
8301
8455
8608
8758
8912
8150
8301
8455
8608
8758
8912
8150
8301
8455
8608
8758
8912
8154
8304
8612
8766
9073
8154
8462
8612
8919
9073
8154
8458
8612
8919
9073
8154
8458
8766
8919
9069
8308
8458
8766
8919
9069
8308
8458
8766
8919
9073
8308
8615
8766
8919
9227
9377
8308
8615
8766
8919
9227
9381
8308
8615
8766
8919
9227
9381
8308
8615
8766
9073
9227
9381
8308
8615
8766
9073
9227
9377
8308
8615
8766
9073
9227
9381
8462
8615
8919
9073
9227
9377
8462
8615
8919
9073
9227
9377
8462
8612
8919
9073
9227
9377
8462
8766
8919
9073
9227
9377
8462
8766
8766
8455
8297
7990
7833
7680
7676
7523
7520
7520
6604
6604
6602
6602
6752
6752
6752
6749
6903
6903
6903
6903
6900
7053
4604
5218
5524
5678
5831
5982
6136
6289
6289
6440
6440
6593
6747
4297
4604
5062
5524
5985
6138
6289
6289
6443
6596
6593
6593
