462
616
1078
1694
2462
3077
3537
3996
4456
4150
4763
5224
5529
5680
5987
6138
6292
4761
4915
5220
5527
5831
5985
6136
6289
6596
5987
6141
6292
6445
6599
6749
6749
6903
6900
5066
5373
5678
5831
5982
6289
6596
6903
6903
5220
5527
5678
5985
6138
6289
6443
6596
6596
6747
4609
5222
5683
5836
6141
6294
6445
6599
6596
4915
5068
5373
5680
5831
6138
6289
6443
6596
465
620
620
775
929
929
929
1084
1084
1084
1239
1239
1238
1238
1238
1393
1393
1393
1393
1393
1393
1393
1393
1238
1393
1393
1393
1393
1393
1393
1393
1393
1393
1393
1393
1393
1393
1393
1393
1393
1393
1548
1548
1548
1548
1548
1393
1393
1393
1393
1393
1393
1393
1393
1393
1393
1393
1393
1393
1393
1393
1393
1548
1548
1548
1548
1548
1548
1548
1548
1393
1393
1393
1393
1393
1547
1701
2627
3553
4322
4320
4474
4629
4783
4781
4935
5398
5398
6012
6472
6932
7394
7699
7086
7394
7699
8007
8311
8465
7699
8003
8311
8619
8769
8923
8157
8311
8619
8769
9077
9231
9385
8311
8465
8773
8923
9077
9231
9385
8311
8619
8773
9077
9231
9385
9385
8465
8619
8773
9077
9231
9385
9539
7095
7249
7400
7554
7708
7708
7862
8017
8017
7095
7249
7400
7554
7708
7708
7862
8017
8017
7249
7249
7400
7554
7708
7862
7862
8017
8017
7249
7403
7400
7554
7708
7862
7862
8017
8017
8017
7249
7403
7557
7554
7708
7862
7862
8017
8017
8017
7249
7403
7554
7554
7708
7862
7862
8017
8017
8171
7249
7403
7554
7554
7708
7862
7862
8017
8017
8171
7246
7400
7554
7708
7708
7862
7862
8017
8017
8167
7246
7400
7554
7708
7708
7862
7862
8017
8017
8171
8171
7249
7403
7554
7708
7708
7862
7862
8017
8017
8171
8171
7249
7403
7554
7708
7708
7862
7862
8017
8017
8171
8171
7249
7403
7554
7708
7708
7862
7862
8017
8017
8171
8171
7249
7403
7554
7708
7708
7862
8017
8017
8017
8171
8171
7249
7403
7554
7708
7708
7862
7862
8017
8017
8171
8171
7249
7403
7554
7708
7708
7862
8017
8017
8017
8171
8171
8171
7249
7403
7554
7708
7708
7862
8017
8017
8017
8171
8171
8171
7249
7403
7554
7708
7708
7862
8017
8017
8017
8171
8171
8167
7400
7400
7554
7708
7862
7862
8017
8017
8013
8167
8167
8167
7400
7400
7554
7708
7862
7862
8017
8017
8017
8171
8171
8171
7403
7400
7554
7708
7862
7862
8017
8017
8017
8171
8171
8171
8325
7542
7846
8000
8308
8458
7542
7846
8154
8308
8458
7542
7846
8154
8304
8612
7696
8000
8154
8458
8612
7692
8000
8154
8458
8612
7692
8000
8154
8458
8612
7696
8000
8154
8458
8612
7696
8000
8308
8458
8612
7849
8000
8308
8458
8612
7849
8000
8308
8462
8612
8766
7849
8000
8308
8462
8612
8766
7849
8000
8308
8462
8612
8766
7849
8154
8308
8458
8612
8766
7849
8154
8308
8458
8766
8919
7849
8154
8308
8458
8612
8766
7846
8154
8308
8458
8766
8919
8000
8154
8308
8612
8766
8919
8000
8154
8308
8612
8766
8919
8000
8154
8458
8612
8766
8919
8000
8154
8458
8612
8766
8916
