6172
6326
6326
6480
6480
6635
6635
6635
6635
6789
6789
6789
6789
6789
6789
6792
6792
6792
6946
6946
6946
6946
6946
6946
6946
6946
6946
6946
6946
6946
6943
6937
6932
5233
5384
5536
5687
5839
5990
6141
6292
6292
6443
6443
6593
6593
6593
6593
6744
6744
6744
6744
6744
6897
6897
6894
6894
6894
6894
6894
6894
6894
6894
6894
6894
6894
6894
5369
5520
5673
5827
5977
6131
6284
6284
6437
6435
6588
6588
6588
6588
6741
6741
6741
6741
6741
6894
6894
6894
6894
6894
6894
6894
6894
6894
6894
6894
6894
6894
6894
6894
4600
4909
5215
5369
5522
5673
5827
5980
6133
6284
6284
6437
6437
6591
6591
6591
6591
6744
6744
6741
6741
6741
6894
6894
6894
6894
6894
6894
6894
6894
6894
6894
6894
6894
6894
4909
5062
5367
5520
5673
5824
5977
6131
6131
6284
6435
6435
6588
6588
6588
6588
6744
6752
6755
6761
6766
6769
6772
6929
6932
6935
6935
6937
6940
6940
6940
6943
6943
6943
6946
6946
1076
1844
2459
2919
3532
3840
4300
4606
4913
5064
5371
5524
5678
5829
5982
6136
6136
6289
6443
6443
6440
6596
6596
6593
6747
6747
6747
6747
6747
6747
6900
6900
6900
6900
6900
6900
6900
6138
6292
6292
6443
6443
6596
6596
6596
6749
6749
6749
6749
6749
6749
6900
6900
6900
6900
6900
6900
6900
6900
6900
6900
6900
6900
6900
6900
6900
6900
6900
6900
6900
6900
6903
6900
6900
4452
4763
5068
5222
5373
5680
5834
5985
5985
6138
6292
6292
6445
6443
6596
6596
6596
6749
6749
6749
6749
6749
6749
6903
6903
6903
6903
6903
6900
6903
6903
6903
6903
6903
6903
6900
6900
6900
6294
6292
6445
6445
6599
6596
6596
6596
6749
6749
6749
6749
6749
6903
6900
6900
6900
6900
6900
6903
6900
6900
6900
6900
6900
6900
6900
6900
6900
6900
6900
6900
6900
6900
6900
6900
6900
6900
7053
1381
2148
2762
3221
3681
3988
4446
4753
4907
5211
5364
5671
5824
5977
5977
6131
6281
6284
6435
6435
6588
6588
6588
6741
6741
6741
6741
6741
6741
6894
6894
6894
6894
6894
6894
6894
6894
6894
6894
5215
5369
5673
5827
5980
5977
6131
6284
6284
6437
6437
6588
6588
6588
6741
6741
6741
6741
6741
6894
6894
6894
6894
6894
6894
6894
6894
6894
6894
6894
6894
6894
6894
6894
6894
6894
6894
6894
6894
6894
5827
5980
6133
6131
6284
6284
6437
6437
6591
6591
6591
6741
6741
6741
6741
6741
6894
6894
6894
6894
6894
6894
6894
6894
6894
6894
6894
6894
6894
6894
6894
6894
6894
6894
6894
7047
7047
7047
7047
7047
7047
4602
4911
5062
5369
5522
5673
5827
5980
6133
6289
6294
6451
6456
6459
6618
6621
6624
6624
6780
6783
6783
6786
6786
6789
6789
6943
6946
6946
6946
6946
6946
6946
6946
6949
6949
6949
6949
6949
6949
6949
6949
6949
1227
1994
2607
3066
3526
3985
4291
4598
4902
5209
5362
5513
5666
5819
5972
6126
6279
6279
6432
6432
6582
6582
6582
6735
6735
6735
6735
6735
6888
6888
6888
6888
6888
6888
6888
6888
6888
6888
6888
6888
6888
6888
6128
6128
6281
6435
6435
6435
6585
6588
6585
6738
6738
6738
6738
6738
6891
6891
6891
6891
6888
6888
6888
6888
6888
6888
6888
6888
6888
6888
6888
7042
7042
7042
7042
7042
7042
7042
7042
7042
7042
7042
7042
7042
7042
4600
4907
5058
5364
5518
5668
5822
5975
6128
6279
6279
6432
6432
6585
6585
6585
6738
6738
6735
6735
6735
6888
6888
6888
6888
6888
6888
6888
6888
6888
6888
6888
6888
6888
6888
6888
7042
7042
7044
6897
6906
6909
6914
6917
6310
6467
6470
6470
6626
6629
6629
6786
6786
6789
6789
6789
6792
6792
6792
6946
6946
6949
6949
6949
6949
6949
6949
6949
6949
6949
6949
6949
6949
6949
6949
6949
6949
6949
6952
6952
6952
6952
6952
6952
6952
6952
6949
6949
6949
6334
6334
6486
6486
6640
6640
6640
6640
6795
6795
6795
6795
6795
6795
6795
6949
6949
6949
6949
6949
6949
6949
6949
6949
6949
6949
6949
6949
6949
6949
6949
6949
6949
6949
6949
6949
6949
6949
6949
6949
6949
6949
6949
6949
6949
6952
6334
6334
6488
6488
6643
6643
6643
6643
6797
6797
6797
6797
6797
6797
6797
6797
6952
6952
6952
6952
6952
6952
6952
6952
6952
6952
6952
6952
6952
6952
6952
6952
6952
6952
6952
6952
6952
6952
6952
6952
6952
6952
6952
6952
6952
6952
6334
6334
6488
6488
6643
6643
6643
6643
6797
6797
6797
6797
6797
6797
6797
6797
6952
6952
6952
6952
6952
6952
6952
6952
6952
6952
6952
6949
6949
6949
6949
6949
6949
6949
6949
6949
6949
6949
6949
6949
6949
6949
6949
6949
6949
6949
6949
