6783
6783
6937
7092
7092
7092
7246
7249
7400
7394
7391
7388
7538
7535
5692
5844
6149
6300
6451
6604
6755
6909
6909
7059
7059
7213
7210
7363
7363
6294
6445
6599
6752
6749
6903
7056
7056
7207
7207
7207
7360
7360
7360
7513
6138
6292
6445
6596
6749
6903
6903
7056
7056
7210
7207
7360
7360
7360
7360
5987
6138
6292
6445
6596
6749
6903
6903
7053
7053
7207
7207
7360
7360
7360
5831
5985
6289
6443
6596
6749
6749
6900
7053
7053
7207
7207
7207
7360
7360
7360
5831
5985
6138
6289
6443
6596
6749
6900
7053
7053
7207
7207
7207
7360
7360
7360
5678
5985
6138
6289
6443
6596
6749
6900
6900
7053
7207
7207
7207
7360
7360
7360
5524
5834
5985
6292
6445
6596
6749
6749
6903
7056
7056
7210
7210
7363
7360
7360
7360
5524
5834
5987
6138
6445
6599
6596
6749
6903
7056
7056
7210
7210
7207
7360
7360
7360
5220
5527
5680
5985
6138
6292
6443
6596
6749
6903
7056
7056
7216
7219
7222
7378
7382
462
616
770
1079
1233
1542
2311
2926
3541
4001
4461
4767
5226
5378
5685
5990
6144
6294
6448
6602
5224
5376
5683
5987
6141
6294
6445
6599
6752
6906
6909
7062
7062
7213
7213
7366
7366
7366
5376
5683
5987
6141
6297
6451
6604
6755
6909
6909
7059
7059
7213
7213
7366
7366
7363
7363
5529
5834
5987
6294
6448
6599
6752
6752
6906
7059
7056
7213
7216
7216
7369
7366
7366
7520
7520
5683
5836
6141
6294
6448
6599
6755
6758
6912
7062
7062
7216
7213
7213
7366
7366
7366
7520
7516
5683
5839
6146
6297
6451
6602
6755
6909
6909
7059
7059
7213
7213
7363
7363
7363
7363
7516
7516
5680
5834
6141
6292
6445
6599
6752
6903
6903
7056
7056
7216
7216
7369
7366
7366
7366
7520
7520
7516
5529
5683
5987
6141
6294
6448
6604
6758
6909
6909
7062
7059
7213
7213
7366
7366
7366
7363
7516
7516
5987
6297
6448
6602
6755
6752
6906
7059
7059
7213
7213
7210
7363
7363
7363
7516
7516
7516
7516
7516
