462
616
924
1539
2153
2768
3228
3687
4147
3380
3841
4456
5068
5529
5836
4456
4608
4761
5066
5220
5524
5678
5829
5982
4454
4759
5373
5834
6294
6448
6445
4915
5068
5373
5527
5678
5831
5982
6136
6136
6289
4759
5066
5680
6141
6602
6909
462
615
1077
1692
2306
2767
3226
3686
4300
4608
3072
3072
3377
3838
4452
4913
5066
5218
5371
5522
3684
3991
4606
4759
5064
5218
5371
5522
5676
5676
4145
4606
4757
5064
5218
5369
5522
5676
5676
5829
5980
4911
5218
5371
5522
5676
5676
5829
5982
5980
6133
6133
6133
5064
5218
5371
5522
5676
5829
5827
5980
5980
6133
6133
6287
5371
5522
5676
5676
5827
5980
5980
6133
6133
6133
6287
6284
6284
462
616
924
1539
2154
2769
3229
3535
3995
4302
4608
4761
5066
3225
3532
3840
4300
4454
4759
4913
5220
5371
5524
5678
4454
4759
4913
5066
5371
5524
5524
5678
5831
5982
5982
6136
6136
3840
3840
4145
4452
4913
5373
5527
5680
5831
5831
5985
5985
4300
4761
4913
5066
5220
5371
5524
5678
5831
5831
5982
5982
6136
5373
5527
5678
5678
5831
5985
5982
6136
6136
6136
6289
6289
6289
6443
4143
4450
4604
4911
5064
5524
5831
5985
6138
6138
6138
6289
