464
619
619
774
928
928
928
1083
1083
1083
1238
1238
1238
1238
1238
1392
1392
1238
1238
1238
1238
1392
1392
1392
1392
1392
1392
1392
1392
1392
1392
1392
1392
1392
1392
1392
1392
1392
1392
1392
1392
1392
1392
1392
1392
1392
1392
1392
1392
1547
1547
1547
1392
1392
1392
1392
1392
1392
1392
1392
1392
1392
1392
1392
1392
1392
1547
1547
1547
1547
1392
1392
1392
1392
1392
1392
1392
1392
1392
1392
1392
1392
1392
1392
1392
1547
1547
1547
1547
1392
1392
1392
1392
1392
1392
1392
1547
1701
2627
3553
3244
3243
3859
4474
5089
5704
5244
5550
6010
6470
6932
6470
6775
7237
7542
7849
7083
7542
7696
8000
8154
8462
7542
7696
8000
8308
8458
8612
7696
7846
8154
8304
8612
8766
7692
8000
8308
8458
8612
8766
7846
8000
8308
8458
8612
8766
7846
8154
8308
8458
8612
8766
7846
8154
8304
8458
8612
8766
7846
8154
8304
8612
8766
8919
8000
8154
8304
8612
8766
8919
8000
8154
8308
8612
8766
8919
8000
8154
8462
8612
8766
8919
8007
8311
8465
8773
8923
8007
8311
8619
8773
8927
8007
8315
8619
8773
8927
8161
8311
8619
8773
9081
8161
8311
8619
8773
9081
8161
8465
8619
8927
9077
8161
8465
8619
8923
9077
9231
8157
8465
8619
8923
9077
9231
8157
8465
8773
8923
9077
9231
8311
8465
8773
8923
9077
9231
8315
8465
8773
8927
9077
9231
8315
8465
8773
8927
9077
9231
8315
8619
8773
8927
9077
9385
8315
8619
8773
8927
9231
9385
8315
8619
8773
9081
9231
9385
8315
8619
8773
9077
9231
9385
8465
8619
8773
9077
9231
9385
9539
8465
8619
8923
9077
9231
9385
9535
8465
8619
8923
9077
9231
9385
9539
8465
8619
8927
9077
9231
9385
9539
