461
769
1077
1385
2000
2615
3075
3689
3995
3226
3228
3687
3995
4454
4761
4913
5220
5373
5680
4608
4915
5066
5373
5527
5678
5831
5985
6138
6292
4763
5070
5224
5376
5683
5834
5987
6141
6141
6292
6445
5376
5990
6451
6914
7375
6920
7228
7689
7997
8301
7538
7846
8154
8458
8766
8919
7849
8154
8462
8769
8923
9077
8157
8311
8619
8769
9077
9231
8157
8465
8619
8923
9077
9231
8315
8465
8773
8923
9077
9231
8311
8465
8773
8923
9077
9231
8311
8619
8769
8923
9077
9231
8311
8619
8769
8923
9231
9385
8311
8619
8773
9077
9231
9385
8311
8619
8773
9077
9231
9385
8311
8619
8773
9077
9231
9385
9539
8465
8619
8927
9077
9231
9385
9539
8465
8619
8927
9077
9231
9385
9539
8465
8619
8927
9077
9231
9385
9539
