6172
6172
6326
6326
6480
6480
6480
6635
6635
6635
6789
6789
6789
6789
6792
6792
6792
6792
6792
6946
6946
6946
6946
6946
6946
6946
6946
6946
6946
6946
6943
6940
6935
6929
4925
5235
5389
5541
5692
5844
5995
6146
6146
6300
6453
6453
6451
6602
6602
6602
6752
6752
6752
6752
6749
6749
6903
6903
6903
6903
6903
6903
6903
6903
6900
6900
6903
6903
4913
5218
5371
5527
5685
5836
5990
6141
6294
6292
6445
6445
6445
6599
6599
6596
6749
6749
6749
6749
6749
6903
6903
6903
6903
6903
6903
6903
6903
6903
6903
6903
6900
6900
5373
5527
5680
5831
5985
6138
6136
6289
6443
6443
6443
6596
6596
6596
6749
6749
6749
6749
6749
6749
6903
6903
6903
6900
6903
6903
6903
6903
6903
6903
6903
6900
6900
6900
6900
5985
6138
6292
6292
6443
6443
6596
6596
6596
6749
6749
6749
6749
6749
6747
6900
6900
6900
6900
6900
6900
6900
6900
6900
6900
6900
6900
6900
6900
6900
6900
6900
6900
6900
6900
6900
5527
5680
5831
5985
6138
6138
6289
6289
6443
6443
6596
6596
6596
6749
6749
6749
6749
6749
6903
6903
6903
6909
6914
6920
6923
6926
6929
6932
6935
6935
6937
6940
6940
6940
6943
6943
6943
1534
2147
2760
3218
3678
4138
4443
4749
5056
5209
5360
5666
5819
5972
5972
6126
6279
6279
6432
6429
6582
6582
6582
6735
6735
6735
6735
6735
6888
6888
6888
6888
6888
6888
6888
6888
6888
3985
4293
4600
4907
5211
5364
5515
5822
5822
5975
6128
6281
6279
6432
6432
6585
6585
6585
6738
6738
6738
6738
6735
6891
6888
6888
6888
6888
6888
6888
6888
6888
6888
6888
6888
6888
6888
6888
3832
4293
4600
4907
5058
5364
5515
5668
5822
5975
6133
6138
6297
6453
6459
6461
6618
6621
6624
6626
6780
6783
6783
6786
6786
6789
6789
6943
6943
6946
6946
6946
6946
6946
6946
6946
6949
6949
6949
1075
1843
2457
2917
3529
3836
4297
4602
4909
5060
5367
5520
5673
5824
5977
6131
6284
6284
6437
6437
6588
6588
6588
6741
6741
6741
6741
6741
6741
6894
6894
6894
6894
6894
6894
6894
6894
6894
6894
6894
5062
5215
5520
5673
5824
5977
6131
6131
6284
6437
6437
6437
6591
6588
6588
6741
6741
6741
6741
6741
6894
6894
6894
6894
6894
6894
6894
6894
6894
6894
6894
6894
6894
6894
6894
6894
6894
6894
6894
7047
5827
5980
6133
6284
6284
6437
6437
6591
6591
6591
6744
6744
6741
6741
6741
6894
6894
6894
6894
6894
6894
6894
6894
6894
6894
6894
6894
6894
6894
6894
7047
7047
7047
7047
7047
7047
7047
7047
7047
7047
7047
4602
4911
5062
5369
5522
5673
5827
5980
6131
6289
6294
6451
6456
6459
6618
6621
6624
6778
6780
6783
6783
6786
6786
6789
6789
6943
6946
6946
6946
6946
6946
6949
6949
6949
6949
6949
6949
6949
6949
6949
6949
6949
1381
2149
2762
3222
3681
3988
4446
4753
4907
5211
5364
5671
5824
5977
5977
6131
6281
6281
6435
6435
6588
6588
6588
6741
6741
6741
6741
6741
6894
6894
6894
6894
6894
6894
6894
6894
6894
6894
6894
6894
6894
6894
5062
5369
5520
5673
5827
5977
6131
6284
6284
6437
6437
6588
6588
6588
6741
6741
6741
6741
6741
6894
6894
6894
6894
6894
6894
6894
6894
6894
6894
6894
6894
6894
6894
6894
7047
7047
7047
7047
7047
7047
7047
7047
7047
4142
4450
4757
5062
5215
5520
5673
5827
5980
6131
6131
6284
6284
6437
6437
6591
6591
6591
6741
6741
6741
6741
6741
6894
6894
6894
6894
6894
6894
6894
6894
6894
6897
6903
6909
6914
6917
6923
6926
6929
6932
6935
6935
6937
6323
6480
6480
6480
6637
6637
6637
6792
6792
6795
6795
6795
6795
6795
6795
6949
6949
6949
6949
6949
6949
6949
6949
6949
6949
6949
6952
6952
6952
6952
6952
6952
6952
6952
6952
6952
6952
6952
6952
6952
6952
6952
6952
6952
6952
6334
6334
6488
6488
6643
6643
6643
6643
6797
6797
6797
6797
6797
6797
6797
6952
6952
6952
6952
6952
6952
6952
6952
6952
6952
6952
6952
6952
6952
6952
6952
6952
6952
6952
6952
6952
6952
6952
6952
6952
6952
6952
6952
6952
6952
6952
6334
6334
6488
6488
6640
6640
6640
6640
6795
6795
6795
6795
6795
6795
6795
6949
6949
6949
6949
6949
6949
6949
6949
6949
6952
6952
6952
6952
6952
6952
6952
6952
6952
6952
6952
6952
6952
6952
6952
6952
6952
6952
6952
6952
6952
6952
6334
6334
6488
6488
6643
6643
6643
6643
6797
6797
6797
6797
6797
6797
6797
6797
6952
6952
6952
6952
6952
6952
6952
6952
6952
6952
6952
6952
6952
6952
6952
6952
6952
6952
6952
6952
6952
6952
6952
6952
6952
6952
6952
6952
6952
6952
6952
