5683
5990
6144
6300
6451
6604
6755
6909
6909
7059
7059
7213
7213
7366
5990
6144
6297
6448
6602
6755
6906
6906
7059
7059
7213
7210
7363
7363
7366
4917
5222
5529
5680
5987
6141
6448
6599
6599
6758
6914
6914
7068
7219
7219
5378
5685
5990
6144
6294
6448
6602
6755
6912
6912
7062
7216
7216
7213
7366
4917
5070
5376
5685
5995
6149
6302
6453
6607
6758
6912
6909
7062
7062
7213
7213
5529
5685
5995
6149
6300
6453
6604
6758
6909
7062
7062
7213
7213
7213
7366
7366
6144
6297
6448
6602
6752
6906
6906
7059
7059
7210
7210
7363
7363
7363
7363
7516
5680
5834
6141
6292
6445
6599
6752
6906
6903
7056
7056
7213
7216
7369
7366
7366
7366
5376
5683
5987
6141
6294
6448
6599
6752
6909
6909
7062
7062
7213
7213
7366
7366
7366
5683
5987
6141
6294
6445
6602
6758
6909
7062
7062
7213
7213
7213
7366
7366
7366
7516
5376
5683
5990
6146
6297
6451
6602
6755
6909
6909
7059
7213
7213
7213
7366
7363
7363
5990
6294
6448
6602
6752
6752
6906
7059
7056
7210
7210
7363
7363
7363
7363
7516
7516
7516
5527
5680
5987
6138
6292
6445
6599
6749
6903
7056
7056
7210
7213
7216
7366
7366
7366
7520
5683
5834
6141
6294
6445
6599
6752
6906
6906
7059
7062
7216
7213
7366
7366
7366
7366
7516
5683
5834
6141
6294
6445
6599
6752
6909
6909
7062
7062
7216
7213
7366
7366
7366
7366
7516
7516
5529
5683
5987
6141
6297
6451
6604
6755
6909
7062
7059
7213
7213
7213
7366
7366
7363
7516
7516
5683
5839
6146
6297
6451
6602
6755
6909
6906
7059
7059
7213
7213
7366
7363
7363
7363
7516
7516
461
615
1076
1844
2612
3225
3684
4143
4604
4909
5369
5520
5827
6133
6287
6437
6591
6744
6897
6897
5062
5369
5676
5827
6133
6287
6437
6591
6744
6897
6897
7047
7047
7201
7201
7354
7354
7354
7354
7507
5062
5215
5522
5827
5980
6287
6440
6591
6744
6744
6897
7050
7050
7204
7201
7354
7354
7354
7354
7507
7542
7846
8000
8308
8458
7542
7846
8154
8308
8458
7542
7846
8154
8308
8612
7696
8000
8154
8308
8612
7696
8000
8154
8462
8612
7696
8000
8154
8458
8612
7696
8000
8154
8458
8612
7692
8000
8308
8458
8612
7846
8000
8304
8458
8612
7846
8000
8308
8458
8612
8766
7849
8000
8308
8462
8612
8766
7849
8000
8308
8462
8612
8766
7849
8154
8308
8458
8612
8766
7849
8154
8308
8458
8766
8766
7849
8154
8308
8458
8766
8919
7846
8154
8308
8612
8766
8919
8000
8154
8308
8612
8766
8919
8000
8154
8462
8612
8766
8919
8000
8154
8462
8612
8766
8919
8000
8154
8462
8612
8766
8919
7095
7246
7400
7554
7702
7699
7692
7843
7840
5531
5836
6144
6294
6445
6752
6903
7056
7053
7207
5985
6136
6443
6596
6747
6900
7053
7204
7204
7357
7357
5831
6138
6289
6596
6747
6900
7053
7207
7204
7357
7357
5985
6289
6443
6593
6747
6900
7053
7204
7357
7357
7510
6289
6440
6593
6747
6897
7050
7204
7204
7357
7510
7507
6136
6289
6443
6596
6593
6747
6900
7053
7204
7357
7357
7510
6289
6443
6593
6747
6900
7050
7204
7357
7357
7510
7510
7660
6289
6445
6755
6912
7222
7378
7382
7535
7692
7846
7849
7083
7237
7394
7548
7548
7702
7856
7856
8010
8010
8164
7246
7397
7551
7551
7705
7859
7859
8013
8013
8167
8167
7246
7400
7554
7708
7708
7862
8017
8017
8013
8167
8167
7246
7400
7554
7708
7708
7862
8017
8017
8013
8167
8167
7246
7400
7554
7708
7862
7862
8017
8017
8017
8171
8171
7249
7400
7554
7708
7862
7862
8017
8017
8017
8171
8171
8171
7403
7403
7554
7708
7862
7862
8017
8017
8171
8171
8171
8171
7403
7554
7554
7708
7862
7862
8017
8017
8171
8171
8171
8171
7403
7554
7554
7708
7862
7862
8017
8017
8171
8171
8171
8171
7403
7554
7554
7708
7862
7862
8017
8017
8171
8171
8171
8171
7403
7554
7554
7708
7862
7862
8017
8017
8171
8167
8167
8167
8322
