6172
6172
6326
6329
6478
6472
6621
6615
6613
6764
6761
6758
6755
6752
6749
6903
6900
6900
6897
6897
6894
6894
6894
6894
6891
6891
6891
6894
6894
6894
6894
6894
6894
5980
6133
6133
6287
6437
6437
6437
6591
6588
6588
6741
6741
6741
6741
6741
6894
6891
6891
6891
6891
6891
6891
6891
6891
6891
6891
6891
6891
6891
6891
6891
6891
6891
6891
5829
5980
5980
6131
6284
6281
6435
6435
6588
6588
6588
6738
6738
6738
6738
6738
6891
6888
6888
6888
6888
6888
6888
6888
6888
6888
6888
6888
6888
6888
6888
6888
6888
7042
5975
6128
6281
6281
6432
6432
6585
6585
6585
6738
6738
6738
6735
6735
6888
6888
6888
6888
6888
6888
6888
6888
6888
6888
6888
6888
6888
6888
6888
6888
7042
7042
7042
7042
7042
1382
2150
2610
3224
3683
3988
4448
4755
4907
5213
5367
5673
5827
5977
5977
6131
6284
6284
6437
6437
6591
6591
6588
6741
6741
6744
6741
6741
6894
6894
6894
6894
6894
6894
6894
6894
5060
5371
5524
5678
5829
5982
6133
6133
6287
6440
6440
6437
6591
6591
6591
6744
6744
6744
6744
6744
6897
6894
6894
6894
6894
6894
6894
6894
6894
6894
6894
6894
6894
6894
6894
6894
4602
4913
5220
5371
5524
5676
5829
5982
6133
6287
6287
6440
6437
6591
6591
6591
6741
6741
6741
6741
6741
6894
6894
6894
6894
6894
6894
6894
6894
6894
6894
6894
6894
6894
6894
6894
6894
6894
4295
4602
4909
5220
5376
5531
5687
5844
6002
6159
6161
6315
6318
6475
6475
6632
6632
6632
6635
6789
6789
6792
6792
6792
6792
6792
6946
6949
6949
6949
6949
6949
6949
6949
6949
6949
6949
6949
6949
1075
1842
2455
2915
3528
3835
4295
4600
4907
5060
5364
5518
5671
5824
5977
6131
6284
6284
6435
6435
6588
6588
6588
6741
6741
6741
6741
6741
6741
6894
6894
6894
6894
6894
6894
6894
6894
6894
6894
5980
6133
6133
6284
6284
6437
6437
6591
6591
6591
6744
6741
6741
6741
6741
6894
6894
6894
6894
6894
6894
6894
6894
6894
6894
6894
6894
6894
6894
6894
6894
6894
7047
7047
7047
7047
7047
7047
7047
4757
5062
5215
5522
5673
5827
5980
6131
6133
6284
6284
6437
6437
6591
6591
6591
6744
6744
6744
6741
6741
6894
6894
6894
6897
6897
6894
6894
6894
6894
6894
6894
6900
6906
6912
6914
6920
6923
6926
6929
1228
1995
2609
3069
3528
3988
4295
4600
4907
5213
5364
5518
5671
5824
5977
6131
6281
6281
6435
6435
6588
6588
6588
6741
6741
6741
6741
6741
6894
6894
6894
6894
6894
6894
6894
6894
6894
6894
6894
6894
6894
5062
5215
5367
5673
5827
5977
5977
6131
6284
6284
6437
6435
6588
6588
6588
6741
6741
6741
6741
6741
6894
6894
6894
6894
6894
6894
6894
6894
6894
6894
6894
6894
6894
6894
6894
7047
7047
7047
7047
7047
7047
7047
5369
5520
5673
5827
5977
6131
6131
6284
6437
6437
6591
6588
6588
6741
6741
6741
6747
6752
6758
6914
6920
6923
6926
6929
6932
6935
6935
6937
6940
6940
6943
6943
6943
6946
6946
6946
6946
6946
6949
6949
6949
6949
6949
6331
6331
6486
6486
6643
6643
6643
6643
6797
6797
6797
6797
6797
6797
6797
6952
6952
6952
6952
6952
6952
6952
6952
6952
6952
6952
6952
6949
6949
6952
6949
6949
6949
6949
6949
6949
6949
6949
6949
6949
6949
6949
6949
6949
6334
6488
6486
6486
6640
6640
6640
6640
6795
6795
6795
6795
6795
6795
6795
6949
6952
6952
6952
6952
6952
6952
6952
6952
6952
6952
6952
6952
6952
6952
6952
6952
6952
6952
6952
6952
6952
6952
6952
6952
6952
6952
6952
6952
6334
6488
6488
6488
6643
6643
6643
6643
6797
6797
6797
6797
6797
6797
6797
6952
6952
6952
6952
6952
6952
6952
6952
6952
6952
6952
6952
6949
6949
6949
6949
6949
6949
6949
6949
6949
6949
6949
6949
6949
6952
6952
6952
6952
6952
6334
6334
6488
6488
6488
6643
6643
6643
6797
6797
6797
6797
6797
6797
6797
6797
6952
6952
6952
6952
6952
6952
6952
6952
6952
6952
6952
6952
6952
6949
6949
6949
6949
6949
6949
6949
6949
6949
6949
6949
6949
6949
6949
6952
6952
6952
6334
6334
6488
6488
6488
6643
6643
6643
6643
6797
6797
6797
6797
6797
6797
6797
6952
6952
6952
6952
6952
6952
6952
6952
6952
6952
6952
6952
6952
6952
6952
6949
6949
6949
6949
6952
6949
6952
6949
6949
6949
6949
6949
6949
6949
6949
6334
6334
6488
6488
6488
6643
6643
6643
6643
6797
6797
6797
6797
6797
6797
6797
6797
6952
6952
6952
6952
6952
6952
6952
6952
6952
6952
6952
6952
6952
6952
6952
6952
6949
6949
6949
6952
6949
6949
6949
6949
6949
6949
6949
6949
6949
6949
