6326
6326
6480
6478
6472
6621
6618
6613
6764
6761
6758
6758
6755
6906
6906
6903
6903
6900
6900
6900
6900
6897
6897
6897
6897
6897
6894
6894
6894
6894
6894
6894
6894
4755
4909
5215
5367
5673
5827
5980
5980
6131
6284
6284
6437
6437
6591
6591
6591
6744
6744
6744
6741
6741
6741
6894
6894
6894
6894
6894
6894
6894
6894
6894
6894
6894
6894
4600
4753
5060
5369
5522
5673
5827
5980
6131
6131
6284
6437
6437
6437
6591
6591
6591
6744
6741
6741
6741
6741
6894
6894
6894
6894
6894
6894
6894
6894
6894
6894
6894
6894
6894
4602
4757
5062
5369
5520
5673
5827
5980
6131
6131
6284
6437
6437
6437
6591
6591
6591
6744
6744
6741
6741
6741
6894
6894
6897
6903
6909
6914
6917
6923
6926
6929
6932
6932
6935
6937
1381
1994
2607
3066
3526
3985
4291
4596
4902
5209
5362
5515
5819
5819
5972
6126
6279
6279
6432
6432
6582
6582
6582
6735
6735
6735
6735
6735
6888
6888
6888
6888
6888
6888
6888
6891
4446
4753
5058
5364
5518
5671
5822
5975
6128
6128
6281
6432
6432
6585
6585
6585
6585
6738
6738
6738
6738
6738
6891
6891
6891
6891
6891
6891
6891
6891
6891
6891
6891
6891
6888
6888
4907
5211
5364
5518
5668
5822
5975
6128
6281
6279
6432
6432
6585
6585
6585
6738
6738
6738
6738
6738
6891
6891
6891
6891
6891
6891
6888
6888
6888
6888
6888
6888
6888
6888
6888
6888
7042
4445
4751
4907
5213
5364
5671
5822
5975
5975
6128
6284
6289
6448
6453
6610
6615
6618
6621
6778
6780
6780
6783
6783
6786
6786
6943
6943
6943
6946
6946
6946
6946
6946
6949
6949
6949
6949
6949
1230
1999
2613
3073
3534
3993
4299
4606
4913
5218
5371
5524
5678
5829
5982
6136
6289
6289
6443
6440
6593
6593
6593
6593
6747
6747
6747
6747
6747
6900
6900
6900
6900
6900
6900
6900
6900
6900
6900
4757
4913
5224
5378
5683
5836
5987
5987
6138
6292
6292
6445
6445
6596
6596
6596
6749
6749
6749
6749
6749
6749
6903
6900
6900
6903
6903
6903
6900
6900
6900
6900
6900
6900
6900
6900
6900
6900
6900
4911
5220
5373
5680
5831
5985
5985
6138
6292
6289
6443
6443
6596
6596
6596
6749
6749
6749
6749
6749
6903
6903
6900
6900
6900
6900
6900
6900
6903
6903
6900
6900
6900
6900
6900
6900
6900
6900
6900
6900
4606
4913
5068
5378
5531
5683
5836
5987
6141
6138
6292
6445
6443
6445
6596
6596
6596
6749
6749
6749
6749
6747
6900
6900
6900
6900
6900
6900
6900
6900
6900
6900
6903
6900
6900
6900
6900
6900
6900
6900
7053
5834
5992
5995
6154
6310
6313
6470
6472
6472
6629
6629
6632
6786
6789
6789
6789
6792
6792
6792
6792
6946
6949
6949
6949
6949
6949
6949
6949
6949
6949
6949
6949
6949
6949
6949
6949
6949
6949
6949
6949
6952
6952
6334
6334
6488
6488
6643
6643
6643
6643
6797
6797
6797
6797
6797
6797
6797
6797
6952
6952
6952
6952
6952
6949
6949
6949
6949
6949
6949
6949
6949
6949
6949
6949
6949
6949
6949
6949
6949
6949
6949
6949
6949
6949
6949
6331
6486
6486
6486
6640
6640
6640
6640
6795
6795
6795
6795
6795
6795
6795
6795
6949
6949
6952
6952
6952
6952
6952
6952
6952
6952
6952
6952
6952
6952
6952
6952
6952
6952
6952
6952
6952
6952
6952
6952
6952
6952
6952
6334
6334
6488
6488
6643
6640
6640
6640
6795
6795
6795
6795
6795
6795
6795
6795
6949
6949
6949
6949
6949
6949
6949
6949
6949
6949
6949
6949
6949
6949
6949
6949
6949
6949
6949
6949
6949
6949
6949
6949
6949
6949
6949
6949
6331
6486
6486
6486
6640
6640
6640
6640
6795
6795
6795
6795
6795
6795
6797
6797
6952
6952
6952
6952
6952
6952
6952
6949
6949
6949
6949
6949
6949
6949
6949
6949
6949
6949
6949
6949
6949
6949
6949
6949
6949
6949
6949
6949
6949
6331
6331
6486
6486
6640
6640
6640
6640
6795
6795
6795
6795
6795
6795
6795
6795
6949
6949
6949
6949
6949
6949
6949
6949
6949
6949
6949
6949
6949
6949
6952
6952
6952
6952
6952
6952
6952
6952
6952
6952
6952
6952
6952
6952
6952
6952
6334
6334
6488
6488
6643
6643
6643
6643
6797
6797
6797
6797
6797
6797
6797
6797
6952
6952
6952
6952
6952
6952
6949
6949
6949
6949
6949
6949
6949
6949
6949
6949
6949
6949
6949
6949
6949
6949
6949
6949
6949
6949
6949
6949
6949
6949
6174
6329
6329
6483
6483
6637
6637
6637
6640
6640
6795
6795
6795
6795
6795
6795
6795
6795
6949
6949
6949
6949
6949
6949
6949
6949
6949
6949
6949
6949
6949
6952
6952
6952
6952
6952
6952
6952
6952
6952
6952
6952
6952
6952
6952
6952
6952
7246
7400
7554
7708
7708
7862
7862
8017
8017
7246
7400
7554
7708
7708
7862
7862
8017
8017
7400
7554
7554
7708
7862
7862
8017
8017
8017
7246
7400
7554
7708
7708
7862
8017
8017
8017
8171
7400
7554
7554
7708
7862
7862
8017
8017
8171
7400
7554
7554
7708
7862
7862
8017
8017
8017
8171
7400
7554
7554
7708
7862
7862
8017
8017
8171
8171
7400
7554
7554
7708
7862
7862
8017
8013
8167
8167
7400
7554
7708
7708
7862
7859
8013
8013
8167
8167
7400
7554
7708
7708
7862
7862
8017
8017
8167
8167
7400
7554
7708
7708
7862
7862
8017
8017
8171
8167
8167
7400
7554
7708
7708
7862
8017
8017
8017
8171
8167
8167
7400
7554
7708
7708
7862
7862
8017
8017
8171
8167
8167
7400
7554
7708
7708
7862
7862
8017
8017
8171
8171
8167
7400
7554
7708
7708
7862
7862
8017
8017
8171
8171
8167
8167
7400
7554
7708
7862
7862
8017
8017
8017
8171
8171
8167
7400
7554
7708
7862
7862
8017
8017
8017
8171
8171
8167
8322
7400
7554
7708
7862
7862
8017
8013
8013
8167
8167
8167
8322
7400
7554
7708
7708
7859
8013
8013
8013
8167
8167
8167
8322
7400
7554
7708
7862
7862
8017
8017
8017
8171
8171
8167
8322
