5382
5534
5841
5992
6297
6451
6602
6755
6755
6906
7059
7059
7213
7213
4611
4917
5222
5529
5834
5987
6141
6445
6602
6604
6761
6917
6914
7068
7219
5073
5378
5685
5836
6144
6297
6448
6604
6758
6912
6909
7062
7062
7216
7213
4917
5224
5529
5685
5995
6149
6300
6453
6604
6758
6909
6909
7062
7213
7213
5376
5685
5992
6144
6297
6451
6602
6755
6909
6906
7059
7059
7213
7213
7363
7366
5376
5683
5834
6141
6294
6445
6599
6752
6906
6906
7056
7059
7216
7216
7369
7366
5378
5683
5836
6141
6294
6445
6599
6752
6906
6912
7062
7062
7213
7213
7366
7366
5529
5834
5987
6141
6445
6599
6602
6755
6909
7059
7059
7213
7213
7213
7366
7363
7363
5529
5834
5990
6146
6451
6604
6755
6755
6909
7059
7059
7213
7213
7213
7366
7363
7363
5836
6144
6294
6448
6602
6752
6906
6906
7059
7059
7213
7210
7363
7363
7363
7363
7516
5376
5680
5987
6141
6294
6445
6599
6752
6906
6906
7059
7210
7213
7216
7369
7366
7366
5376
5683
5990
6141
6294
6445
6599
6752
6906
6906
7062
7062
7213
7213
7366
7366
7363
7516
4763
4915
5068
5376
5680
5839
6146
6302
6456
6607
6758
6912
6912
7062
7062
7213
7213
7366
5376
5683
5834
6144
6297
6451
6602
6755
6909
6906
7059
7059
7213
7213
7363
7363
7363
7363
5683
5990
6144
6294
6448
6602
6755
6906
6906
7059
7213
7213
7210
7363
7363
7363
7516
7516
7516
5834
5987
6294
6445
6599
6752
6752
6906
7059
7056
7210
7210
7363
7363
7363
7366
7523
7520
7520
5683
5836
6141
6294
6448
6599
6752
6906
6906
7059
7059
7210
7213
7369
7375
7378
7382
7538
7542
462
616
924
1693
2461
3075
3535
4148
4456
4915
5220
5527
5831
5985
6138
6443
6596
6749
6749
6903
5218
5527
5831
5985
6136
6443
6596
6749
6749
6903
7056
7056
7207
7207
7207
7360
7360
7360
7513
7513
4759
5068
5373
5680
5834
6138
6292
6445
6596
6749
6903
6903
7056
7056
7207
7207
7360
7360
7360
7360
7385
7382
7225
7225
7068
7065
7065
6909
6909
6909
5529
5683
5834
5834
5987
5985
6138
6138
6292
6289
5220
5834
6294
6758
7219
6456
6917
7222
7529
7836
7074
7382
7686
7993
8301
7385
7689
7997
8304
8455
7538
7846
8150
8304
8458
7692
8000
8150
8458
8612
6766
6764
6761
6761
6758
6758
6602
6602
6755
6909
6909
4147
4300
4606
4913
5376
5527
5680
5834
5831
5985
5985
4299
4759
5066
5220
5373
5524
5678
5831
5831
5985
5985
4608
4913
5066
5220
5371
5524
5678
5831
5831
5985
6136
6136
5373
5527
5678
5678
5831
5985
5982
6136
6136
6136
6289
6289
6289
5524
5678
5831
5831
5982
5982
6136
6136
6289
6289
6289
6289
6289
5527
6141
6602
6909
7216
7680
6917
7225
7529
7836
8144
8297
7535
7843
7993
8301
8455
8608
7843
7997
8304
8458
8608
8762
7846
8150
8304
8612
8766
8916
8000
8154
8458
8612
8766
8919
8007
8315
8465
8773
8927
8007
8315
8619
8773
8927
8007
8311
8619
8773
8927
8161
8311
8619
8773
9077
8161
8311
8619
8773
9077
8161
8465
8619
8923
9077
8157
8465
8619
8923
9077
9231
8157
8465
8619
8923
9077
9231
8161
8465
8773
8927
9077
9231
8315
8465
8773
8927
9077
9231
8315
8465
8773
8927
9077
9231
8315
8465
8773
8927
9077
9231
8315
8619
8773
8927
9077
9231
8315
8619
8773
8927
9231
9385
8315
8619
8773
9081
9231
9385
8311
8619
8773
9077
9231
9385
8465
8619
8773
9077
9231
9385
8465
8619
8927
9077
9231
9385
9539
8465
8619
8927
9077
9231
9385
9539
8465
8619
8927
9077
9231
9385
9539
