5531
5836
5990
6297
6451
6607
6764
6764
6917
7068
7068
7219
7219
7216
4765
5070
5378
5687
5844
6151
6302
6453
6607
6758
6912
6909
7062
7062
7216
5529
5685
5990
6144
6297
6448
6602
6755
6906
6906
7059
7059
7213
7213
7366
5376
5683
5834
6141
6294
6445
6599
6752
6906
6906
7062
7065
7216
7216
7216
5529
5836
5990
6294
6448
6602
6752
6755
6912
7062
7062
7216
7216
7213
7366
7366
5529
5529
5834
5987
6294
6451
6604
6755
6755
6909
7059
7059
7213
7213
7210
7363
5376
5685
5839
6144
6297
6448
6602
6755
6906
6906
7059
7059
7213
7213
7363
7363
5680
5987
6141
6294
6445
6599
6752
6906
6906
7056
7056
7210
7213
7369
7369
7366
7366
5529
5836
5987
6294
6448
6602
6752
6752
6906
7059
7062
7216
7216
7216
7366
7366
7366
5376
5683
5987
6141
6294
6448
6602
6758
6912
6909
7062
7062
7213
7213
7366
7366
7366
5683
5987
6141
6448
6602
6599
6755
6906
7059
7059
7213
7210
7210
7363
7363
7363
7516
4761
5070
5380
5687
5995
6146
6297
6451
6602
6755
6909
6906
7059
7059
7213
7210
7363
7363
5836
6141
6294
6448
6599
6752
6906
6906
7056
7056
7210
7210
7363
7363
7363
7363
7516
7516
5529
5680
5987
6141
6292
6445
6599
6752
6906
7059
7056
7210
7210
7213
7369
7369
7366
7366
5529
5683
5987
6141
6294
6445
6599
6752
6906
7059
7062
7216
7216
7213
7366
7366
7366
7363
7516
5376
5680
5987
6141
6292
6445
6599
6755
6912
6909
7062
7062
7213
7213
7366
7366
7366
7363
7516
5376
5683
5987
6141
6297
6451
6604
6755
6909
6909
7059
7213
7213
7213
7366
7363
7363
7363
7516
5680
5990
6146
6302
6459
6615
6772
6926
6929
7086
7086
7243
7243
7243
7400
7400
7400
7403
7557
7557
465
620
930
1549
2322
2940
3559
4021
4484
4791
5100
5407
5716
5870
6177
6331
6486
6640
6792
6792
6946
6174
6483
6483
6637
6792
6946
6946
7100
7097
7252
7252
7252
7406
7406
7406
7406
7406
7560
7560
7560
