7993
8301
8455
8762
8916
8150
8304
8608
8762
9069
8150
8458
8612
8919
9069
8154
8458
8766
8919
9073
8308
8462
8766
8919
9073
8154
8462
8766
8919
9073
8308
8462
8766
8919
9073
9223
8308
8615
8766
8919
9073
9223
8308
8615
8766
8919
9227
9381
8308
8615
8766
8919
9227
9381
8308
8615
8766
9073
9227
9381
8462
8615
8766
9073
9227
9377
8462
8612
8919
9073
9227
9377
8462
8612
8919
9073
9227
9377
8462
8766
8919
9073
9223
9377
8458
8766
8919
9073
9223
9377
8458
8766
8919
9069
9223
9377
9531
8458
8766
8919
9069
9223
9377
9531
8612
8766
8919
9069
9223
9377
9531
8612
8766
8919
9223
9377
9377
9531
6329
6329
6483
6483
6483
6637
6637
6637
6637
6792
6792
6792
6792
6792
6792
6792
6792
6792
6946
6946
6946
6946
6946
6946
6946
6946
6946
6946
6946
6946
6946
6946
6946
6946
6177
6331
6331
6486
6486
6637
6637
6637
6637
6792
6792
6792
6792
6792
6792
6792
6795
6792
6946
6946
6946
6946
6946
6946
6946
6946
6946
6946
6949
6946
6946
6946
6946
6946
6331
6331
6486
6486
6486
6640
6640
6640
6640
6795
6795
6795
6792
6792
6795
6792
6792
6946
6946
6946
6946
6946
6949
6946
6946
6949
6946
6946
6946
6949
6946
6946
6946
6949
6946
6331
6331
6486
6486
6486
6640
6640
6640
6640
6795
6795
6795
6795
6792
6792
6792
6792
6946
6946
6946
6946
6946
6946
6946
6946
6946
6946
6946
6946
6946
6946
6946
6946
6946
6946
6946
6329
6329
6483
6483
6483
6637
6637
6637
6637
6792
6792
6792
6792
6792
6792
6792
6792
6792
6946
6946
6946
6946
6946
6946
6946
6946
6946
6946
6946
6946
6946
6946
6946
6946
6946
6946
6946
6331
6331
6486
6486
6486
6640
6640
6640
6640
6795
6795
6792
6792
6792
6792
6795
6792
6792
6946
6949
6946
6949
6946
6946
6949
6946
6946
6946
6949
6946
6949
6946
6946
6949
6946
6946
6949
6331
6331
6486
6486
6486
6640
6640
6640
6640
6795
6795
6795
6795
6792
6792
6792
6792
6792
6946
6946
6946
6946
6946
6946
6946
6946
6946
6946
6946
6946
6946
6946
6946
6946
6946
6946
6946
6946
6329
6329
6483
6483
6483
6637
6637
6637
6637
6792
6792
6792
6792
6792
6792
6792
6792
6792
6946
6946
6946
6946
6946
6946
6946
6946
6946
6946
6946
6946
6946
6946
6946
6946
6946
6946
6946
6946
6946
6331
6331
6486
6486
6486
6640
6640
6640
6640
6792
6792
6792
6792
6792
6795
6795
6795
6946
6946
6946
6946
6946
6946
6946
6946
6946
6946
6946
6946
6946
6946
6946
6946
6946
6946
6946
6946
6946
6946
6946
6331
6331
6486
6486
6486
6640
6640
6640
6640
6795
6795
6795
6795
6795
6795
6795
6792
6949
6946
6946
6946
6949
6949
6946
6946
6946
6946
6946
6946
6946
6946
6946
6946
6946
6946
6946
6946
6946
6946
6946
6329
6329
6483
6483
6483
6637
6637
6637
6637
6792
6792
6792
6792
6792
6792
6792
6792
6946
6946
6946
6946
6946
6946
6946
6946
6946
6946
6946
6946
6946
6946
6946
6946
6946
6946
6946
6946
6946
6946
6946
6946
6331
6331
6486
6486
6486
6640
6640
6640
6640
6795
6795
6795
6792
6792
6792
6792
6792
6946
6946
6946
6946
6946
6946
6946
6946
6946
6946
6946
6946
6946
6946
6946
6946
6946
6949
6946
6949
6946
6946
6946
6946
6946
6331
6331
6486
6486
6486
6640
6640
6640
6640
6795
6795
6795
6795
6795
6795
6792
6795
6946
6946
6946
6946
6946
6946
6946
6946
6946
6946
6946
6946
6946
6946
6946
6946
6946
6946
6946
6946
6946
6946
6946
6946
6946
6329
6329
6483
6486
6483
6637
6637
6640
6637
6792
6792
6792
6792
6792
6792
6792
6792
6946
6946
6946
6946
6946
6946
6946
6946
6946
6946
6946
6946
6946
6946
6946
6946
6946
6946
6946
6946
6946
6946
6946
6946
6946
6946
6331
6331
6329
6478
6475
6624
6621
6615
6769
6766
6764
6764
6761
6758
6912
6909
6909
6906
6906
6906
6903
6906
6903
6903
6903
6903
6903
6903
6903
6900
6900
6900
6900
6900
6900
6900
6900
6900
6900
6900
6900
6900
6900
4913
5066
5371
5524
5678
5829
5982
6136
6289
6289
6443
6443
6593
6593
6593
6593
6747
6747
6747
6747
6747
6900
6900
6900
6900
6900
6900
6900
6900
6900
6900
6900
6900
6900
6900
6900
6900
6900
6900
6900
6900
6900
6900
6900
4145
4300
4456
4763
5068
5373
5527
5678
5831
5985
6138
6136
6289
6443
6443
6443
6593
6593
6593
6747
6747
6747
6747
6747
6900
6900
6900
6900
6900
6900
6900
6900
6900
6900
6900
6900
6900
6900
6900
6900
6900
6900
6900
6900
6900
4452
4761
4917
5226
5382
5538
5695
5851
6005
6161
6164
6318
6321
6478
6478
6632
6635
6635
6635
6792
6792
6792
6792
6792
6795
6795
6795
6949
6949
6949
6949
6949
6949
6949
6949
6949
6949
6949
6949
6949
6949
6952
6952
6952
6952
6952
462
616
770
1385
2000
2614
3228
3687
3993
4300
4606
4911
5218
5369
5522
5827
5980
5980
6133
6287
6287
6437
6437
6591
6591
6591
6744
6744
6744
6744
6744
6744
6897
6897
6897
6897
6897
6897
6897
6894
6894
6894
6894
6894
6900
6906
6909
462
616
771
925
1080
1235
1390
1544
1700
1700
1855
1855
2010
2473
2937
3556
3864
4173
4636
4791
5100
5255
5561
5716
5870
6025
6025
6179
6334
6334
6488
6488
6488
6643
6643
6643
6643
6797
6797
6797
6797
6797
6797
6797
6797
6952
6952
6952
6952
6952
6952
6952
