6604
6758
6761
6917
7068
7068
7219
7219
7219
7369
7369
7369
7520
7520
5839
6146
6297
6451
6602
6755
6909
6906
7059
7059
7213
7213
7366
7366
7366
5376
5683
5834
6141
6294
6445
6599
6752
6906
6909
7065
7062
7216
7216
7366
5376
5683
5990
6141
6294
6448
6602
6758
6912
6909
7062
7062
7216
7213
7366
5376
5683
5987
6144
6300
6451
6604
6755
6909
6909
7062
7059
7213
7213
7366
7366
5683
5839
6144
6297
6448
6602
6755
6906
6906
7059
7059
7210
7210
7363
7363
7363
5527
5834
5987
6141
6445
6599
6599
6752
6906
7056
7056
7213
7216
7216
7369
7366
5529
5836
5987
6294
6448
6602
6752
6752
6906
7062
7065
7216
7216
7216
7366
7366
7366
5683
5990
6141
6294
6448
6599
6755
6912
6909
7062
7062
7213
7213
7366
7366
7363
7363
5529
5834
5987
6141
6451
6604
6602
6755
6909
7059
7059
7213
7213
7213
7363
7363
7363
5529
5839
5990
6297
6448
6602
6755
6752
6906
7059
7059
7210
7210
7363
7363
7363
7363
5376
5680
5987
6138
6292
6445
6599
6752
6903
6903
7056
7056
7210
7213
7369
7366
7366
7366
5376
5683
5987
6141
6294
6445
6599
6752
6906
6906
7059
7062
7216
7216
7366
7366
7366
7366
5529
5836
5987
6294
6448
6599
6752
6752
6909
7062
7062
7213
7213
7213
7366
7363
7363
7516
5680
5834
6141
6292
6445
6602
6758
6909
6909
7059
7059
7213
7213
7366
7366
7363
7363
7516
7516
5529
5834
5990
6297
6451
6604
6755
6755
6909
7059
7059
7213
7213
7213
7363
7363
7363
7516
7516
6294
6448
6602
6752
6906
6906
7059
7210
7210
7210
7363
7363
7363
7363
7516
7513
7513
7516
7520
461
614
921
1689
2304
2917
3531
3990
4450
4909
5215
5520
5827
5980
6131
6437
6591
6591
6744
6894
5982
6133
6287
6440
6591
6744
6897
6897
7050
7050
7204
7201
7354
7354
7354
7354
7507
7507
7507
7507
4755
5064
5215
5522
5829
5980
6287
6440
6593
6744
6897
6897
7050
7050
7204
7204
7354
7354
7354
7354
