7686
7990
8297
8605
8758
7997
8301
8455
8762
8916
8150
8304
8612
8762
9069
8154
8458
8612
8919
9069
8308
8458
8766
8919
9073
8308
8458
8766
8919
9073
8308
8612
8766
8919
9227
9377
8308
8612
8766
8919
9227
9377
8308
8612
8766
9073
9227
9377
8462
8612
8766
9073
9227
9377
8462
8612
8919
9073
9223
9377
8458
8612
8919
9069
9223
9377
8458
8612
8919
9069
9223
9377
8458
8766
8919
9073
9223
9377
8462
8766
8919
9073
9223
9377
8462
8766
8919
9073
9223
9377
8462
8766
8919
9073
9223
9377
9531
8615
8766
8919
9073
9223
9377
9531
8612
8766
8919
9227
9377
9377
9531
8612
8766
8919
9227
9377
9531
9531
7689
7993
8147
8451
8605
7689
7993
8147
8451
8605
7843
7993
8301
8455
8605
7843
7993
8301
8455
8605
7843
8147
8301
8455
8605
7843
8147
8301
8455
8758
7843
8147
8301
8608
8758
7843
8147
8301
8608
8758
7997
8147
8301
8608
8758
7997
8147
8301
8608
8762
8758
7843
8147
8301
8455
8762
8758
7997
8147
8301
8608
8758
8912
7997
8147
8455
8608
8758
8912
7997
8301
8455
8608
8758
8912
7997
8301
8455
8608
8758
8912
7997
8301
8455
8608
8758
8912
7997
8301
8455
8608
8758
8912
7997
8301
8147
7836
7683
7526
7372
7216
7062
7062
6906
6906
6906
4299
4452
4759
5066
5218
5371
5524
5676
5829
5829
5982
5980
5220
5371
5524
5676
5829
5829
5982
5980
6133
6133
6287
6287
6440
7095
7249
7400
7554
7708
7708
7862
8017
8017
7249
7403
7403
7554
7708
7862
7862
8017
8017
7249
7400
7400
7554
7708
7862
7862
8017
8017
7246
7400
7554
7554
7708
7862
7862
8017
8017
8017
7249
7400
7554
7554
7708
7862
7862
8017
8017
8171
7246
7243
7391
7388
7385
7382
7378
7375
7375
7372
7372
7369
7523
3993
3995
4611
5073
5380
5685
5990
6297
6448
6599
6752
5220
5680
5831
6136
6443
6596
6747
6900
7053
7207
7207
7357
4604
4911
5215
5522
5831
6138
6445
6599
6752
6903
7056
7210
5064
5373
5678
5985
6136
6443
6593
6747
6900
7053
7204
7204
5836
6146
6453
6610
6920
7074
7231
7385
7542
7696
7699
6932
7086
7240
7394
7548
7702
7705
7859
7859
8013
8013
7246
7400
7554
7554
7708
7862
7862
8017
8017
8171
8171
7249
7400
7554
7708
7708
7862
8017
8017
8017
8171
8171
7249
7400
7554
7708
7708
7862
8017
8017
8017
8171
8171
8171
7249
7403
7554
7708
7862
7862
8017
8017
8017
8171
8167
8167
7400
7400
7554
7708
7862
7862
8017
8017
8167
8167
8167
8167
7400
7400
7554
7708
7862
7862
8017
8017
8017
8171
8171
8171
7403
7557
7554
7708
7862
7862
8017
8017
8171
8171
8171
8171
7403
7557
7554
7708
7862
7862
8017
8017
8171
8171
8171
8171
8325
6179
6334
6334
6488
6488
6488
6643
6643
6643
6643
6797
6797
6797
6797
6797
6797
6797
6797
6949
6940
6935
6932
6926
6923
6920
6917
6914
6912
6912
6909
6906
6906
6903
5376
5527
5831
5831
5982
6136
6289
6287
6440
6443
6596
6593
6593
6593
6744
6744
6744
6744
6744
6897
6897
6897
6894
6894
6894
6894
6894
6894
6894
6894
6894
6894
6894
6894
4611
4921
5233
5389
5545
5699
5856
6012
6167
6169
6323
6326
6480
6480
6483
6637
6637
6637
6637
6792
6795
6795
6795
6795
6795
6795
6795
6949
6949
6949
6949
6949
6949
6949
6949
6179
6179
6334
6334
6488
6488
6643
6643
6643
6643
6797
6797
6797
6797
6797
6789
6783
6935
6929
6923
6920
6917
6914
6914
6912
6909
6909
6906
6906
6903
6903
6900
6900
6906
6912
6308
6310
6467
6470
6470
6626
6626
6629
6629
6783
6786
6786
6786
6789
6789
6789
6792
6946
6946
6946
6946
6949
6949
6949
6949
6949
6949
6949
6949
6949
6949
6949
6949
6949
6949
6952
6952
6179
6334
6334
6488
6488
6488
6643
6643
6643
6643
6797
6797
6797
6797
6797
6797
6797
6797
6952
6952
6952
6952
6952
6952
6952
6952
6952
6952
6952
6952
6952
6952
6952
6952
6952
6952
6952
6179
6334
6334
6488
6488
6488
6643
6643
6643
6643
6797
6797
6797
6797
6797
6797
6797
6797
6952
6952
6952
6952
6952
6952
6952
6952
6952
6952
6952
6952
6952
6952
6952
6952
6952
6952
6952
6952
6179
6334
6334
6488
6488
6488
6643
6643
6643
6643
6797
6797
6797
6797
6797
6797
6797
6797
6952
6952
6952
6952
6952
6952
6952
6952
6952
6952
6952
6952
6952
6952
6952
6952
6952
6952
6952
6952
6952
6179
6334
6334
6488
6488
6488
6643
6643
6643
6643
6797
6797
6797
6797
6797
6797
6797
6797
6952
6952
6952
6952
6952
6952
6952
6952
6952
6952
6952
6952
6952
6952
6952
6952
6952
6952
6952
6952
6952
6179
6334
6334
6488
6488
6488
6643
6643
6643
6643
6797
6797
6797
6797
6797
6797
6797
6797
6952
6952
6952
6952
6952
6952
6952
6952
6952
6952
6952
6952
6952
6952
6952
6952
6952
6952
6952
6952
6952
6952
6179
6334
6334
6488
6488
6488
6643
6643
6643
6643
6797
6797
6797
6797
6797
6797
6797
6797
6797
6952
6952
6952
6952
6952
6952
6952
6952
6952
6952
6952
6952
6952
6952
6952
6952
6952
6952
6952
6952
6952
6952
6179
6334
6334
6488
6488
6488
6643
6643
6643
6643
6797
6797
6797
6797
6797
6797
6797
6797
6952
6952
6952
6952
6952
6952
6952
6952
6952
6952
6952
6952
6952
6952
6952
6952
6952
6952
6952
6952
6952
6952
6952
6952
6179
6334
6334
6488
6488
6488
6643
6643
6643
6643
6797
6797
6797
6797
6797
6797
6797
6797
6952
6952
6952
6952
6952
6952
6952
6952
6952
6952
6952
6952
6952
6952
6952
6952
6952
6952
6952
6952
6952
6952
6952
6952
6179
6334
6334
6488
6488
6488
6643
6643
6643
6643
6797
6797
6797
6797
6797
6797
6797
6797
6952
6952
6952
6952
6952
6952
6952
6952
6952
6952
6952
6952
6952
6952
6952
6952
6952
6952
6952
6952
6952
6952
6952
6952
6952
6179
6334
6334
6488
6488
6488
6643
6643
6643
6643
6797
6797
6797
6797
6797
6797
6797
6797
6952
6952
6952
6952
6952
6952
6952
6952
6952
6952
6952
6952
6952
6952
6952
6952
6952
6952
6952
6952
6952
6952
6952
6952
6952
6952
6179
6334
6334
6488
6488
6488
6643
6643
6643
6643
6797
6797
6797
6797
6797
6797
6797
6797
6797
6952
6952
6952
6952
6952
6952
6952
6952
6952
6952
6952
6952
6952
6952
6952
6952
6952
6952
6952
6952
6952
6952
6952
6952
6952
6952
6179
6334
6334
6488
6488
6488
6643
6643
6643
6643
6797
6797
6797
6797
6797
6797
6797
6797
6797
6952
6952
6952
6952
6952
6952
6952
6952
6952
6952
6952
6952
6952
6952
6952
6952
6952
6952
6952
6952
6952
6952
6952
6952
6952
6952
6179
6334
6334
6488
6488
6643
6643
6643
6643
6643
6797
6797
6797
6797
6797
6797
6797
6797
6952
6952
6952
6952
6952
6952
6952
6952
6952
6952
6952
6952
6952
6952
6952
6952
6952
6952
6952
6952
6952
6952
6952
6952
6952
6952
6952
6952
6179
6334
6334
6488
6488
6488
6643
6643
6643
6643
6797
6797
6797
6797
6797
6797
6797
6797
6797
6952
6952
6952
6952
6952
6952
6952
6952
6952
6952
6952
6952
6952
6952
6952
6952
6952
6952
6952
6952
6952
6952
6952
6952
6952
6952
6952
6952
6179
6334
6334
6488
6488
6643
6643
6643
6643
6643
6797
6797
6797
6797
6797
6797
6797
6797
6797
6952
6952
6949
6952
6952
6952
6952
6949
6949
6952
6952
6952
6952
6952
6952
6952
6952
6952
6952
6952
6952
6952
6952
6952
6952
6952
6952
6952
