463
617
617
926
1696
2465
3235
3848
4307
4921
5226
4150
4304
4917
5222
5680
5990
6297
6602
6755
5070
5376
5834
6141
6445
6599
6903
7056
7210
6141
6448
6602
6909
7059
7213
7363
7516
7670
7667
5834
6138
6445
6596
6903
7056
7207
7363
7520
7670
4917
5068
5376
5680
6138
6445
6599
6903
7056
7207
5987
6297
6607
6758
7062
7216
7366
7520
7670
7670
5834
6138
6445
6749
6903
7053
7207
7360
7516
7670
4915
5222
5680
5985
6292
6596
6749
6903
7207
7360
7513
6292
6602
6758
7068
7225
7382
7535
7538
7692
7849
7849
465
620
620
775
775
775
929
929
929
1084
1084
1084
1084
1084
1084
1084
1239
1239
1239
1239
1239
1239
1239
1239
1239
1239
1239
1239
1239
1239
1239
1239
1239
1239
1239
1239
1239
1239
1239
1239
1239
1239
1239
1239
1239
1239
1239
1239
1239
1393
1548
1702
1857
2011
2166
2166
2321
2321
2476
2475
2629
2629
2629
2629
2784
2475
2475
2629
2629
2629
2629
2784
2784
2784
2784
2784
2784
2784
2939
2939
2939
2939
2939
2629
2629
2629
2784
2783
2783
2783
2783
2783
2783
2937
2937
2937
2937
2937
2937
2937
2937
2937
2628
2628
2783
2783
2783
2783
2783
2783
2783
2783
2937
2937
2937
2937
2937
2937
2937
2937
2937
2628
2628
2783
2783
2783
2783
2783
2783
2783
2783
2937
2937
2937
2937
2937
2937
2937
2937
2937
2628
2628
2783
2783
2783
2784
2784
2783
2783
2783
2937
2939
2939
2939
2939
2939
2939
2937
2937
2937
2629
2629
2784
2783
2783
2783
2783
2784
2783
2783
2937
2937
2937
2937
2939
2937
2937
2939
2939
2937
2628
2628
2783
2783
3247
3864
4325
4941
5250
5711
6020
6326
6635
6789
6172
6326
6635
6943
7095
7249
7403
7557
7708
7708
7862
7862
8017
7542
7846
8000
8308
8458
7542
7846
8154
8308
8458
7542
7846
8154
8308
8612
7696
8000
8154
8308
8612
7696
8000
8154
8462
8612
7696
8000
8154
8462
8612
7696
8000
8154
8462
8612
7696
8000
8308
8462
8612
7849
8000
8308
8458
8612
7696
8000
8154
8458
8612
8766
7692
8000
8154
8458
8612
8766
7846
8000
8308
8458
8612
8766
7846
8154
8308
8458
8612
8766
7846
8154
8308
8458
8612
8766
7846
8154
8308
8458
8766
8919
7846
8154
8308
8612
8766
8919
8000
8154
8308
8612
8766
8919
8000
8154
8462
8612
8766
8919
8000
8154
8462
8612
8766
8919
8000
8154
8462
8612
8766
8919
6637
6792
6946
6946
7100
7100
7255
7255
7252
7406
7406
7406
7406
7406
7560
6637
6792
6946
6946
7100
7100
7255
7255
7255
7409
7406
7406
7406
7406
7560
6637
6792
6946
6946
7100
7100
7255
7255
7255
7409
7406
7406
7406
7406
7560
6637
6792
6946
6946
7100
7100
7255
7255
7255
7406
7406
7406
7406
7406
7560
6792
6792
6946
6943
7097
7097
7252
7252
7252
7406
7406
7406
7406
7406
7560
7560
6792
6792
6946
6946
7100
7100
7252
7252
7252
7406
7406
7406
7406
7560
7560
7560
6792
6792
6946
6946
7100
7100
7255
7255
7255
7409
7406
7406
7406
7406
7560
7560
6792
6792
6946
6946
7100
7100
7255
7255
7255
7409
7406
7406
7406
7560
7560
7560
7560
6792
6792
6946
6946
7100
7100
7255
7255
7255
7409
7406
7406
7406
7560
7560
7560
7560
6792
6792
6946
6946
7100
7100
7255
7255
7255
7409
7406
7406
7406
7406
7560
7560
7560
6792
6792
6946
7100
7100
7100
7255
7255
7252
7406
7406
7406
7406
7560
7560
7560
7560
7560
6792
6792
6943
7097
7097
7097
7252
7252
7252
7406
7406
7406
7406
7560
7560
7560
7560
7560
6792
6792
6946
7100
7100
7100
7255
7255
7252
7406
7406
7406
7406
7560
7560
7560
7560
7560
6792
6792
6946
7100
7100
7100
7255
7255
7255
7406
7406
7406
7406
7560
7560
7560
7560
7560
7560
6792
6792
6946
7100
7100
7255
7255
7255
7409
7406
7406
7406
7406
7560
7560
7560
7560
7560
7560
6792
6792
6946
7100
7100
7255
7255
7255
7409
7406
7406
7406
7406
7560
7560
7560
7560
7560
7560
6792
6792
6946
7100
7100
7255
7255
7255
7409
7406
7406
7406
7406
7560
7560
7560
7560
7560
7560
6792
6792
6943
7097
7097
7252
7252
7252
7406
7406
7406
7406
7406
7560
7560
7560
7560
7560
7560
7560
6792
6946
6946
7100
7100
7255
7255
7255
7406
7406
7406
7406
7406
7560
7560
7560
7560
7560
7560
7560
6792
6946
6946
7100
7100
7255
7255
7255
7406
7406
7406
7406
7406
7560
7560
7560
7560
7560
7560
7560
