463
771
1234
2004
2772
3540
4154
4613
5073
5531
4150
4456
4915
5376
5683
5990
6297
6604
6755
5222
5529
5987
6292
6445
6749
6903
7056
7363
5987
6297
6451
6755
6909
7213
7366
7516
7516
7670
5834
6141
6445
6599
6903
7056
7207
7363
7520
7673
5683
6141
6292
6599
6903
7056
7210
7360
7513
7667
5680
5985
6294
6448
6752
6906
7056
7363
7363
7513
5680
6138
6292
6596
6903
7056
7207
7360
7516
7673
461
615
769
1538
2306
2920
3534
4148
4609
5068
5373
5680
5985
3991
4299
4761
5220
5527
5831
5985
6289
6443
6596
6900
6900
5373
5680
5985
6138
6443
6596
6749
6900
7053
7207
7207
7360
6445
6596
6596
6749
6903
6903
7053
7053
7207
7360
7360
7510
7510
6596
6749
6903
6903
7053
7207
7360
7360
7510
7510
7510
7664
7664
6749
6749
6903
7053
7053
7053
7207
7207
7207
7360
7360
7510
7510
7664
461
614
921
1536
2304
3070
3683
4143
4604
5062
5369
5673
5980
6133
4757
5215
5522
5829
6133
6287
6440
6744
6897
7050
7050
7204
7357
4602
5062
5369
5676
5980
6133
6440
6593
6747
6897
7050
7204
7204
4295
4604
5064
5369
5676
5982
6133
6440
6593
6747
6897
7050
7204
7204
5834
5987
6292
6445
6596
6903
6900
7053
7207
7360
7357
7510
7510
7664
4450
4604
4911
5371
5676
5982
6136
6440
6593
6747
6900
7050
7204
7204
7538
7846
8150
8304
8458
7538
7846
8154
8304
8458
7696
7846
8154
8304
8612
7696
8000
8154
8462
8612
7696
8000
8154
8462
8612
7696
8000
8154
8462
8612
7696
8000
8154
8462
8612
7696
8000
8308
8462
8612
7849
8000
8308
8462
8612
8612
5224
5070
5222
5529
5836
5990
5987
6138
6138
6292
6289
4145
4606
4911
5064
5215
5369
5522
5673
5827
5827
5980
5980
4911
5064
5215
5369
5522
5673
5827
5827
5980
5980
6131
6131
5371
5831
6292
6755
7062
7523
6761
7068
7375
7683
7990
8297
7382
7689
7997
8147
8455
8608
7692
7997
8150
8458
8612
8762
7846
8154
8304
8458
8612
8766
8000
8154
8308
8612
8766
8919
8000
8154
8462
8612
8766
8919
8000
8154
8462
8612
8766
8919
