5987
6294
6599
6906
7059
7216
7369
7520
7673
5529
5836
6141
6448
6599
6906
7059
7213
7369
6607
6914
7065
7216
7369
7520
7673
7670
7823
5834
6141
6448
6755
6912
7068
7219
7369
7523
7673
5685
5990
6294
6602
6752
6906
7213
7366
7523
7526
6764
6914
7065
7219
7369
7520
7673
7823
7823
7977
5987
6141
6451
6758
6914
7068
7219
7369
7523
7673
5683
5990
6294
6599
6752
6906
7216
7369
7520
7520
5836
6141
6448
6599
6906
7056
7210
7366
7520
7673
7670
5836
5834
6141
6445
6599
6903
7056
7210
7363
7520
7673
5836
6141
6445
6599
6903
7056
7210
7360
7513
7667
7823
5683
6141
6292
6599
6903
7056
7210
7360
7513
7667
7664
6906
7059
7363
7363
7513
7667
7820
7820
7970
7970
8123
5985
6294
6445
6752
6903
7210
7360
7513
7513
7667
7817
5831
6138
6448
6755
6906
7059
7210
7363
7516
7667
7820
7820
5680
5985
6292
6599
6755
7059
7213
7363
7516
7670
7667
7820
5680
5985
6292
6599
6749
7059
7213
7366
7516
7670
7670
7820
5987
6292
6599
6749
7056
7210
7360
7516
7670
7670
7823
7973
5680
5985
6292
6596
6903
7056
7207
7360
7516
7670
7670
7820
5987
6292
6445
6749
6903
7207
7360
7513
7510
7664
7820
7823
7973
