7532
7840
8144
8297
8451
7689
7840
8147
8301
8605
7689
7993
8147
8455
8608
7843
7997
8301
8455
8608
7843
7997
8301
8455
8608
7843
8150
8301
8455
8608
7843
8150
8301
8455
8608
7843
8150
8301
8455
8762
7843
8150
8301
8455
8762
7997
8150
8301
8455
8608
8762
7843
8150
8301
8455
8608
8762
7843
8150
8301
8608
8762
8912
7997
8150
8455
8608
8762
8912
7997
8150
8455
8608
8762
8912
7997
8147
8455
8608
8762
8912
7997
8301
8455
8608
8762
8912
7997
8301
8455
8608
8758
8912
7997
8301
8455
8608
8758
8912
7993
8301
8455
8605
8758
8912
8147
8301
8455
8608
8758
8912
