6172
6172
6326
6326
6480
6480
6635
6635
6635
6635
6789
6789
6789
6789
6789
6792
6792
6792
6946
6946
6946
6946
6946
6946
6946
6946
6946
6946
6946
6946
6946
6946
6946
6946
6174
6329
6329
6483
6483
6483
6637
6637
6637
6637
6792
6792
6792
6789
6786
6780
6929
6926
6923
6920
6920
6917
6917
6914
6912
6912
6909
6909
6909
6906
6906
6906
6903
6903
5834
5987
6138
6138
6292
6292
6443
6443
6596
6596
6596
6749
6749
6749
6747
6749
6747
6900
6900
6900
6900
6900
6900
6900
6900
6900
6900
6900
6900
6900
6900
6900
6903
6900
4913
5222
5376
5527
5680
5834
5985
6138
6292
6292
6445
6443
6596
6596
6596
6596
6749
6749
6749
6749
6749
6903
6903
6900
6900
6900
6900
6903
6903
6903
6900
6900
6900
6900
6900
5987
6138
6138
6292
6443
6443
6443
6596
6596
6596
6749
6747
6747
6747
6747
6900
6900
6900
6900
6900
6900
6900
6900
6900
6900
6900
6900
6900
6900
6900
6900
6900
6900
6900
6900
6900
6138
6292
6292
6445
6443
6596
6596
6596
6749
6747
6749
6749
6749
6749
6900
6900
6900
6900
6900
6900
6900
6900
6900
6900
6900
6900
6900
6900
6900
6900
6900
6900
6900
6900
6900
7053
7053
5373
5531
5687
5844
6002
6159
6159
6315
6318
6475
6475
6632
6632
6632
6635
6789
6789
6789
6792
6792
6792
6792
6946
6946
6949
6949
6949
6949
6949
6949
6949
6949
6949
6949
6949
6949
6949
6949
1227
1994
2607
3066
3526
3985
4291
4596
4902
5209
5362
5513
5666
5819
5972
6126
6279
6279
6432
6432
6582
6582
6585
6738
6738
6738
6738
6735
6891
6888
6888
6888
6888
6888
6888
6891
6891
6888
5058
5211
5515
5668
5822
5975
6128
6128
6279
6432
6432
6435
6588
6588
6588
6741
6741
6738
6738
6738
6891
6891
6891
6891
6891
6891
6891
6894
6894
6894
6894
6894
6894
6894
6894
6894
6894
6897
6897
3838
4143
4450
4755
5060
5367
5520
5671
5824
5977
6128
6128
6281
6432
6432
6585
6585
6585
6738
6738
6738
6735
6735
6888
6888
6888
6888
6888
6888
6888
6888
6888
6888
6888
6888
6888
6888
6888
6891
1075
1842
2455
2915
3528
3835
4293
4600
4907
5058
5364
5518
5671
5824
5977
6128
6281
6281
6435
6435
6588
6588
6588
6741
6741
6741
6741
6741
6741
6894
6894
6894
6894
6894
6894
6894
6894
6894
6894
6894
5213
5367
5671
5824
5977
5977
6131
6284
6281
6435
6435
6588
6588
6588
6741
6741
6741
6741
6741
6894
6894
6894
6894
6894
6894
6894
6894
6894
6894
6894
6894
6894
6894
6894
6894
7047
7047
7047
7047
7047
7047
5829
5980
6133
6287
6284
6437
6437
6591
6591
6591
6741
6741
6741
6741
6741
6894
6894
6894
6894
6894
6894
6894
6894
6894
6894
6894
6894
6894
6894
7047
7047
7047
7047
7047
7047
7047
7047
7047
7050
7056
7062
7065
6305
6461
6464
6467
6624
6626
6629
6783
6786
6786
6789
6789
6789
6792
6946
6946
6946
6946
6949
6949
6949
6949
6949
6949
6949
6949
6949
6949
6949
6949
6949
6949
6949
6949
6949
6949
6949
6949
6949
6949
6949
6949
6949
6334
6334
6488
6488
6643
6643
6643
6643
6797
6797
6797
6797
6797
6797
6797
6952
6952
6952
6952
6952
6952
6952
6952
6952
6952
6952
6952
6952
6952
6952
6952
6952
6952
6952
6952
6952
6952
6952
6952
6952
6952
6952
6952
6952
6334
6334
6488
6488
6643
6643
6643
6643
6797
6797
6797
6797
6797
6797
6797
6797
6952
6952
6952
6952
6952
6952
6952
6952
6952
6952
6952
6952
6952
6952
6952
6952
6952
6952
6952
6952
6952
6952
6952
6952
6952
6952
6952
6952
6334
6488
6488
6488
6643
6643
6643
6640
6795
6795
6795
6795
6795
6795
6795
6795
6949
6949
6949
6949
6949
6949
6949
6949
6949
6949
6952
6952
6952
6952
6952
6952
6952
6952
6952
6952
6952
6952
6952
6952
6952
6952
6952
6952
6952
6334
6334
6488
6488
6643
6643
6643
6643
6797
6797
6797
6797
6797
6797
6797
6797
6952
6952
6952
6952
6952
6952
6952
6952
6952
6952
6952
6952
6952
6952
6952
6952
6952
6952
6952
6952
6952
6952
6952
6952
6952
6952
6952
6952
6952
6952
6334
6334
6488
6488
6643
6643
6643
6643
6797
6797
6797
6797
6797
6797
6795
6795
6949
6949
6949
6949
6949
6949
6949
6949
6949
6949
6949
6949
6949
6949
6949
6949
6949
6949
6949
6949
6949
6949
6949
6949
6949
6949
6949
6949
6949
6949
6331
6334
6488
6488
6488
6643
6643
6643
6643
6797
6797
6797
6797
6797
6797
6797
6952
6952
6952
6952
6952
6952
6952
6952
6952
6952
6952
6952
6952
6952
6952
6952
6952
6952
6952
6952
6952
6952
6952
6952
6952
6952
6952
6952
6952
6952
6952
7249
7400
7554
7708
7708
7862
7862
8017
8017
7400
7554
7554
7708
7862
7862
8017
8017
8171
7246
7400
7554
7708
7862
7862
8017
8017
8017
7400
7554
7554
7708
7862
7862
8017
8013
8167
7400
7554
7554
7708
7862
7862
8013
8013
8167
7400
7400
7554
7708
7862
7859
8013
8013
8167
8167
7400
7554
7554
7708
7862
7859
8013
8013
8167
8167
7400
7554
7554
7708
7862
7862
8017
8017
8167
8167
7400
7554
7708
7708
7862
7862
8017
8017
8171
8171
7400
7554
7708
7708
7862
7862
8017
8017
8171
8171
7400
7554
7708
7708
7862
7862
8017
8017
8171
8171
8171
7400
7554
7708
7708
7862
7862
8017
8017
8171
8171
8171
7400
7554
7708
7708
7862
7862
8017
8017
8171
8171
8171
7400
7554
7708
7862
7862
8017
8017
8017
8171
8171
8167
7400
7554
7708
7708
7862
7862
8017
8013
8167
8167
8167
8322
7400
7554
7708
7862
7859
8013
8013
8013
8167
8167
8167
7400
7554
7708
7708
7859
8013
8013
8013
8167
8167
8167
8322
7400
7554
7708
7708
7862
8017
8017
8013
8167
8167
8167
8322
7554
7554
7708
7862
7862
8017
8017
8171
8171
8167
8167
8322
7400
7554
7708
7708
7862
8017
8017
8017
8171
8171
8167
8322
8322
