462
616
1079
1694
2463
3077
3537
3996
4456
3843
4304
4611
4919
5224
5529
5836
3843
3995
4302
4608
5068
5220
5527
5831
6138
5529
6144
6297
6448
6602
6752
6752
6906
5376
5527
5834
5985
6138
6289
6443
6903
5529
5680
5987
6138
6292
6443
6596
6749
6749
6900
5066
5373
5987
6138
6292
6443
6596
6749
6749
4913
5220
5524
5678
5985
6136
6289
6443
6903
6294
6602
6599
6752
6903
6903
7056
7056
7053
7207
5373
5678
5831
5982
6136
6596
6903
7056
7056
5373
5527
5831
5985
6138
6289
6443
6596
6749
6747
6900
5834
6448
6445
6599
6752
6903
6903
7056
7056
7053
5220
5527
5678
5985
6138
6289
6596
7059
7056
7210
5373
5680
5831
5985
6292
6443
6443
6596
6749
6749
6900
5527
6141
6602
7065
7526
7833
7228
7535
7840
8147
8455
8762
7846
8154
8462
8766
8919
9073
9227
8157
8462
8769
8923
9073
9227
9381
8311
8615
8769
9077
9231
9385
9535
8465
8619
8923
9077
9231
9385
9539
7095
7249
7400
7554
7708
7862
7862
8017
8017
7249
7249
7400
7554
7708
7862
7862
8017
8017
7249
7403
7554
7554
7708
7862
7862
8017
8017
7249
7400
7554
7554
7708
7862
7862
8017
8017
8171
7246
7400
7554
7554
7708
7862
7862
8017
8017
8167
7246
7400
7554
7554
7708
7862
7862
8017
8017
8171
7249
7403
7554
7708
7708
7862
7862
8017
8017
8171
7249
7403
7554
7708
7708
7862
7862
8017
8017
8171
7249
7403
7554
7708
7708
7862
7862
8017
8017
8171
8171
7249
7400
7554
7708
7708
7862
7862
8017
8017
8167
8167
7246
7400
7554
7708
7708
7862
7862
8017
8017
8171
8171
7249
7403
7554
7708
7708
7862
8017
8017
8017
8171
8171
7249
7403
7554
7708
7708
7862
8017
8017
8017
8171
8171
7249
7403
7554
7708
7862
7862
8017
8017
8017
8171
8171
7249
7403
7554
7708
7708
7862
8017
8017
8017
8171
8171
8171
7249
7403
7554
7708
7862
7862
8017
8017
8017
8171
8171
8171
7249
7403
7554
7708
7862
7862
8017
8017
8017
8171
8171
8171
7400
7400
7554
7708
7862
7862
8017
8017
8017
8167
8167
8167
7400
7400
7554
7708
7862
7862
8017
8017
8167
8167
8167
8167
7400
7554
7554
7708
7862
7862
8017
8017
8171
8171
8171
8167
8322
7542
7846
8000
8308
8458
7542
7846
8154
8308
8458
7542
7849
8154
8308
8458
7696
7846
8154
8308
8612
7696
8000
8154
8462
8612
7696
8000
8154
8462
8612
7696
8000
8154
8458
8612
7692
8000
8308
8458
8612
7846
8000
8304
8458
8612
7846
8000
8308
8458
8612
8766
7696
8000
8308
8458
8612
8766
7846
8000
8308
8458
8612
8766
7846
8154
8304
8458
8612
8762
7846
8154
8304
8458
8612
8766
7846
8154
8308
8458
8612
8766
7846
8154
8308
8458
8766
8919
7846
8154
8308
8612
8766
8919
7846
8154
8308
8612
8766
8919
8000
8154
8308
8612
8766
8919
8000
8154
8462
8612
8766
8919
6637
6792
6946
6946
7100
7100
7255
7255
7255
7406
7406
7406
7406
7406
7560
6637
6792
6946
6946
7100
7100
7255
7255
7255
7409
7406
7406
7406
7406
7560
6637
6792
6946
6946
7100
7100
7255
7255
7255
7409
7406
7406
7406
7406
7560
6637
6792
6946
6946
7100
7100
7255
7255
7255
7409
7406
7406
7406
7406
7560
6637
6792
6946
6946
7100
7100
7255
7255
7255
7406
7406
7406
7406
7560
7560
7560
6792
6792
6946
6943
7097
7097
7252
7252
7252
7406
7406
7406
7406
7560
7560
7560
6792
6792
6946
6946
7100
7100
7255
7252
7252
7406
7406
7406
7406
7560
7560
7560
6792
6792
6946
6946
7100
7100
7255
7255
7255
7409
7406
7406
7406
7560
7560
7560
7560
6792
6792
6946
6946
7100
7100
7255
7255
7255
7406
7406
7406
7406
7560
7560
7560
7560
6792
6792
6946
7100
7100
7100
7255
7255
7255
7406
7406
7406
7406
7560
7560
7560
7560
6792
6792
6946
7100
7100
7100
7255
7252
7406
7406
7406
7406
7406
7560
7560
7560
7560
7560
6792
6792
6943
7097
7097
7252
7252
7252
7406
7406
7406
7406
7406
7560
7560
7560
7560
7560
6792
6789
6943
7097
7097
7097
7252
7252
7252
7406
7406
7406
7406
7560
7560
7560
7560
7560
6792
6792
6946
7100
7100
7255
7255
7255
7406
7406
7406
7406
7406
7560
7560
7560
7560
7560
7560
6792
6792
6946
7100
7100
7255
7255
7255
7409
7406
7406
7406
7406
7560
7560
7560
7560
7560
7560
6792
6792
6946
7100
7100
7255
7255
7255
7409
7409
7406
7406
7406
7560
7560
7560
7560
7560
7560
6792
6792
6946
7100
7100
7255
7255
7255
7409
7409
7406
7406
7406
7560
7560
7560
7560
7560
7560
6792
6946
6946
7100
7100
7255
7255
7252
7406
7406
7406
7406
7406
7560
7560
7560
7560
7560
7560
7560
6792
6943
6943
7097
7097
7252
7252
7252
7406
7406
7406
7406
7406
7560
7560
7560
7560
7560
7560
7560
6792
6792
6946
7100
7100
7255
7255
7255
7409
7406
7406
7406
7406
7560
7560
7560
7560
7560
7560
7560
