5527
5834
6138
6292
6596
6749
6903
5834
6448
6909
7059
7213
7363
7363
5376
5680
5834
6138
6445
6749
7056
6451
6909
7062
7213
7213
7363
7363
7516
5376
5680
5985
6292
6752
7213
7520
5378
5529
5834
6141
6445
6599
6749
6903
5985
6445
6906
7056
7056
7207
7360
7360
5373
5678
5985
6136
6596
6903
7363
5531
5836
6141
6292
6445
6749
6903
6903
7053
5678
6138
6752
7059
7520
7827
5836
5990
6294
6445
6599
6903
6903
7056
7207
6141
6602
7062
7523
7676
7673
7673
5683
5834
5987
6292
6445
6445
6752
7213
7213
7363
5376
5680
5834
6138
6292
6445
6596
6596
6903
7363
6602
6755
6906
6906
7059
7056
7210
7210
7207
7207
7207
5678
6141
6599
6599
6752
6903
6903
7056
7056
7053
5373
5524
5831
6292
6599
6752
6903
6903
7056
7056
7056
5220
5527
5678
5985
6138
6596
6903
7056
7210
7207
5373
5680
5985
6138
6443
6596
6749
6900
7053
7207
5373
5680
5831
5985
6289
6443
6443
6593
6747
6900
6900
7053
6637
6792
6946
6946
7100
7100
7255
7255
7252
7406
7406
7406
7406
7560
7560
6637
6792
6946
6946
7100
7097
7252
7252
7252
7406
7406
7406
7406
7560
7560
6637
6792
6943
6943
7097
7097
7252
7252
7252
7406
7406
7406
7406
7560
7560
6637
6792
6946
6946
7100
7100
7255
7255
7252
7406
7406
7406
7406
7560
7560
6637
6792
6946
6946
7100
7100
7255
7255
7255
7406
7406
7406
7406
7560
7560
7560
6637
6792
6946
6946
7100
7100
7255
7255
7255
7409
7406
7406
7406
7560
7560
7560
6792
6792
6946
7100
7100
7100
7255
7255
7255
7409
7406
7406
7406
7560
7560
7560
6792
6792
6946
6946
7100
7100
7255
7255
7409
7406
7406
7406
7406
7560
7560
7560
7560
6792
6792
6946
7100
7100
7097
7252
7252
7406
7406
7406
7406
7406
7560
7560
7560
7560
6792
6789
6943
7097
7097
7252
7252
7252
7406
7406
7406
7406
7406
7560
7560
7560
7560
6792
6792
6946
7100
7100
7255
7255
7252
7406
7406
7406
7406
7406
7560
7560
7560
7560
7560
6792
6792
6946
7100
7100
7255
7255
7255
7409
7406
7406
7406
7406
7560
7560
7560
7560
7560
6792
6792
6946
7100
7100
7255
7255
7255
7409
7406
7406
7406
7406
7560
7560
7560
7560
7560
6792
6792
6946
7100
7100
7255
7252
7246
7397
7391
7388
7385
7535
7532
7532
7529
7526
7526
5841
5995
6149
6453
6604
6758
6755
6909
7062
7059
7213
7213
7213
7363
7363
7363
7520
7520
7520
5529
5680
5987
6141
6292
6445
6599
6752
6906
6906
7062
7062
7216
7216
7366
7366
7366
7366
7520
4763
5070
5376
5685
5841
6151
6305
6456
6607
6761
6758
6912
7062
7062
7216
7216
7366
7366
7366
5836
6146
6300
6451
6604
6755
6909
6909
7059
7059
7213
7213
7366
7366
7363
7363
7516
7520
7520
7520
5529
5680
5987
6141
6292
6445
6599
6752
6903
7056
7056
7213
7216
7213
7366
7366
7366
7516
7516
7516
5680
5987
6141
6292
6445
6599
6752
6909
6909
7062
7059
7213
7213
7366
7363
7363
7363
7516
7516
7516
7092
7246
7400
7554
7708
7708
7862
8017
8017
7092
7246
7400
7554
7708
7862
7862
8017
8017
7095
7249
7400
7554
7708
7862
7862
8017
8017
7249
7403
7554
7554
7708
7862
7862
8017
8017
8017
7249
7403
7554
7554
7708
7862
7862
8017
8017
8171
7249
7403
7554
7554
7708
7862
7862
8017
8017
8171
7249
7403
7554
7708
7708
7862
7862
8017
8017
8171
7249
7403
7554
7708
7708
7862
7862
8017
8017
8171
7249
7403
7554
7708
7708
7862
7862
8017
8017
8171
8171
7246
7400
7554
7708
7708
7862
7862
8017
8017
8171
8167
7246
7400
7554
7708
7708
7862
7862
8017
8017
8167
8167
7246
7400
7554
7708
7708
7862
8017
8017
8013
8167
8167
7246
7400
7554
7708
7708
7862
8017
8017
8017
8171
8171
7249
7400
7554
7708
7862
7862
8017
8017
8017
8171
8171
7249
7403
7554
7708
7862
7862
8017
8017
8017
8171
8171
8171
7403
7403
7554
7708
7862
7862
8017
8017
8017
8171
8171
8171
7403
7403
7554
7708
7862
7862
8017
8017
8017
8171
8171
8171
7403
7403
7554
7708
7862
7862
8017
8017
8171
8171
8171
8171
7403
7557
7554
7708
7859
7853
8003
8000
8147
8144
8140
8294
6146
6451
6602
6909
7059
7210
7366
7520
7673
7823
7823
7977
7973
