7378
7686
7836
8144
8297
7532
7840
7993
8297
8451
7689
7993
8147
8455
8608
7689
7997
8301
8455
8608
7843
7997
8301
8455
8608
7843
8150
8301
8455
8608
7843
8150
8301
8455
8762
7843
8150
8301
8608
8762
7843
8147
8297
8451
8601
7836
7990
8297
8451
8605
8755
7840
8147
8297
8451
8605
8758
7840
8147
8301
8605
8758
8912
7993
8147
8455
8605
8758
8912
7997
8147
8455
8608
8758
8912
7997
8301
8455
8608
8758
8912
7997
8301
8455
8608
8758
8912
7997
8301
8455
8608
8762
8912
7997
8301
8455
8608
8758
8912
7993
8301
8455
8605
8758
8912
8147
8301
8455
8605
8758
8912
