6326
6329
6483
6483
6483
6637
6637
6637
6637
6792
6792
6792
6792
6792
6792
6792
6792
6792
6946
6946
6946
6946
6946
6946
6946
6946
6946
6946
6946
6946
6946
6946
6946
6946
6329
6329
6483
6483
6483
6637
6637
6637
6637
6792
6792
6792
6792
6792
6792
6792
6792
6792
6946
6946
6946
6946
6946
6946
6946
6946
6946
6946
6946
6946
6946
6946
6946
6946
6329
6329
6483
6475
6624
6618
6615
6610
6761
6758
6755
6752
6752
6903
6900
6900
6897
6897
6897
6894
6894
6894
6894
6891
6891
6891
6891
6891
6891
6891
6891
6891
6891
6891
6891
5213
5364
5671
5822
5975
5975
6128
6281
6279
6432
6432
6585
6585
6585
6738
6735
6738
6738
6735
6888
6888
6888
6888
6888
6888
6888
6888
6891
6891
6891
6891
6888
6888
6888
6888
4751
4904
5211
5364
5668
5822
5975
5972
6128
6279
6279
6432
6432
6585
6585
6585
6738
6738
6738
6738
6735
6888
6891
6891
6891
6888
6888
6888
6888
6888
6888
6888
6888
6888
6888
6888
6128
6281
6281
6435
6432
6585
6585
6585
6738
6738
6738
6738
6735
6888
6888
6888
6888
6888
6888
6888
6888
6888
6888
6891
6897
6903
6909
6914
6920
6923
6926
6929
6932
6935
6935
6937
6940
461
615
923
1692
2153
2768
3228
3687
4147
4452
4759
5066
5218
5371
5676
5829
5980
5980
6133
6287
6287
6440
6440
6591
6591
6593
6747
6744
6744
6744
6744
6744
6897
6897
6897
6897
6897
6897
6897
5831
5990
6146
6151
6308
6310
6467
6470
6626
6626
6629
6629
6783
6786
6786
6786
6786
6786
6789
6789
6943
6946
6946
6946
6946
6946
6946
6949
6949
6949
6949
6949
6949
6949
6949
6949
6949
6949
6949
6179
6334
6334
6488
6488
6488
6643
6643
6643
6643
6797
6797
6797
6797
6797
6797
6797
6797
6952
6952
6952
6952
6952
6952
6952
6952
6952
6952
6952
6952
6952
6952
6952
6949
6949
6952
6949
6952
6952
6179
6334
6334
6488
6488
6488
6643
6643
6643
6643
6797
6797
6797
6797
6797
6797
6797
6797
6797
6952
6952
6952
6952
6952
6952
6952
6952
6952
6952
6952
6952
6952
6952
6952
6952
6952
6952
6952
6952
6952
6179
6334
6334
6488
6488
6488
6643
6643
6643
6643
6797
6797
6797
6797
6797
6797
6797
6797
6797
6952
6952
6952
6952
6952
6952
6952
6952
6952
6952
6952
6952
6952
6952
6952
6952
6952
6952
6952
6952
6952
6952
6179
6334
6329
6475
6472
6621
6615
6613
6764
6764
6761
6758
6755
6755
6906
6906
6903
6903
6903
6900
6900
6900
6900
6897
6900
6900
6897
6897
6897
6897
6897
6897
6897
6897
6897
6897
6897
6897
6897
6897
6897
4602
4909
5062
5371
5527
5678
5831
5982
6136
6136
6287
6440
6440
6440
6593
6593
6591
6744
6744
6744
6744
6744
6897
6897
6897
6897
6897
6897
6897
6897
6897
6897
6897
6897
6897
6897
6897
6897
6897
6897
6897
6897
4604
4913
5064
5371
5522
5676
5829
5980
6133
6133
6287
6440
6440
6440
6591
6591
6591
6744
6744
6744
6744
6744
6897
6897
6897
6897
6897
6897
6897
6903
6909
6914
6917
6923
6926
6929
6932
6935
6935
6937
6937
6940
6940
465
465
620
620
775
775
775
775
930
930
930
929
929
929
929
1084
1084
1084
1084
1084
1084
1084
1084
1084
1084
1085
1085
1085
1085
1085
1085
1085
1085
1085
1085
1085
1085
1085
1085
1085
1085
1085
1084
1084
1084
1084
1084
1084
1084
1084
1084
1084
1084
1084
1084
1084
1084
1084
1084
1084
1084
1084
1084
1084
1084
1084
1084
1085
1085
1085
1085
1085
1085
1085
1085
1085
1085
1085
1085
1085
1085
1085
1085
1085
1085
1085
1085
1085
1085
1085
1085
1084
1084
1084
1084
1084
1084
1084
1084
1084
1084
1084
1084
1084
1084
1084
1084
1084
1084
1084
1084
1084
1084
1084
1085
1085
1085
1085
1085
1085
1085
1085
1085
1085
1085
1085
1085
1085
1085
1085
1085
1085
1085
1085
1085
1085
1085
1085
1085
1085
1085
1085
1085
1085
1085
1085
1085
1240
1394
2013
2632
3096
3559
3868
4331
4640
4950
4484
4484
4638
4793
5102
5255
5564
5718
5873
6027
6027
6179
6334
6334
6488
6488
6488
6643
6643
6643
6643
6797
6797
6797
6797
6797
6797
6797
6797
6797
6797
6952
6952
6952
6952
6952
6952
6952
6952
6952
6952
6952
6952
6952
6952
6179
6334
6334
6488
6488
6488
6643
6643
6643
6643
6797
6797
6797
6797
6797
6797
6797
6797
6797
6952
6952
6952
6952
6952
6952
6952
6952
6952
6952
6952
6952
6952
6952
6952
6952
6952
6952
6952
6952
6952
6952
6952
6952
6952
6952
6179
6334
6334
6488
6488
6488
6643
6643
6643
6643
6797
6797
6797
6797
6797
6797
6797
6797
6797
6952
6952
6952
6952
6952
6952
6952
6952
6952
6949
6949
6952
6952
6949
6952
6949
6952
6952
6952
6949
6952
6952
6952
6949
6952
6952
6952
6179
6334
6334
6488
6488
6488
6643
6643
6643
6643
6797
6797
6797
6797
6797
6797
6797
6797
6797
6952
6952
6952
6952
6952
6952
6952
6952
6952
6952
6952
6952
6952
6952
6952
6952
6952
6952
6952
6952
6952
6952
6952
6952
6952
6952
6952
6952
6179
6334
6334
6488
6488
6488
6643
6643
6643
6643
6797
6797
6797
6797
6797
6797
6797
6797
6797
6952
6952
6952
6952
6952
6952
6952
6952
6952
6952
6952
6952
6952
6952
6952
6952
6952
6952
6952
6952
6952
6952
6952
6952
6952
6952
6952
6952
