7840
8147
8451
8605
8912
7997
8301
8608
8762
8916
8150
8304
8612
8762
9069
8154
8458
8612
8919
9073
8154
8458
8766
8919
9073
8308
8462
8766
8919
9073
8308
8462
8766
8919
9073
9227
8308
8615
8766
8919
9073
9381
8308
8615
8766
8919
9227
9381
8308
8615
8766
9073
9227
9381
8462
8615
8766
9073
9227
9377
8462
8612
8919
9073
9223
9377
8462
8612
8919
9073
9223
9377
8458
8612
8919
9073
9223
9377
8462
8612
8919
9073
9223
9377
8458
8612
8919
9069
9223
9377
8458
8766
8919
9069
9223
9377
9531
8458
8766
8919
9069
9223
9377
9531
8458
8766
8919
9069
9223
9377
9531
8612
8766
8919
9069
9223
9377
9531
6174
6326
6475
6470
6467
6615
6613
6613
6764
6761
6758
6755
6755
6752
6906
6906
6903
6903
6903
6900
6900
6900
6900
6900
6900
6900
6900
6897
6900
6900
6897
6897
6897
5218
5522
5676
5827
5980
6133
6133
6287
6284
6437
6437
6591
6591
6591
6744
6744
6744
6744
6744
6744
6897
6897
6897
6897
6897
6894
6897
6897
6897
6897
6897
6897
6897
6897
4911
5220
5371
5524
5829
5829
5982
6133
6287
6287
6440
6440
6593
6591
6591
6744
6744
6744
6744
6744
6744
6897
6897
6897
6897
6897
6897
6897
6897
6897
6894
6894
6894
6897
6897
4295
4604
4759
5068
5373
5527
5678
5831
5982
6136
6133
6287
6443
6440
6440
6593
6591
6591
6744
6744
6744
6744
6744
6894
6894
6894
6894
6894
6894
6894
6894
6894
6894
6894
6894
5522
5827
5827
5980
6133
6284
6284
6437
6437
6593
6599
6604
6607
6766
6769
6772
6775
6778
6780
6780
6937
6940
6940
6940
6943
6943
6946
6946
6946
6946
6946
6949
6949
6949
6949
6949
462
616
770
1385
2153
2614
3228
3687
3995
4300
4759
4913
5220
5371
5524
5831
5829
5982
6136
6287
6287
6440
6440
6593
6593
6593
6747
6747
6747
6747
6744
6747
6900
6900
6900
6900
6897
6897
460
614
768
1536
2149
2763
3222
3683
3988
4448
4755
4909
5213
5367
5673
5827
5980
5980
6131
6284
6284
6443
6448
6607
6610
6615
6618
6775
6778
6778
6780
6783
6783
6786
6786
6943
6943
6943
6946
6174
6329
6331
6486
6486
6486
6640
6640
6640
6640
6795
6795
6797
6797
6797
6797
6797
6797
6952
6952
6952
6952
6952
6952
6952
6952
6952
6952
6952
6952
6952
6952
6952
6952
6952
6952
6952
6952
6952
6179
6334
6334
6488
6488
6643
6643
6643
6643
6797
6797
6797
6797
6797
6797
6797
6797
6797
6952
6952
6952
6952
6952
6952
6952
6952
6952
6952
6952
6952
6952
6952
6952
6952
6952
6952
6952
6952
6952
6179
6334
6334
6488
6488
6643
6643
6643
6643
6797
6797
6797
6797
6797
6797
6797
6797
6797
6952
6952
6952
6952
6952
6952
6952
6952
6952
6952
6952
6952
6952
6952
6952
6952
6952
6952
6952
6952
6952
6952
6179
6334
6334
6488
6488
6643
6643
6643
6643
6643
6797
6797
6797
6797
6797
6797
6797
6797
6797
6952
6952
6952
6952
6952
6952
6952
6952
6952
6952
6952
6952
6952
6952
6952
6952
6952
6952
6952
6952
6952
6952
6179
6334
6334
6488
6488
6488
6643
6643
6643
6643
6797
6797
6797
6797
6797
6797
6797
6797
6952
6952
6952
6952
6952
6952
6952
6952
6952
6952
6952
6952
6952
6952
6952
6952
6952
6952
6952
6952
6952
6952
6952
6952
6334
6334
6334
6488
6488
6643
6643
6643
6643
6797
6797
6797
6797
6797
6797
6797
6797
6797
6952
6952
6952
6952
6952
6952
6952
6952
6952
6952
6952
6952
6952
6952
6952
6952
6952
6952
6952
6952
6952
6952
6952
6952
6179
6334
6334
6488
6488
6643
6643
6643
6643
6643
6797
6797
6797
6797
6797
6797
6797
6797
6952
6952
6952
6952
6952
6952
6952
6952
6952
6952
6952
6952
6952
6952
6952
6952
6952
6952
6952
6952
6952
6952
6952
6952
6952
6179
6334
6334
6488
6488
6643
6643
6643
6643
6643
6797
6797
6797
6797
6797
6797
6797
6797
6952
6952
6952
6952
6952
6952
6952
6952
6952
6952
6952
6952
6952
6952
6952
6952
6952
6952
6952
6952
6952
6952
6952
6952
6952
6952
6179
6334
6334
6488
6488
6488
6643
6643
6643
6643
6797
6797
6797
6797
6797
6797
6797
6797
6797
6952
6952
6952
6952
6952
6952
6952
6952
6952
6952
6952
6952
6952
6952
6952
6952
6952
6952
6952
6952
6952
6952
6952
6952
6952
6952
6179
6334
6334
6488
6488
6488
6643
6643
6643
6643
6797
6797
6797
6797
6797
6797
6797
6797
6952
6952
6952
6952
6952
6952
6952
6952
6952
6952
6952
6952
6952
6952
6952
6952
6952
6952
6952
6952
6952
6952
6952
6952
6952
6952
6952
6179
6334
6334
6488
6488
6488
6643
6643
6643
6643
6797
6797
6797
6797
6797
6797
6797
6797
6797
6952
6952
6952
6952
6952
6952
6952
6952
6952
6952
6952
6952
6952
6952
6952
6952
6952
6952
6952
6952
6952
6952
6952
6952
6952
6952
6952
6179
6334
6334
6488
6488
6643
6643
6643
6643
6643
6797
6797
6797
6797
6797
6797
6797
6797
6952
6952
6952
6952
6952
6952
6952
6952
6952
6952
6952
6952
6952
6952
6952
6952
6952
6952
6952
6952
6952
6952
6952
6952
6952
6952
6952
6952
6952
6179
6334
6334
6488
6488
6488
6643
6643
6643
6643
6797
6797
6797
6797
6797
6797
6797
6797
6797
6952
6952
6952
6952
6952
6952
6952
6952
6952
6952
6952
6952
6952
6952
6952
6952
6952
6952
6952
6952
6952
6952
6952
6952
6952
6952
6952
6952
