7086
7240
7394
7548
7702
7702
7856
7856
8010
7089
7243
7397
7551
7705
7702
7856
7856
8010
7089
7243
7397
7551
7705
7705
7856
8010
8010
7089
7243
7397
7551
7705
7705
7859
8010
8010
8010
7089
7243
7397
7551
7705
7705
7859
8010
8010
8010
7089
7243
7397
7551
7705
7705
7859
8010
8010
8010
7243
7397
7551
7705
7705
7859
7856
8010
8010
8164
7243
7397
7551
7705
7705
7859
7859
8010
8010
8164
7243
7397
7551
7705
7859
7856
8010
8010
8010
8164
8164
7243
7397
7551
7702
7702
7856
7856
8010
8010
8164
8164
7243
7397
7551
7548
7702
7856
7856
8010
8010
8164
8164
7243
7397
7551
7551
7705
7859
7856
8010
8010
8164
8164
7243
7397
7551
7705
7859
7859
8010
8010
8010
8164
8164
7243
7397
7551
7705
7705
7859
7856
8010
8010
8164
8164
8164
7397
7551
7551
7705
7859
7859
8010
8010
8164
8164
8164
8164
7243
7397
7551
7705
7705
7859
7859
8010
8010
8164
8164
8164
7397
7551
7551
7705
7859
7856
8010
8010
8164
8164
8164
8164
7243
7397
7551
7705
7859
7859
8010
8010
8010
8164
8164
8164
7243
7397
7551
7705
7856
7856
8010
8010
8010
8164
8164
8164
7243
7397
7548
7702
7856
7856
8010
8010
8010
8164
8164
8164
8318
6786
6786
6940
7095
7095
7249
7249
7249
7403
7400
7400
7400
7400
7554
7554
6786
6786
6940
7095
7095
7249
7246
7246
7400
7400
7400
7400
7400
7554
7554
6786
6940
6940
7095
7095
7249
7246
7246
7400
7400
7400
7400
7400
7554
7554
6786
6940
6940
7095
7095
7249
7249
7249
7403
7403
7403
7403
7403
7557
7557
6786
6940
6940
7095
7095
7249
7249
7249
7403
7403
7403
7403
7403
7557
7557
7557
6786
6940
6940
7095
7095
7249
7249
7249
7403
7403
7403
7403
7557
7557
7557
7557
6786
6940
6940
7095
7095
7249
7249
7249
7403
7403
7403
7403
7557
7557
7557
7557
6786
6940
6940
7095
7095
7249
7249
7249
7403
7403
7403
7403
7557
7557
7557
7557
7557
6786
6940
6940
7095
7095
7249
7249
7249
7403
7403
7403
7403
7557
7557
7554
7554
7554
6786
6940
6940
7095
7095
7249
7246
7246
7400
7400
7400
7400
7554
7554
7554
7554
7554
6786
6940
6940
7095
7092
7246
7243
7243
7397
7397
7397
7397
7551
7551
7554
7554
7554
7554
6783
6937
6937
7092
7240
7234
7231
7382
7375
7375
7372
7523
7523
7520
7516
7516
7516
4299
4454
4759
5066
5371
5678
5829
6136
6289
6443
6593
6747
6900
6897
7050
7050
7204
7204
4909
5062
5369
5676
5980
6133
6287
6440
6593
6744
6897
6897
7050
7050
7204
7204
7354
7354
4295
4450
4757
5064
5369
5676
5829
6133
6287
6440
6591
6744
6897
6897
7050
7047
7201
7201
7354
5376
5687
5844
6154
6308
6464
6621
6775
6778
6932
7089
7089
7243
7246
7246
7400
7400
7403
7403
6635
6789
6789
6943
7097
7097
7252
7252
7252
7406
7406
7406
7406
7560
7560
7560
7560
7560
7560
6792
6946
6946
7100
7100
7255
7255
7252
7406
7406
7406
7406
7560
7560
7560
7560
7560
7560
7560
7560
6792
6946
6946
7100
7100
7255
7255
7252
7406
7406
7406
7406
7560
7560
7560
7560
7560
7560
7560
7560
6792
6946
6946
7100
7100
7255
7255
7255
7406
7406
7406
7406
7560
7560
7560
7560
7560
7560
7560
7560
