462
616
923
1693
2461
3383
3998
2923
2922
3228
3687
4148
4454
4759
5066
5218
3993
4454
4915
5220
5527
5678
5831
5982
4608
4759
5066
5371
5524
5676
5829
5982
6136
5680
5831
5985
5982
6136
6289
6287
6440
6440
6593
4911
5218
5371
5522
5676
6136
6443
6443
6593
4913
5064
5371
5524
5676
5829
5982
6133
6133
6287
5066
5680
5987
6138
6138
6292
6289
6443
6443
4759
5066
5218
5524
5678
5829
5982
6136
6443
4915
5220
5373
5524
5678
5829
5982
6136
6136
6287
4759
5064
5524
5831
5985
6136
6136
6289
6440
4147
4300
4606
4759
5064
5371
5522
5829
6292
5836
5987
6141
6292
6292
6443
6443
6596
6593
6593
6747
4913
5218
5371
5522
5676
6136
6596
6906
465
620
929
1239
2011
2937
3707
4478
4015
4167
4783
5398
6012
6472
6010
6164
6315
6775
7083
7542
6775
7237
7542
7849
8000
8308
7542
7696
8000
8154
8308
8612
7696
8000
8154
8462
8612
8766
6637
6792
6946
6946
7100
7097
7252
7252
7252
7406
7406
7406
7406
7406
7560
6637
6792
6943
6943
7097
7097
7252
7252
7252
7406
7406
7406
7406
7406
7560
6637
6792
6946
6946
7100
7100
7255
7255
7252
7406
7406
7406
7406
7406
7560
6637
6792
6946
6946
7097
7097
7252
7252
7252
7406
7406
7406
7406
7406
7560
6637
6792
6946
6946
7100
7100
7255
7252
7252
7406
7406
7406
7406
7406
7560
7560
6637
6792
6946
6946
7100
7100
7255
7255
7255
7409
7406
7406
7406
7406
7560
7560
6637
6792
6946
6946
7100
7100
7255
7255
7255
7409
7409
7406
7406
7406
7560
7560
6637
6792
6946
6946
7100
7100
7255
7255
7255
7406
7406
7406
7406
7406
7560
7560
7560
6792
6792
6946
6946
7100
7100
7255
7255
7255
7409
7409
7406
7406
7406
7560
7560
7560
6792
6792
6946
6946
7100
7100
7255
7255
7255
7409
7406
7406
7406
7560
7560
7560
7560
6792
6792
6946
6943
7097
7097
7252
7252
7252
7406
7406
7406
7406
7560
7560
7560
7560
7560
6792
6792
6946
6946
7100
7100
7255
7255
7252
7406
7406
7406
7406
7560
7560
7560
7560
7560
6792
6792
6946
7100
7100
7100
7255
7255
7255
7409
7406
7406
7406
7560
7560
7560
7560
7560
6792
6792
6946
7100
7100
7100
7255
7255
7255
7409
7406
7406
7406
7560
7560
7560
7560
7560
7560
6792
6792
6946
7100
7100
7100
7255
7255
7409
7409
7409
7406
7406
7560
7560
7560
7560
7560
7560
6792
6792
6946
7100
7100
7100
7255
7255
7409
7409
7409
7406
7406
7560
7560
7560
7560
7560
7560
6792
6792
6946
7097
7097
7252
7252
7252
7406
7406
7406
7406
7406
7560
7560
7560
7560
7560
7560
6792
6792
6946
7100
7100
7255
7255
7255
7406
7406
7406
7406
7406
7560
7560
7560
7560
7560
7560
7560
6792
6792
6946
7100
7100
7255
7255
7255
7409
7409
7406
7406
7406
7560
7560
7560
7560
7560
7560
7560
6792
6946
6946
7100
7100
7255
7255
7255
7409
7409
7409
7406
7406
7560
7560
7560
7560
7560
7560
7560
