5687
5995
6149
6300
6451
6604
6755
6909
7062
7059
7213
7213
7213
7366
5376
5683
5834
6141
6294
6445
6599
6752
6906
6906
7062
7062
7216
7213
7366
5376
5683
5836
6141
6294
6448
6602
6758
6912
6909
7062
7062
7213
7213
7366
4763
5070
5378
5687
5844
6149
6302
6453
6607
6758
6912
6909
7062
7062
7213
5529
5839
5992
6144
6451
6604
6602
6755
6909
7059
7059
7213
7213
7213
7366
7366
5068
5376
5680
5834
6141
6292
6445
6599
6752
6903
6906
7062
7065
7219
7216
7369
5378
5529
5836
5990
6294
6448
6602
6752
6755
6912
7065
7062
7216
7216
7213
7366
5529
5836
5987
6294
6448
6602
6758
6758
6909
7062
7062
7213
7213
7213
7366
7366
7366
5376
5683
5987
6144
6297
6451
6604
6755
6909
6909
7059
7059
7213
7213
7366
7363
7363
5683
5990
6144
6294
6448
6602
6752
6906
7059
7059
7213
7213
7210
7363
7363
7363
7516
4917
5222
5529
5680
5987
6141
6292
6445
6599
6752
6903
6906
7065
7068
7222
7219
7372
7369
5531
5836
5990
6294
6448
6602
6752
6752
6906
7059
7059
7213
7213
7213
7366
7366
7363
7516
5683
5834
6141
6294
6445
6599
6752
6909
6909
7062
7062
7216
7213
7366
7366
7366
7366
7516
5376
5683
5987
6141
6294
6451
6604
6755
6909
6909
7062
7213
7213
7213
7366
7366
7363
7516
5529
5683
5992
6146
6297
6451
6602
6755
6909
7059
7059
7213
7213
7213
7363
7363
7363
7516
7516
6448
6602
6755
6906
6906
7059
7059
7210
7210
7363
7363
7363
7363
7516
7516
7516
7513
7513
7516
5680
5987
6138
6292
6445
6599
6752
6906
6903
7056
7210
7210
7210
7363
7366
7369
7372
7532
7535
6772
6775
6929
7086
7086
7089
7243
7243
7400
7400
7400
7400
7557
7557
7557
7557
7557
7557
7557
7560
6789
6943
6943
7097
7097
7252
7252
7252
7406
7406
7406
7406
7560
7560
7560
7560
7560
7560
7560
7560
6792
6946
6946
7100
7100
7255
7255
7255
7406
7406
7406
7406
7560
7560
7560
7560
7560
7560
7560
7560
8003
8311
8619
8769
8923
8007
8311
8619
8773
8923
8007
8311
8619
8773
8923
8007
8311
8619
8773
9077
8161
8311
8619
8773
9077
8161
8465
8619
8927
9077
8161
8465
8619
8927
9077
9231
8161
8465
8773
8927
9077
9231
8161
8465
8773
8923
9077
9231
8311
8465
8773
8923
9077
9231
8311
8465
8773
8923
9077
9231
8311
8619
8769
8923
9231
9385
8311
8619
8773
8923
9231
9385
8311
8619
8773
9077
9231
9385
8311
8619
8773
9077
9231
9385
8465
8619
8773
9077
9231
9385
8465
8619
8927
9077
9231
9385
9539
8465
8619
8923
9077
9231
9385
9535
8465
8619
8923
9077
9231
9385
9535
8465
8619
8923
9077
9231
9385
9539
7095
7246
7400
7554
7708
7862
7862
8017
8017
7249
7403
7400
7554
7708
7862
7862
8017
8017
7249
7403
7557
7554
7708
7862
7862
8017
8017
7249
7403
7557
7554
7708
7862
7862
8017
8017
8171
7249
7403
7554
7554
7708
7862
7862
8017
8017
8171
7249
7403
7554
7554
7708
7862
7862
8017
8017
8171
7249
7403
7554
7554
7708
7862
7862
8017
8017
8171
7249
7403
7554
7708
7708
7862
7862
8017
8017
8171
7249
7400
7554
7708
7708
7862
7862
8017
8017
8171
8167
7246
7400
7554
7708
7708
7862
7862
8017
8017
8167
8167
7246
7400
7554
7708
7708
7862
7862
8017
8017
8171
8171
7249
7400
7554
7708
7708
7862
8017
8017
8017
8171
8171
7249
7403
7554
7708
7708
7862
7862
8017
8017
8171
8171
7249
7403
7554
7708
7708
7862
8017
8017
8017
8171
8171
7249
7403
7554
7708
7708
7862
8017
8017
8017
8171
8171
8171
7249
7403
7554
7708
7862
7862
8017
8017
8017
8171
8171
8171
7403
7403
7554
7708
7862
7862
8017
8017
8171
8171
8171
8171
7400
7554
7554
7708
7862
7862
8017
8017
8171
8167
8167
8167
7400
7554
7554
7708
7862
7862
8017
8017
8167
8167
8167
8167
7400
7554
7554
7708
7862
7862
8017
8017
8171
8171
8171
8171
8325
7542
7846
8000
8308
8458
7542
7846
8154
8308
8458
7542
7846
8154
8308
8612
7696
7846
8154
8308
8612
7696
8000
8154
8462
8612
7696
8000
8154
8458
8612
7696
8000
8154
8458
8612
7692
8000
8304
8458
8612
7846
8000
8304
8458
8612
7846
8000
8308
8458
8612
8766
7849
8000
8308
8462
8612
8766
7849
8000
8308
8462
8612
8766
7849
8154
8308
8458
8612
8766
7849
8154
8308
8458
8612
8766
7849
8154
8308
8458
8612
8766
7849
8154
8308
8458
8766
8919
8000
8154
8308
8612
8766
8919
8000
8154
8308
8612
8766
8919
8000
8154
8462
8612
8766
8919
8000
8154
8462
8612
8766
8919
