6172
6172
6326
6326
6480
6480
6635
6635
6635
6635
6789
6789
6792
6792
6792
6792
6792
6792
6792
6946
6946
6943
6937
6932
6929
6926
6923
6920
6920
6917
6914
6912
6912
6909
5685
5836
5990
5987
6141
6292
6292
6445
6445
6599
6596
6596
6749
6749
6749
6749
6749
6749
6903
6900
6900
6900
6900
6903
6903
6900
6900
6900
6900
6900
6900
6900
6900
6903
4608
4763
5068
5376
5527
5680
5834
5985
6138
6138
6292
6292
6445
6443
6596
6596
6596
6749
6749
6749
6749
6749
6749
6903
6903
6903
6903
6903
6903
6903
6903
6900
6900
6900
5831
5985
6138
6136
6289
6443
6443
6443
6596
6596
6596
6747
6747
6747
6747
6747
6900
6900
6900
6900
6900
6900
6900
6900
6900
6900
6900
6900
6900
6900
6900
6900
6900
6900
6900
4767
5073
5380
5531
5683
5836
5987
6141
6138
6292
6445
6445
6445
6599
6596
6596
6749
6749
6749
6749
6749
6903
6903
6900
6900
6900
6900
6900
6900
6900
6900
6900
6900
6900
6900
6900
5066
5373
5524
5678
5831
5985
6136
6136
6289
6443
6443
6448
6604
6610
6613
6769
6772
6775
6778
6780
6780
6783
6783
6940
6940
6943
6943
6943
6946
6946
6946
6946
6946
6949
6949
6949
6949
1228
1995
2610
3069
3528
3988
4295
4600
4907
5213
5364
5518
5671
5824
5977
6131
6281
6281
6435
6435
6588
6588
6588
6741
6741
6741
6741
6741
6741
6894
6894
6894
6894
6894
6894
6894
6894
4755
4909
5213
5367
5673
5824
5977
5977
6131
6284
6284
6435
6435
6588
6588
6588
6741
6741
6741
6741
6741
6894
6894
6894
6894
6894
6894
6894
6894
6894
6894
6894
6894
6894
6894
6894
6894
6894
5062
5369
5520
5673
5824
5977
6131
6284
6284
6437
6437
6588
6588
6588
6741
6741
6741
6741
6741
6894
6894
6894
6894
6894
6894
6894
6894
6894
6894
6894
6894
6894
6894
6894
6894
7047
7047
7047
7047
4448
4757
5064
5215
5522
5673
5827
5980
6133
6131
6289
6294
6453
6456
6615
6618
6621
6624
6780
6780
6783
6786
6786
6786
6789
6943
6943
6946
6946
6946
6946
6946
6946
6946
6946
6949
6949
6949
6949
6949
6331
6331
6486
6486
6640
6640
6640
6640
6795
6795
6795
6795
6795
6795
6795
6795
6949
6949
6949
6949
6949
6949
6949
6949
6949
6949
6949
6949
6949
6949
6949
6949
6949
6949
6949
6949
6952
6952
6952
6949
6952
6334
6488
6488
6488
6643
6643
6643
6643
6797
6797
6797
6797
6797
6797
6797
6797
6952
6952
6952
6952
6952
6952
6952
6952
6952
6952
6952
6952
6952
6952
6952
6952
6952
6952
6952
6952
6952
6952
6952
6952
6952
6334
6334
6488
6488
6643
6643
6643
6643
6797
6797
6797
6797
6797
6797
6797
6797
6952
6952
6952
6949
6949
6949
6949
6949
6949
6949
6949
6949
6949
6949
6949
6949
6949
6949
6949
6949
6949
6949
6949
6949
6949
6949
6331
6331
6486
6486
6486
6640
6640
6640
6640
6795
6795
6797
6797
6797
6797
6797
6797
6952
6952
6952
6952
6952
6952
6952
6952
6952
6952
6952
6952
6952
6952
6952
6952
6952
6952
6952
6952
6952
6952
6952
6952
6952
6952
6334
6334
6488
6488
6643
6643
6643
6643
6797
6797
6797
6797
6797
6797
6797
6797
6952
6952
6952
6952
6952
6952
6952
6952
6952
6952
6952
6952
6952
6949
6949
6949
6949
6949
6949
6949
6949
6949
6949
6949
6949
6949
6949
6331
6331
6486
6486
6486
6640
6640
6640
6640
6795
6795
6795
6795
6795
6795
6795
6949
6949
6949
6949
6949
6949
6949
6949
6949
6949
6949
6952
6952
6952
6952
6952
6952
6952
6952
6952
6952
6952
6952
6952
6952
6952
6952
6952
6334
6334
6488
6488
6643
6643
6643
6643
6797
6797
6797
6797
6797
6797
6797
6797
6797
6952
6952
6952
6952
6952
6952
6952
6952
6952
6952
6952
6952
6952
6952
6952
6952
6952
6952
6952
6952
6952
6952
6952
6952
6952
6952
6952
6952
6334
6334
6488
6488
6488
6643
6643
6643
6643
6797
6797
6797
6797
6797
6797
6797
6795
6949
6949
6949
6949
6949
6949
6949
6949
6949
6949
6949
6949
6949
6949
6949
6949
6949
6949
6949
6949
6949
6949
6949
6949
6949
6949
6949
6949
6949
6331
6331
6486
6488
6488
6643
6643
6643
6643
6797
6797
6797
6797
6797
6797
6797
6797
6952
6952
6952
6952
6952
6952
6952
6952
6952
6952
6952
6952
6952
6952
6952
6952
6952
6952
6952
6952
6952
6952
6952
6952
6952
6952
6952
6952
6952
6952
6334
6334
6488
6488
6643
6643
6643
6643
6797
6797
6797
6797
6797
6797
6797
6797
6797
6952
6952
6952
6952
6952
6952
6952
6952
6952
6952
6952
6952
6952
6952
6952
6952
6952
6952
6952
6952
6952
6952
6952
6952
6952
6952
6952
6952
6952
6952
7246
7400
7554
7708
7862
7862
8017
8017
8017
7400
7400
7554
7708
7862
7862
8017
8013
8013
7246
7400
7554
7708
7708
7862
8013
8013
8013
7400
7400
7554
7708
7862
7862
8017
8017
8017
7400
7554
7554
7708
7862
7862
8017
8017
8017
7400
7400
7554
7708
7862
7862
8017
8017
8017
8171
7400
7554
7554
7708
7862
7862
8017
8017
8171
8171
7400
7400
7554
7708
7862
7862
8017
8017
8017
8171
7400
7554
7554
7708
7862
7862
8017
8017
8171
8171
7400
7554
7708
7708
7862
7862
8017
8017
8171
8171
7400
7554
7708
7708
7862
7862
8017
8017
8171
8171
8171
7400
7554
7708
7708
7862
7862
8017
8017
8171
8167
8167
7400
7554
7708
7708
7862
7859
8013
8013
8167
8167
8167
7400
7554
7708
7859
7859
8013
8013
8013
8167
8167
8167
7400
7554
7708
7708
7862
7862
8017
8017
8171
8171
8167
8167
7400
7554
7708
7708
7862
8017
8017
8017
8171
8171
8171
7400
7554
7708
7708
7862
7862
8017
8017
8171
8171
8171
8322
7400
7554
7708
7708
7862
7862
8017
8017
8171
8171
8171
8322
7554
7554
7708
7862
7862
8017
8017
8017
8171
8171
8167
8322
7400
7554
7708
7708
7862
7862
8017
8017
8171
8171
8167
8322
8322
7846
8000
8308
8458
7846
8000
8308
8458
7846
8000
8308
8458
8612
7846
8154
8304
8612
8766
8000
8154
8304
8612
8766
8000
8154
8304
8612
8766
7846
8154
8304
8612
8766
7846
8154
8304
8612
8766
8000
8154
8458
8612
8766
8000
8308
8458
8612
8766
7846
8154
8308
8458
8766
8766
8000
8308
8458
8612
8766
8000
8308
8458
8612
8766
8000
8304
8458
8612
8762
8916
8150
8304
8458
8612
8762
8916
8150
8304
8458
8608
8762
8916
8150
8304
8458
8766
8916
8916
8154
8304
8458
8612
8766
8916
8154
8304
8458
8612
8766
8916
8154
8304
8612
8766
8919
8916
