7086
7240
7394
7548
7702
7702
7856
7856
8010
7240
7394
7548
7548
7702
7856
7856
8010
8010
7243
7397
7548
7702
7702
7856
7856
8010
8010
7243
7397
7551
7705
7705
7856
7856
8010
8010
8164
7243
7397
7551
7705
7705
7856
8010
8010
8010
8164
7243
7397
7551
7705
7705
7856
8010
8010
8010
8164
7243
7397
7551
7705
7859
7856
8010
8010
8010
8164
7397
7397
7551
7702
7856
7856
8010
8010
8010
8164
7397
7397
7548
7702
7856
7856
8010
8010
8010
8164
8164
7397
7397
7551
7702
7856
7856
8010
8010
8010
8164
8164
7397
7551
7548
7702
7856
7856
8010
8010
8164
8164
8164
7397
7548
7548
7702
7856
7856
8010
8010
8164
8164
8164
7397
7548
7548
7702
7856
7856
8010
8010
8164
8164
8164
7397
7551
7551
7702
7856
7856
8010
8010
8164
8164
8164
8164
7397
7551
7705
7705
7859
7856
8010
8010
8164
8164
8164
8164
7397
7551
7705
7705
7859
7856
8010
8010
8164
8164
8164
8164
7397
7551
7705
7705
7859
7856
8010
8010
8164
8164
8164
8318
7397
7551
7705
7702
7856
7856
8010
8010
8164
8164
8164
8318
7397
7548
7702
7702
7856
7856
8010
8010
8164
8164
8164
8318
7397
7551
7702
7702
7856
8010
8010
8010
8164
8164
8164
8318
8318
6174
6329
6329
6483
6483
6637
6637
6637
6637
6792
6792
6792
6792
6792
6792
6792
6792
6792
6946
6946
6946
6946
6946
6946
6946
6946
6946
6946
6946
6946
6946
6946
6946
6946
6177
6331
6331
6483
6483
6483
6637
6637
6637
6637
6792
6792
6792
6792
6792
6792
6792
6792
6946
6946
6946
6946
6946
6946
6946
6946
6946
6946
6946
6946
6946
6946
6946
6946
6331
6329
6329
6483
6483
6637
6637
6637
6637
6792
6792
6792
6792
6792
6792
6792
6792
6792
6946
6946
6946
6946
6946
6946
6946
6946
6946
6946
6946
6946
6946
6946
6946
6946
6946
6329
6326
6478
6472
6467
6618
6613
6613
6764
6761
6758
6755
6752
6906
6903
6903
6900
6900
6900
6900
6897
6897
6897
6897
6897
6897
6897
6894
6894
6894
6894
6894
6894
6894
6894
5676
5827
5980
6133
6131
6284
6284
6437
6437
6591
6588
6588
6741
6741
6741
6741
6741
6894
6894
6894
6894
6894
6894
6894
6894
6894
6894
6894
6894
6894
6894
6894
6894
6894
6894
6894
4909
5062
5367
5520
5673
5824
5977
6131
6131
6284
6437
6437
6437
6591
6588
6588
6741
6741
6741
6741
6741
6894
6894
6894
6894
6894
6894
6894
6894
6894
6894
6894
6894
6894
6894
6894
6894
5980
6133
6287
6287
6440
6437
6591
6591
6591
6593
6747
6747
6744
6744
6744
6897
6897
6897
6897
6897
6897
6897
6894
6894
6894
6894
6900
6906
6912
6917
6920
6923
6926
6929
6932
6935
6937
6937
465
465
620
620
775
775
775
775
930
930
930
930
930
930
930
1085
1085
1085
1084
1084
1084
1084
1084
1085
1085
1085
1085
1085
1085
1085
1085
1085
1085
1085
1085
1085
1085
1085
1240
1549
2168
2632
3096
3559
4023
4331
4640
4950
5102
5411
5566
5718
5873
6027
6027
6182
6336
6336
6491
6488
6488
6643
6643
6643
6643
6797
6797
6797
6025
6179
6334
6334
6488
6488
6488
6643
6643
6643
6643
6797
6797
6797
6797
6797
6797
6797
6797
6797
6797
6952
6952
6952
6952
6952
6952
6952
6952
6952
6952
6952
6952
6952
6952
6952
6952
6952
6952
6179
6334
6334
6488
6488
6488
6643
6643
6643
6643
6797
6797
6797
6797
6797
6797
6797
6797
6797
6952
6952
6952
6952
6952
6952
6952
6952
6952
6952
6952
6952
6952
6952
6952
6952
6952
6952
6952
6952
6952
6179
6334
6334
6488
6488
6488
6643
6643
6643
6643
6797
6797
6797
6797
6797
6797
6797
6797
6797
6952
6952
6952
6952
6952
6952
6952
6952
6952
6952
6949
6952
6952
6952
6952
6949
6949
6952
6949
6952
6952
6952
6179
6334
6334
6488
6488
6488
6643
6643
6643
6643
6797
6797
6797
6797
6797
6797
6797
6797
6797
6952
6952
6952
6952
6952
6952
6952
6952
6952
6952
6952
6952
6952
6952
6952
6952
6952
6952
6952
6952
6952
6952
6952
6179
6334
6334
6488
6488
6488
6643
6643
6643
6643
6797
6797
6797
6797
6797
6797
6797
6797
6797
6797
6952
6952
6952
6952
6952
6952
6952
6952
6952
6952
6952
6952
6952
6952
6952
6952
6952
6952
6952
6952
6952
6952
6179
6334
6334
6488
6488
6488
6643
6643
6643
6643
6797
6797
6797
6797
6797
6797
6797
6797
6797
6952
6952
6952
6952
6952
6952
6952
6952
6952
6952
6952
6952
6952
6952
6952
6952
6952
6952
6952
6952
6952
6952
6952
6952
6179
6334
6334
6488
6488
6488
6643
6643
6643
6643
6797
6797
6797
6797
6797
6797
6797
6797
6797
6952
6952
6952
6952
6952
6952
6952
6952
6952
6952
6952
6952
6952
6952
6952
6952
6952
6952
6952
6952
6952
6952
6952
6952
6952
6179
6334
6334
6488
6488
6488
6643
6643
6643
6643
6797
6797
6797
6797
6797
6797
6797
6797
6797
6952
6952
6952
6952
6952
6952
6952
6952
6952
6952
6952
6952
6952
6952
6952
6952
6952
6952
6952
6952
6952
6952
6952
6952
6952
6952
6179
6334
6334
6488
6488
6488
6643
6643
6643
6643
6797
6797
6797
6797
6797
6797
6797
6797
6797
6952
6952
6952
6952
6952
6952
6952
6952
6952
6952
6952
6952
6952
6952
6952
6952
6952
6952
6952
6952
6952
6952
6952
6952
6952
6949
6179
6334
6334
6488
6488
6488
6643
6643
6643
6643
6797
6797
6797
6797
6797
6797
6797
6797
6797
6952
6952
6952
6952
6952
6952
6952
6952
6952
6952
6952
6952
6952
6952
6952
6952
6952
6952
6952
6952
6952
6952
6952
6952
6952
6952
6952
6179
6334
6334
6488
6488
6488
6643
6643
6643
6643
6797
6797
6797
6797
6797
6797
6797
6797
6797
6952
6952
6952
6952
6952
6952
6952
6952
6952
6952
6952
6952
6952
6952
6952
6952
6952
6952
6952
6952
6952
6952
6952
6952
6952
6952
6952
6952
6179
6334
6334
6488
6488
6488
6643
6643
6643
6643
6797
6797
6797
6797
6797
6797
6797
6797
6797
6952
6952
6952
6952
6952
6952
6952
6949
6949
6952
6952
6952
6952
6952
6952
6952
6952
6952
6952
6952
6952
6952
6952
6952
6952
6952
6952
6952
5699
5853
6007
6467
6926
6161
6621
6929
7234
7542
6929
7234
7542
7846
8154
7234
7542
7846
8154
8304
7542
7846
8000
8304
8458
7692
7846
8154
8304
8612
7692
8000
8154
8458
8612
7692
8000
8308
8458
8612
7849
8000
8308
8458
8612
7849
8000
8308
8462
8612
7849
8000
8308
8462
8612
8766
7849
8000
8308
8462
8612
8766
7849
8154
8308
8458
8612
8766
7849
8154
8308
8458
8612
8766
7846
8154
8308
8458
8612
8766
7846
8154
8308
8612
8766
8919
8000
8154
8308
8612
8766
8919
8000
8154
8462
8612
8766
8919
8000
8154
8462
8612
8766
8919
8000
8154
8462
8612
8766
8919
