7240
7394
7548
7702
7702
7856
7856
8010
8010
7243
7397
7548
7702
7702
7856
7856
8010
8010
7243
7397
7548
7702
7702
7856
8010
8010
8010
7243
7397
7551
7705
7705
7856
8010
8010
8010
8164
7243
7397
7551
7705
7859
7856
8010
8010
8007
8161
7237
7391
7545
7699
7699
7853
7853
8007
8007
8161
7240
7394
7548
7702
7702
7856
8010
8010
8010
8164
7243
7397
7551
7702
7856
7856
8010
8010
8010
8164
7397
7397
7551
7705
7859
7859
8010
8010
8010
8164
8164
7397
7397
7551
7705
7859
7859
8013
8010
8010
8164
8164
7397
7551
7551
7705
7859
7859
8013
8010
8164
8164
8164
7397
7551
7551
7705
7859
7859
8010
8010
8164
8164
8164
7397
7551
7551
7702
7856
7856
8010
8010
8164
8164
8164
7397
7551
7702
7702
7856
7856
8010
8010
8164
8164
8164
8164
7397
7551
7702
7702
7856
7856
8010
8010
8164
8164
8164
8318
7397
7551
7705
7705
7856
7856
8010
8010
8164
8164
8164
8318
7397
7551
7705
7705
7859
7859
8010
8010
8164
8164
8164
8164
7397
7551
7705
7705
7859
7859
8013
8010
8164
8164
8164
8318
7397
7551
7705
7705
7859
7859
8013
8010
8164
8164
8164
8318
7397
7551
7705
7705
7859
7859
8010
8010
8164
8164
8164
8318
8318
6329
6329
6483
6483
6483
6637
6637
6637
6637
6792
6792
6792
6792
6792
6792
6792
6792
6946
6946
6946
6946
6946
6946
6946
6946
6946
6946
6946
6946
6946
6946
6946
6946
6946
6331
6331
6486
6486
6486
6640
6640
6640
6640
6795
6795
6795
6792
6792
6792
6792
6792
6946
6946
6946
6946
6946
6946
6946
6946
6946
6946
6946
6946
6946
6946
6946
6946
6946
6329
6329
6483
6483
6483
6637
6637
6637
6637
6792
6792
6792
6792
6792
6792
6792
6792
6946
6946
6946
6946
6946
6946
6946
6946
6946
6946
6946
6946
6946
6946
6946
6946
6946
6946
6331
6331
6486
6486
6486
6640
6640
6640
6637
6795
6792
6792
6795
6795
6792
6795
6792
6946
6946
6946
6946
6946
6946
6946
6946
6946
6946
6946
6946
6946
6946
6946
6946
6946
6946
6949
6331
6331
6486
6486
6483
6637
6637
6637
6637
6792
6792
6792
6792
6792
6792
6792
6792
6946
6946
6946
6946
6946
6946
6946
6946
6946
6946
6946
6946
6946
6946
6946
6946
6946
6946
6946
6946
6329
6329
6483
6483
6483
6637
6637
6637
6637
6792
6792
6792
6792
6792
6792
6792
6792
6792
6946
6946
6946
6946
6946
6946
6946
6946
6946
6946
6946
6946
6946
6946
6946
6946
6946
6946
6946
6331
6331
6486
6486
6486
6640
6640
6640
6640
6795
6792
6792
6795
6792
6792
6792
6795
6795
6946
6946
6946
6946
6946
6946
6949
6946
6946
6946
6946
6946
6946
6946
6946
6946
6946
6946
6946
6946
6331
6331
6486
6486
6486
6640
6640
6640
6640
6795
6792
6792
6795
6792
6792
6786
6935
6929
6926
6923
6920
6917
6914
6912
6909
6906
6906
6906
6903
6903
6900
6900
6900
6897
6897
6897
6897
6897
4448
4757
4909
5215
5367
5673
5827
5980
5980
6131
6284
6284
6437
6437
6591
6591
6588
6741
6741
6741
6741
6741
6741
6894
6894
6894
6894
6894
6894
6894
6894
6894
6894
6894
6894
6894
6894
6894
6894
5673
5827
5980
6133
6287
6284
6437
6437
6591
6591
6591
6741
6741
6741
6741
6741
6894
6894
6894
6894
6894
6894
6894
6894
6894
6894
6894
6894
6894
6894
6894
6894
6894
6894
6894
6894
6894
6894
7047
7047
4755
4909
5215
5367
5520
5673
5824
5977
6131
6284
6284
6437
6437
6591
6591
6588
6741
6741
6741
6741
6741
6894
6894
6894
6897
6903
6909
6914
6917
6920
6926
6929
6932
6932
6935
6937
6937
6940
6940
6943
6943
460
614
921
1688
2302
2762
3374
3680
4140
4445
4751
5058
5209
5515
5668
5822
5975
6126
6126
6279
6432
6432
6432
6585
6585
6582
6735
6735
6735
6735
6735
6888
6888
6888
6888
6888
6888
6888
6888
6888
6888
6888
5211
5362
5668
5822
5975
5972
6126
6279
6279
6432
6432
6585
6582
6582
6735
6735
6735
6735
6735
6888
6888
6888
6888
6888
6888
6888
6888
6888
6888
6888
6891
6888
6888
6888
6888
7042
7042
7042
7047
6900
6906
6912
465
465
620
620
775
775
775
775
930
930
930
930
930
930
930
1085
1085
1084
1084
1239
1858
2478
2941
3404
3868
4176
4485
4795
5102
5257
5411
5721
5873
5873
6027
6182
6182
6336
6336
6488
6488
6643
6643
6643
6643
6797
6797
6797
6797
6797
6797
6797
6797
6797
6952
6952
6952
6179
6179
6334
6334
6488
6488
6643
6643
6643
6643
6797
6797
6797
6797
6797
6797
6797
6797
6797
6797
6952
6952
6952
6952
6952
6952
6952
6952
6952
6952
6952
6952
6952
6952
6952
6952
6952
6952
6952
6952
6952
6952
6952
6952
6179
6334
6334
6488
6488
6488
6643
6643
6643
6643
6797
6797
6797
6797
6797
6797
6797
6797
6952
6952
6952
6952
6952
6952
6952
6952
6952
6952
6952
6952
6952
6952
6952
6952
6952
6952
6952
6952
6952
6952
6952
6952
6952
6952
6952
6179
6334
6334
6488
6488
6488
6643
6643
6643
6643
6797
6797
6797
6797
6797
6797
6797
6797
6797
6952
6952
6952
6952
6952
6952
6952
6952
6952
6952
6952
6952
6952
6952
6952
6952
6952
6952
6952
6952
6952
6952
6952
6952
6952
6952
6179
6334
6334
6488
6488
6488
6643
6643
6643
6643
6797
6797
6797
6797
6797
6797
6797
6797
6952
6952
6952
6952
6952
6952
6952
6952
6952
6952
6952
6949
6949
6952
6952
6952
6949
6952
6952
6952
6952
6952
6952
6952
6952
6952
6952
6952
6179
6334
6334
6488
6488
6488
6643
6643
6643
6643
6797
6797
6797
6797
6797
6797
6797
6797
6797
6952
6952
6952
6952
6952
6952
6952
6952
6952
6952
6952
6952
6952
6952
6952
6952
6952
6952
6952
6952
6952
6952
6952
6952
6952
6952
6952
6952
6179
6334
6334
6488
6488
6488
6643
6643
6643
6643
6797
6797
6797
6797
6797
6797
6797
6797
6797
6952
6952
6952
6952
6952
6952
6952
6952
6952
6952
6952
6952
6952
6952
6952
6952
6952
6952
6952
6952
6952
6952
6952
6952
6952
6952
6952
6952
