6172
6172
6326
6326
6480
6480
6632
6629
6624
6618
6769
6766
6764
6761
6758
6909
6909
6906
6906
6903
6903
6900
6900
6900
6897
6897
6897
6897
6897
6897
6897
6894
6894
5522
5673
5827
5980
6131
6284
6284
6437
6437
6437
6591
6588
6588
6741
6741
6741
6741
6741
6894
6894
6894
6894
6894
6894
6894
6894
6894
6894
6894
6894
6894
6894
6894
6894
4295
4602
4909
5213
5367
5520
5673
5824
5977
6131
6284
6284
6437
6437
6588
6591
6588
6741
6741
6741
6741
6741
6741
6894
6894
6894
6894
6894
6894
6894
6894
6894
6894
6894
6894
5673
5827
5980
6131
6131
6284
6284
6437
6437
6588
6588
6588
6741
6741
6741
6741
6741
6894
6894
6894
6894
6894
6894
6894
6894
6894
6894
6894
6894
6894
6894
6900
6906
6912
6914
1229
1844
2458
3072
3532
3838
4299
4606
4911
5064
5371
5522
5676
5829
5982
6136
6136
6289
6443
6440
6440
6596
6596
6593
6747
6747
6747
6747
6747
6747
6903
6900
6900
6900
6900
6900
5680
5831
5985
6138
6138
6289
6289
6443
6443
6596
6596
6596
6749
6747
6747
6747
6747
6747
6900
6900
6900
6900
6900
6900
6900
6900
6903
6900
6900
6900
6900
6900
6900
6900
6900
6900
4606
4913
5064
5376
5531
5685
5836
5990
6141
6141
6294
6445
6445
6445
6599
6599
6596
6749
6749
6749
6749
6749
6903
6903
6903
6903
6900
6900
6900
6900
6900
6900
6900
6900
6900
6900
6900
4606
4915
5068
5373
5527
5680
5831
5985
6138
6136
6289
6445
6443
6443
6596
6596
6596
6749
6749
6749
6749
6752
6758
6914
6920
6923
6926
6929
6932
6935
6935
6937
6940
6940
6940
6943
6943
6943
6174
6329
6331
6486
6486
6640
6640
6640
6640
6795
6795
6795
6795
6795
6795
6795
6795
6952
6952
6952
6949
6949
6946
6946
6946
6946
6946
6946
6946
6946
6946
6949
6949
6949
6949
6949
6949
6949
6949
6331
6331
6486
6486
6486
6640
6640
6640
6640
6795
6795
6795
6795
6795
6795
6795
6795
6949
6949
6949
6949
6949
6949
6949
6949
6949
6949
6949
6949
6949
6949
6949
6949
6949
6949
6949
6949
6949
6949
6949
6334
6334
6488
6488
6488
6643
6643
6643
6643
6797
6797
6797
6797
6797
6797
6797
6797
6952
6952
6952
6952
6952
6952
6952
6952
6952
6952
6952
6952
6952
6952
6952
6952
6952
6952
6952
6952
6952
6952
6952
6949
6334
6334
6488
6486
6486
6640
6640
6640
6640
6795
6795
6795
6795
6795
6795
6795
6795
6949
6949
6949
6949
6949
6949
6949
6949
6949
6949
6949
6949
6949
6949
6949
6949
6949
6949
6949
6952
6952
6952
6952
6952
6334
6334
6488
6488
6488
6643
6643
6643
6643
6797
6797
6797
6795
6795
6795
6795
6795
6949
6949
6949
6949
6949
6949
6949
6949
6949
6949
6949
6949
6949
6949
6949
6949
6952
6952
6952
6952
6952
6952
6952
6952
6952
6334
6334
6488
6488
6488
6643
6643
6643
6643
6797
6797
6797
6797
6797
6797
6797
6797
6952
6952
6952
6952
6952
6952
6952
6952
6952
6952
6952
6952
6952
6952
6952
6952
6952
6952
6952
6952
6952
6952
6952
6952
6952
6952
6334
6334
6488
6488
6488
6643
6643
6643
6643
6797
6797
6797
6797
6797
6797
6797
6797
6952
6952
6952
6952
6952
6952
6952
6952
6952
6952
6952
6952
6952
6952
6952
6952
6952
6952
6952
6952
6952
6952
6952
6952
6949
6949
6949
6334
6334
6488
6486
6486
6640
6640
6640
6640
6795
6795
6795
6795
6795
6795
6795
6795
6949
6952
6952
6952
6952
6952
6952
6952
6952
6952
6952
6952
6952
6952
6952
6952
6952
6952
6952
6952
6952
6952
6952
6952
6952
6952
6952
6334
6334
6488
6488
6643
6643
6643
6643
6643
6797
6797
6797
6797
6797
6797
6797
6797
6952
6952
6952
6952
6952
6952
6952
6952
6952
6952
6952
6952
6952
6952
6952
6952
6952
6952
6952
6952
6952
6952
6952
6952
6952
6952
6952
6952
6334
6334
6488
6488
6488
6643
6643
6643
6643
6797
6797
6797
6797
6797
6797
6797
6797
6797
6952
6952
6952
6952
6952
6952
6949
6949
6949
6949
6949
6949
6949
6949
6949
6949
6949
6949
6949
6949
6949
6949
6949
6949
6949
6949
6949
6952
6334
6334
6488
6488
6488
6643
6643
6643
6643
6797
6797
6797
6797
6797
6797
6797
6797
6797
6952
6952
6952
6952
6952
6952
6952
6952
6952
6952
6952
6952
6952
6952
6952
6952
6952
6952
6952
6952
6952
6952
6952
6952
6952
6952
6952
6952
6952
6334
6334
6488
6488
6488
6643
6643
6643
6643
6797
6797
6797
6797
6797
6797
6797
6797
6797
6952
6952
6952
6952
6952
6952
6952
6952
6952
6952
6952
6952
6952
6952
6952
6952
6952
6952
6952
6952
6952
6952
6952
6952
6952
6952
6952
6952
6952
7246
7400
7554
7708
7708
7862
8013
8013
8013
7246
7400
7554
7708
7862
7859
8013
8013
8013
7246
7400
7554
7708
7708
7862
8017
8017
8017
7400
7400
7554
7708
7862
7862
8017
8017
8017
7400
7554
7554
7708
7862
7862
8017
8017
8017
7246
7400
7554
7708
7862
7862
8017
8017
8017
8171
7400
7400
7554
7708
7862
7862
8017
8017
8017
8171
7400
7554
7708
7708
7862
7862
8017
8017
8171
8171
7400
7554
7554
7708
7862
7862
8017
8017
8171
8171
7400
7554
7708
7708
7862
7862
8017
8017
8171
8171
7400
7554
7554
7708
7862
7862
8017
8017
8171
8171
8171
7400
7554
7708
7708
7862
7862
8013
8013
8167
8167
8167
7400
7554
7708
7708
7862
7859
8013
8013
8167
8167
8167
7400
7554
7708
7708
7862
8017
8017
8017
8171
8171
8167
7400
7554
7708
7862
7862
8017
8017
8017
8171
8171
8167
7400
7554
7708
7862
7862
8017
8017
8017
8171
8171
8167
7400
7554
7708
7708
7862
8017
8017
8017
8171
8171
8167
8322
7400
7554
7708
7708
7862
8017
8017
8017
8171
8171
8167
8322
7400
7554
7708
7708
7862
7862
8017
8017
8171
8171
8167
8322
7400
7554
7708
7862
7862
8013
8013
8013
8167
8167
8167
8322
7692
8000
8154
8458
8612
7846
8154
8304
8458
7846
8154
8304
8458
8766
8000
8154
8458
8612
7846
8154
8304
8458
8766
7846
8154
8304
8612
8766
7846
8154
8304
8458
8766
7843
8150
8301
8451
8758
7993
8147
8455
8608
8762
7997
8150
8304
8608
8762
7997
8150
8458
8608
8762
8000
8150
8458
8612
8762
8000
8304
8458
8612
8762
8916
8150
8304
8458
8608
8762
7997
8304
8458
8612
8762
8916
8154
8304
8458
8612
8762
8916
8154
8304
8458
8612
8762
8916
8154
8304
8458
8612
8766
8916
8154
8304
8612
8766
8919
9069
8154
8304
8458
8766
8919
8916
