462
617
771
1080
1543
2466
2928
3541
4001
2770
2769
2923
3383
3843
4302
4608
4915
5220
4763
5378
5992
6144
6294
6448
6599
5068
5373
5527
5831
5985
6138
6289
6443
6596
5834
6294
6445
6599
6599
6749
6903
6903
6903
5220
5527
5831
5985
6138
6289
6443
6596
7056
461
615
923
1537
2305
3228
3687
4148
4454
4759
3225
3534
3840
4300
4606
4913
5064
5371
5524
5676
5829
4606
4913
5218
5371
5524
5676
5982
5982
6136
6287
6287
6440
5678
5831
5985
6136
6289
6289
6443
6440
6593
6593
6593
6747
5985
5985
6136
6289
6443
6443
6596
6593
6593
6747
6747
6747
5831
5985
6138
6289
6289
6443
6596
6593
6593
6747
6747
6747
5987
6448
6909
7372
7680
7987
7378
7686
7993
8301
8608
8762
7846
8154
8462
8769
8919
9073
8157
8465
8615
8923
9077
9231
8311
8619
8773
8923
9231
9385
8311
8619
8773
9077
9231
9385
9539
8465
8619
8927
9077
9231
9385
9539
8465
8619
8927
9077
9231
9385
9539
