462
617
617
771
926
926
1233
1849
2464
3078
3538
2923
3229
3689
3995
4454
4759
4913
5218
5524
5068
5373
5527
5678
5831
5982
6136
6136
6287
4913
5064
5371
5522
5676
5829
6136
6443
4759
4913
5218
5371
5524
5676
5829
5982
6133
6287
4606
5066
5527
5678
5831
5982
6136
6136
6287
4606
4911
5218
5371
5522
5676
5829
5980
6133
5834
5985
5985
6136
6289
6289
6440
6440
6440
6593
5064
5218
5369
5522
5829
5982
6289
6749
461
615
768
1229
1843
2458
2918
3225
3684
3991
4452
465
620
620
774
929
929
929
1084
1084
1083
1238
1238
1238
1238
1238
1392
1392
1392
1392
1392
1392
1238
1238
1392
1392
1392
1392
1392
1392
1392
1392
1392
1392
1392
1392
1392
1392
1392
1392
1547
1547
1547
1392
1392
1392
1392
1392
1392
1392
1392
1392
1392
1392
1392
1392
1392
1392
1392
1547
1547
1547
1547
1547
1392
1392
1392
1392
1392
1392
1392
1392
1392
1392
1392
1392
1392
1392
1392
1392
1392
1547
1547
1547
1547
1547
1392
1392
1392
1392
1392
1392
1392
1392
1392
1392
1392
1392
1392
1392
1392
1392
1547
1547
1547
1547
1547
1547
1392
1392
1392
1392
1392
1392
1392
1392
1392
1392
1392
1392
1392
1392
1392
1392
1547
1547
1547
1547
1547
1547
1547
1392
1392
1392
1392
1392
1392
1392
1392
1392
1392
1392
1392
1392
1392
1392
1392
1392
1547
1547
1392
1547
1547
1547
1392
1392
1392
1392
1546
1701
2010
2780
3551
4320
4167
4166
4781
5396
5856
6315
6775
6010
6161
6621
7083
7388
7696
8000
