462
616
924
1385
2000
2769
3383
4150
3846
4306
4765
5070
5378
5529
5680
5834
4300
4608
4913
5066
5371
5524
5676
5982
5680
5834
5985
6138
6289
6289
6443
6440
6440
5064
5218
5522
5676
5829
5982
6289
6596
5066
5371
5524
5678
5829
5982
6136
6133
6287
6287
4454
4913
5373
5527
5678
5831
5982
6136
6136
4759
4911
5218
5371
5522
5676
5829
5980
6443
4759
5066
5218
5524
5678
5829
5982
5982
6136
6287
4759
5066
5680
6141
6294
6445
6445
6596
4761
5066
5220
5371
5678
5831
5829
5982
6136
6287
6287
5680
5831
5985
6136
6136
6289
6287
6440
6440
6593
6593
4913
5064
5371
5522
5676
6136
6443
6906
461
615
923
1691
2459
3228
3534
3840
4300
4452
4759
3225
3532
3686
4145
4452
4604
4911
5062
5215
5369
5522
5676
4452
4759
4911
5064
5369
5522
5522
5676
5827
5980
5980
5980
6133
5068
5683
6144
6604
7065
7372
6764
7071
7378
7686
7993
8144
7382
7689
7997
8147
8455
8608
7846
7997
8304
8458
8612
8762
