6172
6326
6326
6480
6480
6480
6635
6635
6637
6637
6792
6792
6792
6792
6792
6792
6792
6946
6946
6946
6946
6946
6946
6943
6937
6932
6929
6923
6920
6917
6914
6912
6912
6909
5378
5529
5680
5831
5985
6136
6136
6289
6440
6440
6440
6593
6593
6591
6744
6744
6744
6744
6744
6897
6897
6897
6897
6897
6897
6897
6897
6894
6897
6894
6894
6894
6894
6894
5829
5980
6133
6133
6287
6437
6437
6437
6591
6591
6591
6744
6744
6741
6741
6741
6894
6894
6894
6894
6894
6894
6894
6894
6894
6894
6894
6894
6894
6894
6894
6894
6894
6894
7047
4909
5218
5369
5676
5829
5980
5980
6133
6287
6287
6437
6437
6591
6591
6591
6744
6744
6744
6744
6744
6897
6897
6894
6894
6894
6894
6894
6894
6894
6894
6894
6894
6894
6894
6894
4448
4753
5064
5222
5527
5680
5831
5982
6136
6136
6287
6440
6440
6440
6593
6593
6591
6744
6744
6744
6744
6744
6897
6897
6897
6897
6897
6897
6894
6894
6900
6906
6912
6914
6920
6923
1381
1995
2609
3222
3681
3988
4293
4600
4907
5213
5364
5518
5824
5977
5977
6131
6284
6281
6435
6435
6588
6588
6588
6741
6741
6741
6741
6741
6894
6894
6894
6894
6894
6894
6894
6894
6894
5215
5369
5520
5827
5980
5980
6131
6284
6284
6437
6437
6591
6588
6588
6744
6744
6741
6741
6741
6894
6894
6894
6894
6894
6894
6894
6894
6894
6894
6894
6894
6894
6894
6894
6894
6894
7047
4295
4606
4911
5064
5369
5522
5676
5827
5980
6133
6287
6284
6437
6437
6591
6591
6591
6744
6744
6744
6741
6741
6894
6894
6894
6894
6894
6894
6894
6894
6894
6894
6894
6894
6894
6894
6894
6894
1228
1995
2455
3069
3528
3988
4293
4600
4907
5213
5364
5518
5671
5824
5977
6131
6281
6281
6435
6435
6588
6588
6588
6741
6741
6741
6741
6741
6894
6894
6894
6894
6894
6894
6894
6894
6894
6894
6894
5213
5367
5673
5827
5977
5977
6131
6284
6284
6437
6435
6588
6588
6588
6741
6741
6741
6741
6741
6894
6894
6894
6894
6894
6894
6894
6894
6894
6894
6894
6894
6894
6894
6894
6894
7047
7047
7047
7047
5980
6133
6287
6284
6437
6437
6591
6591
6591
6744
6741
6741
6741
6741
6894
6894
6894
6894
6894
6894
6894
6894
6894
6894
6894
6894
6894
6894
6894
7047
7047
7047
7047
7047
7047
7047
7047
7047
7047
7047
4602
4909
5060
5367
5520
5673
5824
5977
6133
6292
6297
6456
6459
6461
6618
6621
6624
6780
6783
6783
6786
6786
6789
6789
6943
6946
6946
6946
6946
6946
6949
6949
6949
6949
6949
6949
6949
6949
6949
6949
6949
6331
6486
6486
6486
6640
6640
6640
6640
6795
6795
6795
6795
6795
6795
6795
6949
6949
6949
6949
6949
6949
6949
6949
6949
6949
6949
6949
6949
6949
6949
6949
6949
6949
6952
6952
6952
6952
6952
6952
6952
6952
6952
6334
6334
6488
6488
6643
6643
6643
6643
6797
6797
6797
6797
6797
6797
6797
6952
6952
6952
6949
6949
6946
6946
6946
6946
6946
6946
6946
6949
6949
6949
6949
6949
6949
6949
6949
6949
6949
6949
6949
6949
6949
6949
6949
6331
6331
6488
6488
6488
6643
6643
6643
6797
6797
6797
6797
6797
6797
6797
6797
6952
6952
6952
6952
6952
6952
6952
6952
6952
6952
6952
6952
6952
6952
6952
6952
6952
6952
6952
6952
6952
6952
6952
6952
6952
6952
6952
6952
6334
6334
6488
6488
6643
6643
6643
6643
6797
6795
6795
6795
6795
6795
6795
6949
6949
6949
6952
6952
6952
6952
6952
6952
6952
6952
6952
6952
6952
6952
6952
6952
6952
6952
6952
6949
6949
6949
6949
6949
6949
6949
6949
6949
6334
6334
6486
6486
6640
6640
6640
6643
6797
6797
6797
6797
6797
6797
6797
6797
6952
6952
6952
6952
6952
6952
6952
6952
6952
6952
6952
6952
6952
6952
6952
6952
6952
6952
6952
6952
6952
6952
6952
6952
6952
6952
6952
6952
6952
6334
6334
6488
6488
6643
6643
6643
6643
6797
6797
6797
6797
6797
6797
6797
6797
6952
6952
6952
6952
6952
6952
6952
6952
6952
6952
6952
6952
6952
6949
6949
6952
6952
6949
6949
6952
6949
6949
6949
6949
6949
6949
6949
6949
6952
6952
6334
6334
6488
6488
6488
6643
6643
6643
6797
6797
6797
6797
6797
6797
6797
6797
6952
6952
6952
6952
6952
6952
6952
6952
6952
6952
6952
6952
6952
6952
6952
6952
6952
6952
6952
6952
6952
6952
6952
6952
6952
6952
6952
6952
6952
6952
6952
6334
6334
6488
6488
6643
6643
6643
6643
6797
6797
6797
6797
6797
6797
6797
6797
6952
6952
6952
6952
6952
6952
6952
6952
6952
6952
6952
6952
6952
6952
6952
6952
6952
6952
6952
6952
6952
6952
6952
6952
6952
6952
6952
6952
6952
6952
6952
7692
8000
8154
8458
8612
7846
8154
8308
8458
7846
8154
8308
8458
8766
8000
8154
8308
8612
8766
8000
8154
8458
8612
8766
8000
8154
8458
8612
8766
8000
8154
8458
8612
8766
8000
8154
8458
8612
8766
8000
8304
8458
8612
8766
8000
8154
8458
8612
8766
8000
8150
8458
8612
8766
8000
8150
8458
8612
8762
8916
8154
8304
8458
8766
8916
8150
8304
8458
8612
8762
8916
8154
8304
8612
8766
8919
8154
8304
8458
8612
8766
8916
8154
8308
8458
8612
8766
8919
8154
8308
8458
8612
8766
8919
8154
8458
8612
8766
8919
9069
8154
8304
8458
8766
8919
8916
