7240
7394
7548
7702
7702
7856
7856
8010
8010
7240
7394
7548
7702
7702
7856
7856
8010
8010
7243
7394
7548
7702
7702
7856
7856
8010
8010
7243
7397
7551
7705
7702
7856
7856
8010
8010
8164
7243
7397
7551
7705
7705
7859
8010
8010
8010
8164
7243
7397
7551
7705
7705
7859
7859
8010
8010
8164
7243
7397
7551
7705
7859
7859
8010
8010
8010
8164
7397
7397
7551
7705
7859
7859
8010
8010
8010
8164
7397
7397
7551
7705
7859
7859
8010
8010
8164
8164
8164
7397
7551
7551
7705
7859
7859
8013
8010
8164
8164
8164
7397
7551
7551
7705
7859
7859
8013
8010
8164
8164
8164
7397
7551
7551
7705
7859
7859
8013
8010
8164
8164
8164
7397
7551
7551
7702
7856
7856
8010
8010
8164
8164
8164
7397
7551
7702
7702
7856
7856
8010
8010
8164
8164
8164
8318
7397
7551
7705
7705
7859
7856
8010
8010
8164
8164
8164
8318
7397
7551
7705
7705
7859
7859
8010
8010
8164
8164
8164
8318
7397
7551
7705
7705
7859
7859
8010
8010
8164
8164
8164
8318
7397
7551
7705
7705
7859
7856
8010
8010
8164
8164
8164
8318
7397
7551
7705
7705
7859
7859
8010
8010
8164
8164
8164
8315
7394
7391
7545
7699
7696
7692
7689
7686
7683
7683
7680
7680
7676
7676
7673
7538
7846
8000
8304
8458
7538
7846
8154
8304
8458
7542
7846
8154
8304
8612
7696
8000
8154
8304
8612
7696
8000
8154
8462
8612
7696
8000
8154
8458
8612
7692
8000
8308
8150
7993
7683
7529
7372
5222
5683
5836
5987
5987
6138
6138
6136
6289
6289
6287
5524
5678
5676
5829
5982
5980
6133
6133
6133
6287
6287
3990
4142
4604
5218
5524
5676
5676
5829
5829
5980
4450
4911
5064
5215
5369
5522
5676
5829
5827
5980
5980
6133
5371
5524
5676
5829
5829
5982
5980
6133
6133
6133
6287
6440
3529
3836
3991
4606
5220
5373
5524
5678
5831
3838
3991
4452
4606
4911
5064
5218
5369
5522
5676
5829
4606
4911
5064
5215
5369
5522
5676
5827
5827
5980
5980
6133
6133
3224
3379
3840
4454
5068
5376
5527
5680
5678
3684
3991
4606
4913
5066
5218
5371
5522
5676
5829
5829
5980
4757
5064
5215
5369
5522
5676
5827
5827
5980
5980
6133
6133
6131
5524
5676
5829
5829
5980
5980
6133
6133
6287
6287
6287
6284
6437
6437
3988
4295
4602
4755
5062
5369
5829
5982
6136
6136
6133
6287
