5680
5987
6292
6599
6906
7062
7213
7366
7516
5836
6141
6292
6599
6906
7056
7210
7366
7523
6607
6914
7065
7216
7369
7520
7673
7670
7823
5836
6141
6448
6604
6914
7068
7222
7372
7523
7676
5685
5990
6294
6602
6752
7059
7213
7366
7520
7523
5531
5836
6141
6448
6752
6906
7056
7210
7363
7516
6602
6755
7062
7216
7366
7520
7670
7670
7823
7820
5834
6141
6451
6604
6909
7062
7213
7366
7516
7670
5680
5987
6292
6602
6755
6909
7213
7366
7516
7516
7670
5527
5834
6138
6445
6752
6909
7059
7213
7363
7516
7667
5834
6138
6292
6596
6903
7053
7210
7366
7516
7670
7670
5680
5834
6138
6445
6749
6903
7056
7210
7366
7516
7670
5683
5987
6292
6445
6749
6903
7210
7360
7513
7516
7670
5834
6141
6445
6599
6903
7056
7210
7360
7513
7667
7820
6604
6758
7062
7213
7366
7516
7670
7667
7820
7820
7973
7970
5831
6141
6448
6752
6906
7056
7210
7360
7513
7667
7820
7820
5680
5985
6292
6602
6752
7059
7213
7363
7516
7667
7667
7820
5222
5680
5985
6294
6451
6758
6909
7216
7366
7520
7516
7670
5680
5985
6292
6596
6903
7056
7213
7366
7516
7670
7667
7820
5680
5985
6292
6596
6903
7056
7207
7363
7520
7670
7670
7823
7973
