7222
7529
7836
8140
8294
7532
7840
7990
8297
8451
7686
7993
8147
8451
8605
7686
7993
8301
8451
8605
7843
7993
8301
8455
8605
7843
8147
8301
8455
8762
7843
8150
8301
8608
8762
7843
8150
8301
8608
8762
7997
8150
8301
8608
8762
7843
8150
8301
8455
8762
8762
7843
8150
8301
8455
8608
8762
7843
8150
8301
8608
8762
8912
7997
8150
8455
8608
8762
8912
7997
8150
8455
8608
8762
8912
7997
8147
8455
8608
8762
8912
7997
8301
8455
8608
8762
8912
7997
8301
8455
8608
8758
8912
8150
8301
8455
8608
8762
8912
8150
8301
8455
8608
8758
8912
8150
8301
8455
8758
8912
8912
7243
7397
7551
7702
7702
7856
7856
8010
8010
7243
7397
7551
7702
7702
7856
7856
8010
8010
7243
7397
7551
7705
7705
7859
7859
8010
8010
7243
7397
7551
7705
7705
7856
8010
8010
8010
8164
7240
7394
7545
7545
7699
7853
7853
8007
8007
8161
7240
7394
7548
7702
7702
7856
7856
8010
8010
8164
7243
7391
7388
7385
7382
7532
7529
7526
7676
7676
7676
5066
5220
5680
5987
6294
6448
6599
6752
6903
7056
7210
7207
5834
6138
6292
6596
6749
6900
7053
7207
7207
7357
7357
7510
4602
4909
5066
5373
5680
5985
6138
6443
6596
6747
6900
7053
5985
6138
6289
6443
6596
6749
6900
7053
7053
7207
7357
7357
7510
4604
4911
5371
5678
5987
6292
6445
6596
6749
6900
7053
7207
5831
5985
6289
6443
6593
6747
6900
7053
7204
7204
7357
7510
7510
3990
3993
4148
4150
4611
5070
5376
5683
5987
6138
6445
6596
6749
5680
5985
6138
6443
6596
6747
6900
7053
7207
7204
7357
7357
7510
4143
4450
4913
5222
5683
5990
6297
6448
6599
6752
6906
7056
7210
5220
5527
5831
6138
6289
6596
6749
6900
7053
7207
7207
7357
7357
4909
5215
5522
5827
6133
6287
6593
6903
6903
7053
7207
7360
7360
4911
5218
5524
5829
6136
6289
6593
6747
6900
7053
7053
7204
7357
7357
6445
6599
6749
6903
6903
7056
7056
7053
7207
7207
7360
7360
7510
7510
7667
