5685
6144
6448
6602
6906
7059
7213
7366
7520
6604
6758
7065
7216
7369
7520
7673
7670
7823
5834
6141
6448
6755
6912
7065
7222
7372
7523
5531
5990
6294
6448
6752
6906
7213
7366
7520
7523
6761
6914
7219
7369
7523
7520
7673
7823
7823
7977
5987
6294
6602
6758
6912
7222
7375
7526
7523
7676
5685
5990
6297
6602
6752
6906
7213
7366
7523
7523
6764
6914
7065
7372
7369
7520
7673
7823
7823
7977
5987
6297
6451
6755
6906
7213
7363
7516
7516
7667
7820
5680
5987
6297
6604
6755
7062
7213
7366
7516
7670
7670
4915
5068
5224
5380
5536
5995
6300
6451
6755
6909
7213
5376
5680
5987
6292
6602
6755
6909
7213
7366
7516
7516
5527
5834
6138
6445
6749
6903
7059
7213
7363
7516
7670
5680
5987
6292
6599
6749
7056
7210
7366
7520
7670
7670
5680
5987
6292
6599
6749
7056
7210
7360
7516
7673
7670
7823
5987
6292
6445
6749
6903
7210
7360
7513
7513
7667
7823
7823
5834
6141
6445
6752
6903
7056
7210
7360
7513
7667
7820
7820
7062
7213
7366
7516
7670
7820
7820
7973
7970
8123
8123
8123
5985
6294
6602
6755
7059
7213
7363
7516
7667
7667
7820
7970
5831
6138
6443
6599
6906
7059
7210
7363
7513
7667
7820
7820
7970
7699
8007
8311
8619
8773
7853
8161
8465
8619
8927
8007
8311
8465
8773
8923
8007
8311
8619
8769
8923
8157
8311
8619
8769
9077
8157
8465
8619
8923
9077
8157
8465
8615
8923
9077
9231
8157
8465
8619
8923
9077
9231
8157
8465
8769
8923
9077
9231
8311
8465
8769
8923
9077
9231
8311
8465
8773
8923
9077
9231
8311
8619
8773
8923
9231
9385
8311
8619
8773
8923
9231
9385
8311
8619
8773
8923
9231
9385
8311
8619
8773
9077
9231
9385
8311
8619
8773
9077
9231
9385
8465
8619
8927
9077
9231
9385
9539
8465
8619
8927
9077
9231
9385
9539
8465
8619
8927
9077
9231
9385
9539
8465
8619
8927
9077
9231
9385
9539
