7240
7394
7548
7702
7702
7856
7853
7849
7846
7689
5073
5380
5687
5992
6297
6448
6602
6752
6906
7056
6141
6292
6599
6749
6903
7056
7053
7207
7360
7357
7510
4604
4604
5064
5527
5834
5985
6292
6443
6749
6903
6900
5218
5678
5831
6136
6443
6593
6747
6900
7053
7204
7204
6445
6749
6903
6900
7053
7207
7360
7357
7510
7510
7510
4755
5062
5367
5829
6138
6445
6599
6749
6903
7056
7207
5066
5371
5678
5985
6136
6443
6593
6747
6900
7053
7207
7207
5836
6141
6294
6445
6599
6749
6903
7056
7207
7207
7360
7357
4755
4755
4909
5369
5676
5985
6292
6445
6749
6903
6900
7053
4913
5220
5527
5831
6138
6289
6596
6749
6900
7053
7053
7207
6292
6443
6596
6747
6900
7053
7207
7204
7357
7510
7510
7510
7664
4909
5215
5520
5827
6133
6287
6596
6752
6903
7056
7210
7360
4604
5066
5527
5834
5985
6292
6443
6596
6749
6900
7053
7207
7360
5831
6136
6443
6596
6747
6900
7053
7053
7204
7357
7357
7510
7510
6749
6903
7053
7207
7207
7360
7357
7510
7510
7664
7664
7664
7664
462
616
770
1386
2155
2923
3537
4150
4613
5073
5531
5836
6144
6448
4917
5068
5373
5834
6138
6445
6599
6909
7059
7213
7363
7516
5527
5831
6138
6443
6749
6903
7059
7213
7363
7516
7667
7820
5680
5985
6292
6596
6749
7056
7213
7366
7516
7670
7670
7820
7973
7542
7846
8000
8308
8458
7542
7846
8154
8308
8458
7542
7846
8154
8308
8612
7696
7846
8154
8308
8612
7696
8000
8154
8458
8612
7692
8000
8154
8458
8612
7692
8000
8154
8458
8612
7692
8000
8308
8458
8612
7849
8000
8308
8458
8612
7849
8000
8308
8462
8612
8766
7849
8000
8308
8462
8612
8766
7849
8000
8308
8462
8612
8766
7849
8154
8308
8458
8612
8766
7846
8154
8308
8458
8612
8766
7849
8154
8308
8458
8766
8766
7849
8154
8304
8458
8608
8762
7843
8150
8301
8455
8762
8916
7997
8150
8304
8612
8762
8916
8000
8150
8458
8612
8762
8916
8000
8150
8458
8612
8766
8919
