462
770
1232
1847
2461
2922
3382
3841
4300
3228
3380
3841
4454
4761
5066
5371
5524
4147
4452
4759
5064
5218
5522
5676
5829
5980
4759
5373
5834
5985
5985
6138
6289
6289
4759
5066
5371
5524
5676
5829
5982
6136
6133
6287
461
615
1076
1691
2305
2767
3535
3995
4300
4454
3072
3226
3380
3840
4147
4452
4759
4913
5066
5371
4147
4761
4915
5066
5220
5373
5524
5678
5831
5985
5985
4761
4913
5066
5220
5371
5524
5678
5831
5829
5982
5982
6136
4915
5529
5990
6451
6912
6456
6917
7225
7532
7840
7993
7228
7535
7843
7997
8301
8455
7538
7843
8150
8304
8458
8608
7692
8000
8304
8458
8612
8766
7846
8154
8308
8458
8612
8766
7846
8154
8304
8612
8766
8919
7846
8154
8304
8612
8766
8916
7846
8154
8304
8612
8766
8916
7846
8154
8304
8612
8766
8916
8000
8154
8458
8612
8766
8916
