6629
6629
6783
6937
7086
7080
7231
7228
7378
7375
7372
7372
7523
7520
5066
5373
5678
5985
6136
6289
6440
6593
6747
6900
6897
7050
7050
7204
7204
5982
6136
6287
6440
6593
6744
6897
7050
7050
7204
7204
7204
7354
7354
7354
6136
6287
6440
6593
6744
6897
6897
7050
7204
7204
7204
7354
7354
7354
7507
6133
6287
6440
6593
6747
6897
6897
7050
7050
7204
7201
7354
7354
7354
7354
7507
5829
6133
6287
6440
6591
6744
6897
6897
7050
7050
7201
7201
7354
7354
7354
7354
5829
5982
6133
6440
6593
6744
6744
6897
7050
7050
7204
7201
7354
7354
7354
7354
5676
5980
6133
6287
6437
6591
6744
6897
7050
7047
7201
7201
7201
7354
7354
7354
5522
5827
6133
6287
6437
6591
6744
6897
6897
7050
7050
7204
7201
7354
7354
7354
7354
5218
5524
5829
5982
6133
6440
6593
6744
6744
6897
7050
7050
7204
7201
7354
7354
7354
5369
5524
5836
5992
6302
6459
6615
6772
6775
6929
7086
7089
7243
7243
7246
7400
7400
7400
6632
6786
6789
6943
7097
7097
7252
7252
7252
7406
7406
7406
7406
7560
7560
7560
7560
7560
6792
6792
6946
7100
7100
7252
7252
7252
7406
7406
7406
7406
7560
7560
7560
7560
7560
7560
6792
6946
6946
7100
7100
7255
7255
7252
7406
7406
7406
7406
7560
7560
7560
7560
7560
7560
6792
6943
6943
7097
7097
7252
7252
7252
7406
7406
7406
7406
7560
7560
7560
7560
7560
7560
7560
6789
6943
6943
7097
7097
7252
7252
7252
7406
7406
7406
7406
7560
7560
7560
7560
7560
7560
7560
6792
6946
6946
7100
7100
7255
7255
7252
7406
7406
7406
7406
7560
7560
7560
7560
7560
7560
7560
6792
6946
6946
7100
7100
7255
7255
7252
7406
7406
7406
7406
7560
7560
7560
7560
7560
7560
7560
7560
6792
6946
6946
7100
7100
7255
7255
7255
7409
7406
7406
7406
7560
7560
7560
7560
7560
7560
7560
7560
6792
6946
6946
7100
7100
7255
7255
7255
7406
7406
7406
7406
7560
7560
7560
7560
7560
7560
7560
7560
7538
7843
7997
8304
8455
7538
7843
8150
8301
8455
7538
7843
8150
8304
8612
7692
7997
8150
8458
8608
7692
7997
8150
8458
8608
7689
7997
8301
8451
8605
7686
7993
8144
8451
8601
7683
7990
8140
8448
8598
7836
7987
8294
8448
8601
7836
7990
8294
8448
8601
8755
7836
7990
8297
8448
8601
8755
7836
8144
8297
8448
8601
8755
7836
8144
8297
8448
8755
8908
7836
8144
8297
8601
8755
8908
7993
8144
8451
8605
8755
8908
7993
8144
8297
8451
8601
8755
7990
8144
8297
8601
8755
8908
7840
8144
8297
8451
8601
8755
7990
8144
8297
8448
8755
8908
7993
8144
8294
8601
8755
8905
7243
7397
7548
7702
7702
7856
7856
8010
8010
7243
7397
7551
7702
7702
7856
7856
8010
8010
7243
7397
7551
7705
7702
7856
7856
8010
8010
7243
7397
7551
7702
7702
7856
8010
8010
8010
8164
7243
7397
7551
7702
7702
7856
8010
8010
8010
8164
7243
7397
7551
7702
7856
7856
8010
8010
8010
8164
7243
7394
7548
7702
7856
7856
8010
8010
8010
8164
7397
7394
7548
7702
7856
7856
8010
8010
8164
8164
7397
7397
7551
7702
7856
7856
8010
8010
8164
8164
8164
7397
7397
7548
7702
7856
7856
8010
8010
8167
8167
8167
7246
7400
7554
7708
7708
7862
8017
8017
8017
8171
8171
7249
7400
7554
7708
7708
7862
7862
8017
8017
8171
8171
7249
7403
7554
7708
7708
7862
7862
8017
8017
8171
8171
7249
7403
7554
7708
7708
7862
8017
8017
8017
8171
8171
7249
7403
7554
7708
7708
7862
8017
8017
8017
8171
8171
8171
7249
7403
7554
7708
7862
7862
8017
8017
8017
8171
8167
8167
7400
7400
7554
7708
7862
7862
8017
8017
8167
8167
8167
8167
7400
7400
7554
7708
7862
7862
8017
8017
8171
8171
8171
8171
7403
7400
7554
7708
7862
7862
8017
8017
8171
8171
8171
8171
7403
7554
7554
7708
7862
7862
8017
8017
8171
8171
8171
8171
8325
6179
6334
6334
6488
6488
6488
6643
6643
6643
6643
6797
6797
6797
6797
6797
6797
6797
6797
6797
6952
6952
6952
6952
6952
6952
6952
6952
6952
6952
6952
6952
6952
6952
6952
6179
6334
6334
6488
6488
6488
6643
6643
6643
6643
6797
6797
6797
6797
6797
6797
6797
6797
6797
6952
6952
6952
6952
6952
6952
6952
6952
6952
6952
6952
6952
6952
6952
6952
6179
6334
6334
6488
6488
6488
6643
6643
6643
6643
6797
6797
6797
6797
6797
6797
6797
6797
6797
6952
6952
6952
6952
6952
6952
6952
6952
6952
6952
6952
6952
6952
6949
6952
6952
6179
6334
6334
6488
6488
6488
6643
6643
6643
6643
6797
6797
6797
6797
6797
6797
6797
6797
6797
6952
6952
6952
6952
6952
6952
6952
6952
6952
6952
6952
6952
6952
6952
6952
6952
6952
6179
6334
6334
6488
6488
6488
6643
6643
6643
6643
6797
6797
6797
6797
6797
6797
6797
6797
6797
6952
6952
6952
6952
6952
6952
6952
6952
6952
6952
6952
6952
6952
6952
6952
6952
6952
6952
6179
6334
6334
6488
6488
6488
6643
6643
6643
6643
6797
6797
6797
6797
6797
6797
6797
6797
6797
6952
6952
6952
6952
6952
6952
6952
6952
6952
6952
6952
6952
6952
6952
6952
6952
6952
6952
6179
6334
6334
6488
6488
6488
6643
6643
6643
6643
6797
6797
6797
6797
6797
6797
6797
6797
6797
6952
6952
6952
6952
6952
6952
6952
6952
6952
6952
6952
6952
6952
6952
6952
6952
6952
6952
6952
6179
6334
6334
6488
6488
6488
6643
6643
6643
6643
6797
6797
6797
6797
6797
6797
6797
6797
6797
6952
6952
6952
6952
6952
6952
6952
6952
6952
6952
6952
6952
6952
6952
6952
6952
6952
6952
6952
6952
6179
6334
6334
6488
6488
6488
6643
6643
6643
6643
6797
6797
6797
6797
6797
6797
6797
6797
6797
6952
6952
6952
6952
6952
6952
6952
6949
6949
6949
6949
6952
6952
6949
6949
6949
6952
6949
6949
6952
6179
6334
6334
6488
6488
6488
6643
6643
6643
6643
6797
6797
6797
6797
6797
6797
6797
6797
6797
6952
6952
6952
6952
6952
6952
6952
6952
6952
6952
6952
6952
6952
6952
6952
6952
6952
6952
6952
6952
6952
6179
6334
6334
6488
6488
6488
6643
6643
6643
6643
6797
6797
6797
6797
6797
6797
6797
6797
6797
6952
6952
6952
6952
6952
6952
6952
6952
6952
6952
6952
6952
6952
6952
6952
6952
6952
6952
6952
6952
6952
6952
6179
6334
6334
6488
6488
6488
6643
6643
6643
6643
6797
6797
6797
6797
6797
6797
6797
6797
6797
6952
6952
6952
6952
6952
6952
6952
6952
6952
6952
6952
6952
6952
6952
6952
6952
6952
6952
6952
6952
6952
6952
6952
6179
6334
6334
6488
6488
6488
6643
6643
6643
6643
6797
6797
6797
6797
6797
6797
6797
6797
6797
6952
6952
6952
6952
6952
6952
6952
6952
6952
6952
6952
6952
6952
6952
6952
6952
6952
6952
6952
6952
6952
6952
6952
6179
6334
6334
6488
6488
6488
6643
6643
6643
6643
6797
6797
6797
6797
6797
6797
6797
6797
6797
6952
6952
6952
6952
6952
6952
6952
6952
6952
6952
6952
6952
6952
6952
6952
6952
6952
6952
6952
6952
6952
6952
6952
6952
6179
6334
6334
6488
6488
6488
6643
6643
6643
6643
6797
6797
6797
6797
6797
6797
6797
6797
6797
6952
6952
6952
6952
6952
6952
6952
6952
6952
6952
6952
6952
6952
6952
6952
6952
6952
6952
6952
6952
6952
6952
6952
6952
6952
6179
6334
6334
6488
6488
6488
6643
6643
6643
6643
6797
6797
6797
6797
6797
6797
6797
6797
6797
6952
6952
6952
6952
6952
6952
6952
6952
6952
6952
6952
6952
6952
6952
6952
6952
6952
6952
6952
6949
6949
6949
6949
6949
6949
6949
6177
6331
6331
6486
6486
6640
6640
6640
6640
6640
6795
6795
6795
6795
6795
6795
6795
6795
6795
6949
6952
6952
6952
6952
6952
6952
6952
6952
6952
6949
6952
6952
6949
6952
6952
6949
6952
6949
6952
6952
6952
6949
6949
6949
6949
6179
6334
6334
6488
6488
6488
6643
6643
6643
6643
6795
6797
6795
6797
6797
6795
6797
6795
6795
6949
6952
6949
6949
6952
6952
6952
6952
6952
6952
6952
6949
6949
6952
6952
6949
6949
6952
6952
6952
6952
6952
6952
6952
6952
6952
6952
6179
6334
6334
6488
6488
6488
6643
6643
6643
6643
6797
6797
6797
6797
6795
6797
6797
6797
6797
6952
6952
6952
6952
6952
6952
6952
6952
6952
6952
6949
6952
6949
6952
6949
6952
6952
6949
6952
6952
6949
6952
6952
6952
6952
6952
6952
6952
6179
6334
6334
6488
6488
6488
6643
6643
6643
6643
6797
6797
6797
6797
6797
6797
6797
6797
6797
6949
6949
6952
6949
6952
6952
6949
6952
6952
6949
6952
6952
6952
6952
6952
6952
6952
6952
6952
6952
6952
6952
6952
6952
6952
6952
6952
6952
