6326
6326
6480
6480
6480
6635
6635
6635
6637
6792
6792
6792
6792
6792
6792
6792
6792
6946
6946
6946
6940
6937
6932
6926
6923
6920
6917
6914
6912
6909
6909
6906
6906
6903
4606
4915
5220
5371
5524
5676
5829
5982
6133
6287
6287
6437
6437
6591
6591
6591
6744
6744
6744
6744
6747
6747
6900
6900
6900
6900
6900
6900
6900
6900
6900
6900
6900
5218
5371
5522
5676
5827
5980
6133
6287
6284
6437
6437
6591
6591
6588
6741
6741
6741
6741
6741
6741
6894
6894
6894
6894
6894
6894
6894
6894
6894
6894
6894
6894
6894
6894
6894
6287
6287
6440
6437
6591
6591
6591
6744
6744
6744
6744
6744
6894
6894
6894
6894
6894
6894
6894
6894
6894
6894
6894
6894
6894
6894
6894
6894
6894
6894
7047
7047
7047
7047
7047
5215
5520
5673
5824
5977
6131
6131
6284
6437
6437
6435
6588
6588
6588
6741
6741
6744
6749
6755
6758
6917
6920
6923
6926
6929
6932
6935
6937
6937
6940
6940
6943
6943
6943
6946
6946
1381
1994
2607
3066
3526
3985
4291
4596
4902
5209
5362
5515
5819
5972
5972
6126
6279
6279
6432
6432
6585
6585
6585
6738
6738
6738
6738
6738
6891
6891
6891
6891
6891
6891
6891
6891
6891
5369
5522
5673
5827
5977
6131
6131
6284
6435
6435
6588
6585
6585
6738
6738
6738
6738
6738
6891
6891
6891
6891
6891
6888
6888
6888
6888
6888
6891
6891
6891
6891
6888
6888
6888
6888
7042
7042
4291
4600
4907
5211
5364
5518
5668
5822
5975
6128
6281
6281
6432
6432
6585
6585
6585
6738
6738
6738
6738
6738
6891
6891
6894
6903
6909
6912
6917
6920
6923
6929
6929
6932
6935
6937
6937
6940
1230
1998
2612
3073
3532
3991
4299
4606
4913
5218
5371
5524
5676
5829
5982
6136
6289
6289
6443
6443
6596
6596
6596
6593
6747
6747
6747
6747
6747
6900
6900
6900
6900
6900
6900
6900
6900
6900
6900
4606
4913
5222
5378
5531
5683
5836
5987
6141
6292
6292
6445
6445
6599
6596
6596
6749
6749
6749
6747
6747
6747
6900
6900
6900
6900
6900
6900
6900
6900
6900
6900
6900
6900
6900
6900
6900
6900
6900
4606
4913
5068
5376
5527
5680
5831
5985
6138
6138
6289
6443
6443
6443
6596
6596
6596
6749
6749
6749
6749
6749
6903
6903
6903
6903
6903
6900
6900
6903
6903
6900
6900
6900
6900
6900
6900
6900
6903
6900
4606
4759
5064
5373
5531
5685
5836
5990
6141
6141
6294
6445
6445
6445
6599
6599
6599
6749
6749
6749
6749
6749
6903
6903
6903
6903
6903
6903
6903
6903
6900
6900
6900
6900
6903
6909
6912
6917
6920
6923
6926
6315
6318
6472
6475
6478
6632
6632
6635
6635
6789
6789
6792
6792
6792
6792
6795
6949
6949
6949
6949
6949
6949
6949
6949
6949
6949
6949
6949
6949
6949
6949
6949
6949
6952
6952
6952
6952
6952
6952
6952
6952
6952
6334
6334
6488
6488
6643
6643
6643
6643
6797
6797
6797
6797
6797
6797
6797
6797
6952
6952
6952
6952
6952
6952
6952
6952
6952
6952
6952
6952
6952
6952
6952
6952
6952
6952
6952
6952
6952
6952
6952
6952
6952
6952
6952
6334
6334
6488
6488
6643
6643
6643
6643
6797
6795
6795
6795
6795
6795
6795
6795
6949
6949
6949
6949
6949
6949
6949
6949
6949
6949
6949
6949
6949
6949
6949
6949
6949
6949
6949
6949
6949
6949
6949
6949
6949
6949
6949
6949
6334
6334
6488
6488
6643
6643
6643
6643
6797
6797
6797
6797
6797
6797
6797
6797
6952
6952
6952
6952
6952
6952
6952
6952
6952
6952
6952
6952
6952
6952
6952
6952
6952
6952
6952
6952
6952
6952
6952
6952
6952
6952
6952
6952
6334
6334
6488
6488
6643
6643
6643
6643
6797
6797
6797
6797
6797
6797
6797
6797
6952
6952
6952
6952
6952
6952
6952
6952
6952
6952
6952
6952
6952
6952
6952
6952
6952
6952
6952
6952
6952
6952
6952
6952
6952
6952
6952
6952
6952
6334
6334
6488
6488
6643
6643
6643
6643
6795
6795
6795
6795
6795
6795
6795
6795
6949
6949
6949
6949
6949
6949
6949
6949
6949
6949
6949
6949
6952
6952
6952
6952
6952
6952
6952
6952
6952
6952
6952
6952
6952
6952
6952
6952
6952
6952
6334
6334
6488
6488
6643
6643
6643
6643
6797
6797
6797
6797
6797
6797
6797
6797
6952
6952
6952
6952
6952
6952
6952
6952
6952
6952
6952
6952
6952
6952
6952
6952
6952
6952
6952
6952
6952
6952
6952
6952
6952
6952
6952
6952
6952
6952
6334
6334
6488
6488
6488
6643
6643
6643
6643
6797
6797
6797
6797
6797
6795
6795
6949
6949
6949
6949
6949
6949
6949
6949
6949
6949
6949
6949
6949
6949
6949
6949
6949
6949
6949
6949
6949
6949
6949
6949
6949
6949
6949
6949
6949
6949
6949
8311
8465
8773
8923
9077
8311
8619
8773
8923
9077
8311
8619
8773
8923
9231
8311
8619
8773
8923
9231
8311
8465
8773
8923
9077
8311
8619
8769
9077
9231
8465
8619
8923
9077
9231
8311
8619
8769
9077
9231
9381
8465
8769
8923
9077
9227
8462
8769
8923
9077
9231
9381
8465
8769
8923
9077
9231
8465
8773
8923
9077
9231
9385
8465
8773
8923
9077
9231
9385
8465
8773
8923
9077
9231
9385
8619
8769
9077
9231
9385
9539
8619
8773
8923
9231
9385
9385
8619
8923
9077
9231
9385
9535
8619
8773
8923
9231
9385
9385
9535
8619
8923
9077
9231
9385
9535
8619
8923
9077
9231
9385
9535
