6172
6326
6326
6480
6480
6635
6635
6635
6635
6789
6789
6789
6789
6789
6789
6792
6786
6937
6932
6926
6923
6920
6920
6914
6912
6912
6909
6906
6906
6903
6903
6900
6900
6900
5987
5985
6138
6289
6289
6440
6443
6593
6593
6593
6747
6744
6744
6744
6744
6744
6894
6894
6894
6894
6894
6894
6894
6894
6894
6894
6894
6894
6894
6894
6894
6894
6894
6894
4907
5060
5369
5522
5676
5827
5980
6133
6133
6284
6437
6437
6437
6591
6591
6591
6744
6744
6744
6741
6741
6894
6894
6894
6894
6894
6894
6894
6894
6894
6894
6894
6894
6894
6894
5215
5522
5673
5827
5980
6131
6131
6284
6284
6437
6437
6591
6591
6588
6741
6741
6741
6741
6741
6894
6894
6894
6894
6894
6894
6894
6894
6894
6894
6894
6894
6894
6894
6894
6894
4604
4911
5064
5371
5522
5676
5829
5982
6136
6289
6287
6445
6451
6453
6613
6615
6618
6621
6778
6780
6780
6783
6783
6786
6786
6943
6943
6943
6943
6946
6946
6946
6946
6946
6949
6949
1384
1998
2612
3073
3532
3991
4299
4606
4911
5218
5371
5524
5676
5829
5982
6136
6289
6289
6443
6443
6596
6596
6593
6593
6747
6747
6747
6747
6747
6900
6900
6900
6900
6900
6900
6900
6900
4759
5066
5222
5531
5683
5836
5987
5987
6138
6292
6292
6445
6445
6599
6599
6596
6749
6749
6749
6749
6749
6749
6903
6903
6903
6903
6903
6900
6900
6900
6900
6900
6900
6900
6900
6900
6900
6141
6292
6445
6445
6443
6596
6596
6596
6749
6749
6749
6749
6749
6903
6900
6900
6900
6900
6900
6900
6900
6900
6900
6900
6900
6900
6900
6900
6900
6900
6900
6900
6900
6900
6900
6900
6900
6900
4606
4913
5064
5371
5524
5683
5836
5990
6141
6141
6294
6445
6445
6445
6599
6596
6596
6749
6749
6749
6749
6749
6903
6903
6903
6903
6909
6912
6917
6920
6926
6929
6932
6932
6935
6937
6937
6940
6940
1381
1994
2606
3066
3525
3985
4291
4596
4902
5209
5362
5513
5819
5819
5972
6126
6279
6279
6432
6432
6582
6582
6585
6738
6738
6738
6738
6738
6891
6891
6891
6891
6891
6891
6891
6891
6891
6891
6891
5213
5364
5518
5671
5822
5975
6128
6281
6279
6432
6432
6585
6585
6585
6738
6738
6738
6738
6735
6888
6888
6888
6888
6888
6888
6888
6888
6888
6891
6891
6888
6888
6888
6888
6888
7042
7042
7044
7044
7044
5060
5211
5518
5671
5822
5975
6128
6128
6281
6281
6435
6432
6585
6585
6585
6738
6744
6749
6755
6761
6764
6923
6926
6929
6932
6932
6935
6937
6937
6940
6940
6940
6943
6943
6943
6946
6946
6946
6946
6946
6946
1381
1995
2609
3069
3528
3988
4293
4600
4907
5211
5364
5518
5824
5824
5977
6128
6281
6281
6435
6435
6588
6588
6588
6741
6741
6741
6741
6741
6894
6894
6894
6894
6894
6894
6894
6894
6894
6894
6894
6894
6894
6894
4142
4450
4755
5062
5213
5520
5673
5824
5977
6131
6131
6284
6437
6437
6437
6591
6591
6588
6741
6741
6741
6741
6741
6894
6894
6894
6894
6894
6894
6894
6894
6894
6894
6894
6894
6894
6894
6894
7047
7050
6903
6909
6914
6305
6461
6464
6621
6624
6626
6629
6783
6786
6786
6789
6789
6789
6792
6946
6946
6946
6946
6949
6949
6949
6949
6949
6949
6949
6949
6949
6949
6949
6949
6949
6949
6949
6949
6949
6952
6949
6952
6952
6952
6952
6952
6952
6334
6334
6488
6488
6643
6643
6643
6643
6797
6797
6797
6797
6797
6797
6797
6795
6949
6949
6949
6949
6949
6949
6949
6949
6949
6949
6949
6949
6949
6949
6949
6949
6949
6949
6949
6949
6952
6952
6952
6952
6952
6952
6952
6952
6334
6334
6488
6488
6643
6643
6643
6643
6797
6797
6797
6797
6797
6797
6797
6797
6952
6952
6952
6952
6952
6952
6952
6952
6952
6952
6952
6952
6952
6952
6952
6952
6952
6952
6952
6952
6952
6952
6952
6952
6952
6952
6952
6952
6952
6334
6334
6488
6488
6643
6643
6643
6643
6797
6797
6797
6797
6797
6797
6797
6797
6952
6952
6952
6952
6952
6952
6952
6952
6952
6952
6952
6949
6949
6949
6949
6949
6949
6949
6949
6949
6949
6949
6949
6949
6949
6949
6949
6949
6949
6949
6331
6331
6486
6486
6486
6640
6640
6640
6795
6795
6795
6795
6795
6795
6797
6797
6949
6952
6952
6952
6952
6952
6952
6952
6952
6952
6952
6952
6952
6952
6952
6952
6952
6952
6952
6952
6952
6952
6952
6952
6952
6949
6949
6946
6946
6946
6946
6329
6329
6486
6486
6640
6640
6640
6640
6795
6795
6795
6795
6795
6795
6795
6795
6949
6949
6949
6949
6949
6949
6949
6949
6949
6949
6949
6952
6952
6952
6952
6952
6952
6952
6952
6952
6952
6952
6952
6952
6952
6952
6952
6952
6952
6952
6952
