6783
6783
6937
7092
7092
7246
7246
7246
7400
7400
7400
7400
7400
7554
7554
6786
6940
6940
7095
7095
7249
7249
7246
7400
7400
7400
7400
7403
7557
7557
6786
6940
6940
7095
7095
7249
7249
7249
7403
7403
7403
7403
7403
7557
7557
6786
6940
6940
7095
7095
7249
7249
7249
7403
7403
7403
7403
7403
7557
7557
6786
6940
6940
7095
7095
7249
7249
7249
7403
7403
7403
7403
7403
7557
7557
7557
6786
6940
6940
7095
7095
7249
7249
7249
7403
7403
7403
7403
7403
7557
7557
7557
6786
6940
6940
7095
7095
7249
7249
7249
7403
7403
7403
7403
7557
7557
7557
7557
6786
6940
6940
7095
7095
7249
7249
7249
7400
7400
7400
7400
7554
7554
7554
7554
7554
6786
6940
6940
7095
7095
7249
7249
7246
7400
7400
7400
7400
7554
7554
7554
7554
7557
6786
6940
6940
7095
7095
7249
7249
7249
7403
7403
7403
7403
7557
7557
7557
7557
7557
6786
6940
6940
7095
7095
7249
7249
7249
7403
7403
7403
7403
7557
7557
7557
7557
7557
7557
6786
6940
6940
7095
7095
7249
7249
7249
7403
7403
7403
7403
7557
7557
7557
7557
7557
7557
6786
6940
6940
7095
7095
7249
7249
7249
7403
7403
7403
7403
7557
7557
7557
7557
7557
7557
6786
6940
6940
7095
7089
7237
7231
7382
7375
7372
7372
7523
7520
7520
7516
7513
7513
7510
4753
4909
5062
5367
5673
5977
6131
6281
6435
6588
6741
6891
6891
7044
7198
7198
7198
7351
7351
4904
5060
5367
5671
5977
6131
6281
6435
6588
6741
6894
7044
7044
7198
7198
7198
7351
7351
7351
4446
4602
4907
5213
5520
5824
5977
6131
6435
6588
6741
6741
6894
7047
7044
7198
7198
7351
7351
4598
4904
5213
5520
5824
5977
6284
6435
6588
6741
6894
6894
7047
7044
7198
7198
7351
7351
7351
6133
6284
6437
6591
6741
6894
6894
7047
7044
7198
7198
7351
7351
7351
7504
7504
7501
7501
7501
7501
4445
4598
4753
5060
5364
5671
5977
6128
6281
6435
6588
6738
6891
7044
7044
7198
7198
7198
7351
7351
7092
7246
7400
7554
7705
7859
7859
8013
8013
7246
7400
7400
7554
7708
7862
7862
8017
8017
7246
7400
7400
7554
7708
7862
7862
8017
8017
7249
7403
7554
7554
7708
7862
7862
8017
8017
8171
7249
7403
7554
7554
7708
7862
7862
8017
8017
8171
7249
7403
7557
7554
7708
7862
7862
8017
8017
8171
7249
7403
7554
7708
7708
7862
7862
8017
8017
8171
7249
7403
7554
7708
7708
7862
7862
8017
8017
8171
7249
7403
7554
7708
7708
7862
7862
8017
8017
8171
8171
7249
7400
7554
7708
7708
7862
7862
8017
8017
8171
8167
7246
7400
7554
7708
7708
7862
7862
8017
8017
8171
8171
7249
7400
7554
7708
7708
7862
7862
8017
8017
8171
8171
7249
7403
7554
7708
7708
7862
7862
8017
8017
8171
8171
7249
7403
7554
7708
7708
7862
8017
8017
8017
8171
8171
7249
7403
7554
7708
7708
7862
8017
8017
8017
8171
8171
8171
7249
7403
7554
7708
7862
7862
8017
8017
8017
8171
8171
8171
7249
7403
7554
7708
7862
7862
8017
8017
8017
8171
8171
8171
7403
7403
7554
7708
7862
7862
8017
8017
8017
8171
8171
8171
7403
7554
7554
7708
7862
7862
8017
8017
8171
8171
8171
8167
7400
7554
7554
7708
7862
7862
8017
8017
8167
8167
8167
8167
8322
8003
8311
8462
8769
8923
8003
8311
8619
8769
8923
8007
8311
8619
8773
8923
8007
8311
8619
8773
9077
8161
8311
8619
8773
9077
8161
8465
8619
8923
9077
8157
8465
8619
8923
9077
9231
8157
8465
8773
8923
9077
9231
8157
8465
8773
8923
9077
9231
8311
8465
8773
8923
9077
9231
8315
8465
8773
8927
9077
9231
8315
8619
8773
8927
9077
9231
8315
8619
8773
8927
9231
9385
8311
8619
8773
9077
9231
9385
8311
8619
8769
9077
9231
9385
8465
8619
8769
9077
9231
9385
8465
8619
8769
9077
9231
9385
8465
8619
8927
9077
9231
9385
9539
8465
8619
8927
9077
9231
9385
9539
8465
8619
8927
9077
9231
9385
9539
