462
616
924
1694
2310
2925
3541
4005
4467
4773
5231
5536
5690
5995
6146
4765
5070
5378
5683
5836
6144
6300
6453
6604
6758
6912
6909
7062
7062
7213
5222
5529
5834
5987
6141
6451
6604
6604
6755
6909
7059
7059
7213
7213
7210
5529
5834
5987
6294
6451
6604
6755
6755
6909
7059
7059
7213
7213
7213
7366
5529
5834
5990
6144
6451
6604
6602
6755
6909
7059
7059
7213
7213
7213
7366
7363
5376
5685
5839
6144
6297
6448
6602
6755
6909
6906
7059
7059
7213
7213
7363
7363
5836
5990
6294
6448
6602
6752
6752
6906
7059
7059
7213
7210
7210
7363
7363
7363
4769
5079
5389
5697
6007
6161
6318
6472
6626
6783
6937
6937
7092
7095
7249
7249
7249
6480
6635
6789
6943
6943
7097
7097
7252
7252
7252
7406
7406
7406
7406
7560
7560
7560
6789
6789
6943
6943
7097
7097
7252
7252
7406
7406
7406
7406
7406
7560
7560
7560
7560
6792
6792
6946
7100
7100
7255
7255
7255
7406
7406
7406
7406
7406
7560
7560
7560
7560
7560
6792
6792
6946
7100
7100
7255
7255
7255
7406
7406
7406
7406
7406
7560
7560
7560
7560
7560
6792
6792
6946
7100
7100
7255
7255
7255
7406
7406
7406
7406
7406
7560
7560
7560
7560
7560
6792
6946
6946
7100
7100
7255
7255
7255
7406
7406
7406
7406
7406
7560
7560
7560
7560
7560
6792
6792
6946
7100
7100
7255
7255
7255
7406
7406
7406
7406
7406
7560
7560
7560
7560
7560
7560
6792
6946
6943
7097
7097
7252
7252
7252
7406
7406
7406
7406
7406
7557
7554
7548
7545
7542
7538
5692
5997
6149
6300
6453
6604
6758
6909
6909
7065
7065
7219
7216
7369
7369
7366
7366
7520
7520
5529
5836
5987
6141
6448
6604
6604
6758
6909
7062
7062
7213
7213
7213
7366
7366
7366
7516
7516
7516
5529
5836
5992
6144
6451
6604
6755
6755
6909
7059
7059
7213
7213
7213
7363
7363
7363
7516
7516
7516
4763
5070
5376
5683
5987
6141
6294
6445
6599
6752
6906
6906
7059
7059
7219
7222
7378
7382
7385
7385
8007
8315
8465
8773
8927
8007
8315
8619
8773
8927
8007
8311
8619
8773
9077
8161
8311
8619
8773
9077
8161
8465
8619
8927
9077
8161
8465
8619
8927
9077
8161
8465
8619
8927
9077
9231
8161
8465
8773
8927
9077
9231
8161
8465
8773
8927
9077
9231
8311
8465
8773
8923
9077
9231
8311
8465
8769
8923
9077
9231
8311
8619
8769
8923
9231
9385
8311
8619
8773
8923
9231
9385
8311
8619
8773
8923
9231
9385
8311
8619
8773
9077
9231
9385
8311
8619
8773
9077
9231
9385
8465
8619
8927
9077
9231
9385
9539
8465
8619
8927
9077
9231
9385
9539
8465
8619
8927
9077
9231
9385
9539
8465
8619
8927
9077
9231
9385
9539
7542
7846
8154
8308
8458
7542
7846
8154
8308
8458
7696
7846
8154
8308
8612
7696
8000
8154
8462
8612
7696
8000
8154
8462
8612
7696
8000
8154
8462
8612
7696
8000
8308
8462
8612
7849
8000
8308
8462
8612
7849
8000
8308
8462
8612
7849
8000
8308
8462
8612
8766
7849
8000
8308
8462
8612
8766
7849
8000
8308
8462
8612
8766
7849
8154
8308
8458
8612
8766
7849
8154
8308
8458
8612
8766
7849
8154
8308
8458
8612
8766
7846
8154
8308
8612
8766
8919
7846
8154
8308
8612
8766
8919
8000
8154
8458
8612
8766
8919
8000
8154
8458
8612
8766
8916
8000
8154
8458
8612
8766
8919
7095
7246
7400
7554
7708
7708
7862
8017
8017
7249
7403
7400
7554
7708
7862
7862
8017
8017
7249
7403
7554
7554
7708
7862
7862
8017
8017
7249
7403
7554
7554
7708
7862
7862
8017
8017
8171
7249
7403
7554
7554
7708
7862
7862
8017
8017
8171
7249
7403
7554
7554
7708
7862
7862
8017
8017
8171
7249
7403
7554
7554
7708
7862
7862
8017
8017
8171
7249
7400
7554
7708
7708
7862
7862
8017
8017
8171
7246
7400
7554
7708
7708
7862
7862
8017
8013
8167
8167
7246
7400
7554
7708
7708
7862
7862
8017
8013
8167
8167
7246
7400
7554
7708
7708
7862
7862
8017
8017
8171
8171
7249
7400
7554
7708
7708
7862
7862
8017
8017
8171
8171
7249
7403
7554
7708
7708
7862
8017
8017
8017
8171
8171
7249
7403
7554
7708
7708
7862
8017
8017
8017
8171
8171
7249
7403
7554
7708
7862
7862
8017
8017
8017
8171
8171
8171
7403
7403
7554
7708
7862
7862
8017
8017
8017
8171
8171
8171
7403
7400
7554
7708
7862
7862
8017
8017
8017
8171
8171
8171
7403
7403
7554
7708
7862
7862
8017
8017
8017
8171
8171
8171
7403
7557
7554
7708
7862
7862
8017
8017
8171
8171
8171
8167
7400
7554
7554
7708
7862
7862
8017
8017
8167
8167
8167
8167
8322
