6629
6783
6937
6937
7092
7092
7246
7246
7246
7400
7400
7400
7400
7400
7554
6632
6786
6940
6940
7095
7095
7249
7249
7249
7403
7403
7403
7403
7403
7557
6632
6786
6940
6940
7095
7095
7249
7249
7249
7403
7403
7403
7403
7403
7557
6632
6786
6940
6940
7095
7095
7249
7249
7249
7403
7403
7403
7403
7403
7557
6632
6786
6940
6940
7095
7095
7249
7249
7249
7403
7403
7403
7403
7403
7557
7557
6632
6786
6940
6940
7095
7095
7249
7249
7249
7403
7403
7400
7400
7554
7554
7554
6786
6786
6940
7095
7095
7249
7249
7249
7403
7403
7403
7403
7403
7557
7557
7557
6632
6786
6940
6940
7095
7095
7249
7249
7249
7403
7403
7403
7403
7403
7557
7557
7557
6632
6786
6786
6940
7095
7095
7249
7249
7249
7403
7403
7403
7403
7403
7557
7557
7557
6632
6786
6940
6940
7095
7095
7249
7249
7249
7403
7403
7403
7403
7557
7557
7557
7557
6786
6786
6940
6940
7095
7095
7249
7249
7249
7403
7403
7403
7400
7551
7548
7542
7538
7535
5538
5844
5995
6146
6453
6604
6602
6755
6909
7059
7059
7210
7210
7210
7363
7363
7363
7360
4911
5220
5527
5834
5987
6292
6445
6599
6749
6749
6903
7056
7056
7207
7207
7207
7360
7360
6448
6599
6752
6906
6903
7056
7056
7210
7210
7363
7360
7360
7360
7513
7513
7513
7513
7513
4604
4913
5222
5527
5834
5987
6292
6445
6599
6749
6749
6903
7056
7056
7210
7207
7207
7360
7360
6138
6292
6445
6596
6749
6903
6903
7053
7053
7207
7207
7360
7360
7360
7360
7513
7513
7513
7510
4604
4911
5218
5527
5836
5987
6141
6445
6599
6752
6752
6903
7056
7056
7210
7210
7210
7360
7360
5066
5373
5680
5985
6138
6292
6443
6596
6749
6903
6903
7053
7207
7207
7207
7360
7360
7360
7360
6138
6292
6443
6596
6749
6903
6900
7053
7053
7207
7207
7360
7360
7360
7360
7513
7513
7513
7510
7510
465
465
620
620
774
774
774
929
929
929
929
929
1084
1084
1084
1084
1084
1084
1084
1084
1084
1084
1084
1084
1084
1239
1239
1239
1239
1239
1239
1239
1239
1239
1239
1239
1239
1239
1239
1239
1239
1239
1239
1239
1239
1239
1239
1239
1239
1239
1239
1239
1239
1239
1239
1239
1239
1239
1239
1239
1239
1239
1239
1239
1239
1239
1239
1239
1239
1239
1239
1239
1239
1239
1239
1239
1394
2013
6179
6334
6334
6488
6488
6488
6643
6643
6643
6643
6797
6797
6797
6797
6797
6797
6797
6797
6797
6952
6952
6952
6952
6952
6952
6952
6952
6952
6952
6952
6952
6952
6952
6952
6179
6334
6334
6488
6488
6488
6643
6643
6643
6643
6797
6797
6797
6797
6797
6797
6797
6797
6797
6797
6952
6952
6952
6952
6952
6952
6952
6952
6952
6952
6952
6952
6952
6952
6179
6334
6334
6488
6488
6488
6643
6643
6643
6643
6797
6797
6797
6797
6797
6797
6797
6797
6797
6952
6952
6952
6952
6952
6952
6952
6952
6952
6952
6952
6952
6952
6952
6952
6952
6179
6334
6334
6488
6488
6488
6643
6643
6643
6643
6797
6797
6797
6797
6797
6797
6797
6797
6797
6797
6952
6952
6952
6952
6952
6952
6952
6952
6952
6952
6952
6952
6952
6952
6952
6952
6179
6334
6334
6488
6488
6488
6643
6643
6643
6643
6797
6797
6797
6797
6797
6797
6797
6797
6797
6797
6952
6952
6952
6952
6952
6952
6952
6952
6952
6952
6952
6952
6952
6952
6952
6952
6952
6179
6334
6334
6488
6488
6488
6643
6643
6643
6643
6797
6797
6797
6797
6797
6797
6797
6797
6797
6797
6952
6952
6952
6952
6952
6952
6952
6952
6952
6952
6952
6952
6952
6952
6952
6952
6952
6179
6334
6334
6488
6488
6488
6643
6643
6643
6643
6797
6797
6797
6797
6797
6797
6797
6797
6797
6797
6952
6952
6952
6952
6952
6952
6952
6952
6952
6952
6952
6952
6952
6952
6952
6952
6952
6952
6179
6334
6334
6488
6488
6488
6643
6643
6643
6643
6797
6797
6797
6797
6797
6797
6797
6797
6797
6797
6952
6952
6952
6952
6952
6952
6952
6952
6952
6952
6952
6952
6952
6952
6952
6952
6952
6952
6952
6179
6334
6334
6488
6488
6488
6643
6643
6643
6643
6797
6797
6797
6797
6797
6797
6797
6797
6797
6952
6952
6952
6952
6952
6952
6952
6952
6952
6952
6952
6952
6952
6952
6952
6952
6949
6949
6949
6949
6177
6329
6329
6486
6486
6486
6640
6640
6640
6640
6795
6795
6795
6795
6795
6795
6795
6795
6795
6795
6949
6949
6949
6952
6952
6952
6952
6952
6952
6952
6952
6952
6952
6952
6952
6952
6952
6952
6952
6952
6179
6334
6334
6488
6488
6488
6643
6643
6643
6643
6797
6797
6797
6797
6797
6797
6797
6797
6797
6952
6952
6952
6952
6952
6952
6952
6952
6952
6952
6952
6952
6952
6952
6952
6952
6952
6952
6952
6952
6952
6952
6179
6334
6334
6488
6488
6488
6643
6643
6643
6643
6797
6797
6797
6797
6797
6797
6797
6797
6797
6949
6952
6952
6949
6952
6952
6952
6952
6952
6952
6952
6952
6952
6952
6952
6952
6952
6952
6952
6952
6952
6952
6952
6179
6334
6334
6488
6488
6488
6643
6643
6643
6643
6797
6797
6797
6797
6797
6797
6797
6797
6797
6797
6952
6952
6952
6952
6952
6952
6952
6952
6952
6952
6952
6952
6952
6952
6952
6952
6952
6952
6952
6952
6952
6952
6179
6334
6334
6488
6488
6488
6643
6643
6643
6643
6797
6797
6797
6797
6797
6797
6797
6797
6797
6952
6952
6952
6952
6952
6952
6952
6952
6952
6952
6952
6952
6952
6952
6952
6952
6952
6952
6952
6952
6952
6952
6952
6952
6179
6334
6334
6488
6488
6488
6643
6643
6643
6643
6797
6797
6797
6797
6797
6797
6797
6797
6797
6952
6952
6952
6952
6952
6952
6952
6952
6952
6952
6952
6952
6952
6952
6952
6952
6952
6952
6952
6952
6952
6952
6952
6952
6952
6179
6334
6334
6488
6488
6488
6643
6643
6643
6643
6797
6797
6797
6797
6797
6797
6797
6797
6797
6797
6952
6952
6952
6952
6952
6952
6952
6952
6952
6952
6952
6952
6952
6952
6952
6952
6952
6952
6952
6952
6952
6952
6952
6952
6952
6179
6334
6334
6488
6488
6488
6643
6643
6643
6643
6797
6797
6797
6797
6797
6797
6797
6797
6797
6952
6952
6952
6952
6952
6952
6952
6952
6952
6952
6952
6952
6952
6952
6952
6952
6952
6952
6952
6952
6952
6952
6952
6952
6952
6952
6179
6334
6334
6488
6488
6488
6643
6643
6643
6643
6797
6797
6797
6797
6797
6797
6797
6797
6797
6952
6952
6952
6952
6952
6952
6952
6952
6952
6952
6952
6952
6952
6952
6952
6952
6952
6952
6952
6952
6952
6952
6952
6952
6952
6952
6952
6179
6334
6334
6488
6488
6488
6643
6643
6643
6643
6797
6797
6797
6797
6797
6797
6797
6797
6797
6952
6952
6952
6952
6952
6952
6952
6952
6952
6952
6952
6952
6952
6952
6952
6952
6952
6952
6952
6952
6952
6952
6952
6952
6952
6952
6952
6952
6179
6334
6334
6488
6488
6488
6643
6643
6643
6643
6797
6797
6797
6797
6797
6797
6797
6797
6797
6952
6952
6952
6952
6952
6952
6952
6952
6952
6952
6952
6952
6952
6952
6952
6952
6952
6952
6952
6952
6952
6952
6952
6952
6952
6952
6952
6952
7542
7846
8000
8304
8458
7542
7846
8154
8304
8458
7542
7846
8154
8304
8458
7696
7846
8154
8304
8612
7696
7846
8154
8308
8612
7696
8000
8154
8308
8612
7696
8000
8154
8462
8612
7696
8000
8154
8462
8612
7696
8000
8154
8462
8612
7696
8000
8154
8462
8612
8766
7696
8000
8154
8462
8612
8766
7849
8000
8308
8462
8612
8766
7849
8154
8308
8462
8612
8766
7849
8154
8308
8462
8612
8766
7849
8154
8308
8458
8612
8766
7849
8154
8308
8458
8766
8766
7846
8154
8308
8612
8766
8919
8000
8154
8304
8612
8766
8919
8000
8154
8304
8612
8766
8916
8000
8154
8458
8612
8766
8916
