7532
7836
8144
8297
8451
7686
7840
8147
8301
8605
7689
7993
8147
8455
8608
7689
7997
8301
8455
8608
7843
7997
8301
8455
8608
7843
8150
8301
8455
8608
7843
8150
8301
8455
8762
7843
8150
8301
8608
8762
7843
8147
8301
8608
8758
7843
8147
8301
8455
8605
8758
7843
8147
8301
8455
8605
8758
7843
8147
8301
8608
8758
8912
7997
8147
8455
8608
8762
8912
7997
8147
8455
8608
8762
8912
7997
8147
8455
8608
8762
8912
7997
8301
8455
8608
8762
8912
7997
8301
8455
8608
8758
8912
7997
8301
8455
8608
8758
8912
7997
8301
8455
8608
8758
8912
8150
8301
8455
8608
8758
8912
6786
6786
6940
7095
7095
7249
7249
7249
7403
7403
7403
7403
7403
7557
7557
6786
6786
6940
7095
7095
7249
7249
7249
7403
7403
7403
7403
7403
7554
7554
6786
6786
6940
7095
7095
7249
7249
7249
7403
7403
7403
7403
7400
7554
7554
6786
6940
6940
7095
7095
7249
7249
7249
7403
7403
7403
7400
7400
7554
7557
6786
6940
6940
7095
7095
7249
7249
7249
7403
7403
7403
7403
7403
7557
7557
7557
6786
6940
6940
7095
7095
7249
7249
7249
7403
7403
7403
7403
7403
7557
7557
7557
6786
6940
6940
7095
7095
7249
7249
7249
7403
7403
7403
7403
7403
7557
7557
7557
6786
6940
6940
7095
7095
7249
7249
7249
7403
7403
7403
7403
7403
7557
7557
7557
7557
6786
6940
6940
7095
7095
7249
7249
7249
7403
7403
7403
7403
7403
7557
7557
7557
7557
6786
6940
6940
7095
7095
7249
7249
7249
7403
7403
7403
7400
7554
7557
7557
7557
7557
6786
6940
6940
7095
7095
7249
7249
7249
7403
7403
7403
7403
7557
7557
7557
7557
7557
7557
6786
6940
6940
7095
7095
7249
7249
7249
7403
7403
7403
7403
7557
7557
7557
7557
7557
7557
6786
6940
6940
7095
7095
7249
7249
7249
7403
7403
7403
7403
7557
7557
7554
7554
7554
7554
6786
6940
6940
7095
7095
7249
7249
7249
7403
7403
7403
7403
7557
7557
7557
7557
7557
7557
7557
6786
6940
6940
7095
7095
7249
7249
7249
7403
7403
7403
7403
7554
7554
7554
7554
7554
7554
7554
6786
6940
6940
7095
7095
7249
7249
7249
7403
7403
7403
7403
7557
7557
7557
7557
7557
7557
7557
6786
6940
6940
7095
7095
7249
7249
7249
7403
7403
7403
7403
7557
7557
7557
7557
7557
7557
7557
6786
6940
6940
7095
7095
7249
7249
7397
7394
7388
7538
7535
7535
7532
7529
7526
7526
7523
7676
5683
5836
6141
6294
6445
6599
6752
6903
6903
7056
7056
7210
7207
7360
7360
7360
7360
7513
7513
7513
5220
5527
5834
5985
6292
6445
6596
6749
6749
6903
7056
7056
7210
7207
7207
7360
7360
7360
7513
7513
8007
7699
8007
8161
8465
7699
8007
8311
8619
8773
7853
8161
8465
8619
8923
8007
8311
8619
8769
8923
8007
8311
8619
8769
9077
8161
8311
8619
8773
9077
8161
8465
8619
8927
9077
9231
8161
8465
8619
8927
9077
9231
8161
8465
8773
8927
9077
9231
8161
8465
8773
8927
9077
9231
8315
8465
8773
8927
9077
9231
8315
8465
8773
8927
9077
9231
8315
8619
8773
8927
9077
9231
8315
8619
8773
8927
9231
9385
8311
8619
8462
8150
7997
7840
7686
7529
7529
7526
7372
7369
6453
6453
6451
6604
6602
6602
6755
6755
6752
6752
6906
6906
6906
4147
4300
4761
5376
5529
5680
5834
5987
6138
6292
6292
6445
5068
5373
5527
5680
5831
5985
6138
6292
6292
6445
6443
6596
6596
3993
4147
4454
4915
5529
5680
5834
5987
6141
6292
6292
6445
6445
4915
5068
5373
5527
5680
5831
5985
6138
6292
6445
6445
6445
6445
6599
