7686
7840
8144
8297
8605
7686
7993
8147
8451
8605
7686
7993
8301
8451
8605
7843
7993
8301
8451
8605
7843
8147
8301
8451
8605
7843
8147
8301
8451
8758
7843
8147
8301
8605
8758
7843
8147
8301
8608
8758
7997
8147
8301
8608
8758
7997
8147
8301
8608
8762
7997
8150
8301
8608
8762
8912
7997
8150
8455
8608
8762
8912
7997
8147
8455
8608
8762
8912
7997
8147
8455
8608
8762
8912
7997
8301
8455
8608
8762
8912
7997
8301
8455
8608
8762
8912
7997
8301
8455
8608
8758
8912
7997
8301
8455
8608
8758
8912
7997
8301
8455
8608
8758
8912
7997
8301
8455
8608
8758
8912
6786
6786
6940
7095
7095
7249
7249
7249
7403
7403
7403
7403
7403
7557
7557
6786
6786
6940
7095
7095
7249
7249
7249
7403
7403
7403
7403
7403
7557
7557
6786
6940
6940
7095
7095
7249
7249
7249
7403
7403
7403
7403
7403
7557
7557
6786
6940
6940
7095
7095
7249
7249
7249
7403
7403
7403
7403
7403
7557
7557
6786
6940
6940
7095
7095
7249
7249
7249
7403
7403
7403
7403
7557
7557
7554
7554
6786
6940
6940
7095
7095
7249
7249
7249
7403
7403
7403
7403
7557
7557
7557
7557
6786
6940
6940
7095
7095
7249
7249
7249
7403
7403
7403
7403
7403
7557
7557
7557
6786
6940
6940
7095
7095
7249
7249
7249
7403
7403
7403
7403
7557
7557
7557
7557
7557
6786
6940
6940
7095
7095
7249
7249
7249
7403
7403
7403
7403
7403
7557
7557
7557
7557
6786
6940
6940
7095
7095
7249
7249
7249
7403
7403
7403
7403
7557
7557
7557
7557
7557
6786
6940
6940
7095
7095
7249
7249
7249
7403
7403
7403
7403
7557
7557
7557
7557
7557
7557
6786
6940
6940
7095
7095
7249
7249
7249
7403
7403
7403
7400
7554
7554
7554
7557
7557
7557
6786
6940
6940
7095
7095
7249
7249
7249
7403
7403
7403
7403
7557
7557
7557
7557
7557
7557
6786
6940
6940
7095
7095
7249
7249
7249
7403
7403
7403
7403
7557
7557
7557
7557
7557
7557
7557
6786
6940
6940
7095
7095
7249
7249
7249
7403
7403
7403
7403
7557
7557
7557
7557
7557
7557
7557
6786
6940
6940
7095
7095
7249
7249
7249
7403
7403
7403
7403
7557
7557
7557
7554
7548
7545
7538
5690
5841
6146
6297
6448
6602
6752
6906
6903
7056
7053
7207
7207
7360
7357
7357
7357
7510
7510
5369
5676
5982
6133
6287
6440
6591
6744
6897
6897
7050
7050
7204
7201
7354
7354
7354
7354
7507
5215
5369
5676
5980
6133
6287
6440
6591
6744
6897
6897
7050
7204
7204
7201
7354
7354
7354
7507
7507
4907
5062
5369
5676
5980
6133
6287
6440
6591
6744
6897
6897
7050
7204
7204
7204
7354
7354
7354
7507
