7532
7836
7990
8297
8451
7532
7840
8147
8297
8451
7689
7993
8147
8455
8605
7689
7993
8301
8455
8608
7843
7997
8301
8455
8608
7843
7997
8301
8455
8608
7843
8150
8301
8455
8762
7843
8150
8301
8455
8762
7843
8150
8301
8455
8762
7843
8150
8301
8455
8608
8758
7843
8150
8301
8455
8762
8758
7843
8150
8301
8608
8762
8912
7997
8150
8455
8608
8762
8912
7997
8147
8455
8608
8762
8912
7997
8301
8455
8608
8762
8912
7997
8301
8455
8608
8758
8912
7840
8144
8297
8448
8755
8908
7993
8144
8451
8605
8758
8908
7993
8301
8451
8605
8758
8912
8147
8301
8451
8605
8758
8912
6629
6783
6937
6937
7092
7092
7246
7246
7246
7400
7400
7400
7400
7554
7554
6786
6786
6940
7095
7095
7095
7249
7249
7403
7403
7403
7403
7403
7557
7557
6786
6786
6940
7095
7095
7249
7249
7249
7403
7403
7403
7403
7403
7557
7557
6786
6940
6940
7095
7095
7249
7249
7249
7403
7403
7403
7403
7403
7557
7557
6786
6786
6940
7095
7095
7249
7249
7249
7403
7403
7403
7403
7403
7557
7557
7557
6786
6940
6940
7095
7095
7249
7249
7249
7403
7403
7403
7403
7554
7554
7557
7557
6786
6940
6940
7095
7095
7249
7249
7249
7403
7403
7403
7403
7557
7557
7557
7557
6786
6940
6940
7095
7095
7249
7249
7249
7403
7403
7403
7403
7403
7557
7557
7557
7557
6786
6940
6940
7095
7095
7249
7249
7249
7403
7403
7403
7403
7557
7557
7557
7557
7557
6786
6940
6940
7095
7095
7249
7249
7249
7403
7403
7403
7403
7557
7557
7557
7557
7557
6786
6940
6940
7095
7095
7249
7249
7249
7403
7403
7403
7403
7557
7557
7557
7557
7557
7557
6786
6940
6940
7095
7095
7249
7249
7249
7403
7403
7403
7403
7557
7557
7557
7557
7557
7554
6786
6940
6940
7095
7095
7249
7249
7249
7403
7403
7403
7403
7557
7557
7557
7557
7557
7557
6786
6940
6940
7095
7095
7249
7249
7249
7403
7403
7403
7403
7557
7557
7557
7557
7557
7557
7557
6786
6940
6940
7095
7095
7249
7249
7249
7403
7403
7403
7403
7557
7557
7557
7557
7557
7557
7557
6786
6940
6940
7095
7095
7249
7249
7249
7403
7403
7403
7403
7557
7557
7557
7557
7557
7557
7557
6786
6940
6940
7095
7095
7249
7249
7249
7403
7403
7403
7403
7557
7557
7557
7557
7557
7557
7557
6786
6940
6940
7095
7095
7249
7249
7403
7403
7403
7403
7403
7557
7557
7557
7557
7557
7557
7554
7554
6786
6940
6940
7095
7095
7249
7249
7403
7403
7403
7403
7403
7557
7557
7557
7557
7557
7557
7557
7557
6786
6940
7095
7095
7095
7249
7249
7403
7403
7403
7403
7403
7557
7557
7557
7557
7554
7548
7545
7542
