7225
7529
7836
7990
8297
7378
7686
7993
8147
8451
7382
7689
7993
8301
8455
7538
7689
7997
8301
8455
7689
7843
8150
8301
8608
7689
7997
8150
8455
8608
7689
7997
8301
8455
8608
7689
7997
8301
8455
8608
7689
7997
8150
8455
8608
7843
7997
8301
8455
8608
8762
7689
7997
8150
8455
8608
8762
7843
7997
8301
8455
8608
8762
7843
7997
8301
8455
8608
8758
7843
8147
8301
8455
8758
8758
7843
8147
8301
8455
8605
8758
7843
8147
8301
8608
8758
8912
7997
8147
8455
8608
8762
8912
7843
8150
8301
8455
8762
8758
7997
8147
8455
8608
8762
8912
7997
8147
8455
8608
8762
8912
