6778
6778
6929
7080
7077
7228
7225
7222
7375
7372
7372
7372
7523
7523
5529
5836
5987
6141
6445
6599
6599
6749
6903
7056
7056
7210
7210
7207
7360
6138
6292
6445
6596
6749
6903
6903
7053
7056
7207
7207
7360
7360
7360
7360
5987
6141
6292
6445
6599
6749
6903
6903
7056
7056
7210
7207
7360
7360
7360
5831
5985
6292
6443
6596
6749
6749
6900
7053
7053
7207
7207
7360
7360
7360
7360
5831
6138
6289
6443
6596
6749
6900
6900
7053
7053
7207
7207
7360
7360
7360
7360
5831
5982
6289
6443
6596
6749
6747
6900
7053
7053
7207
7207
7360
7360
7360
7360
5678
5985
6136
6289
6443
6596
6747
6900
6900
7053
7053
7207
7207
7360
7360
7360
5524
5831
5985
6289
6443
6596
6749
6903
6900
7053
7053
7207
7207
7360
7360
7360
7360
5371
5680
5985
6138
6292
6443
6596
6749
6903
6903
7056
7056
7210
7207
7360
7360
7360
5220
5529
5685
5841
6000
6156
6310
6313
6470
6470
6626
6626
6783
6783
6786
6940
6940
6940
460
614
768
1535
2302
2915
3528
3986
4446
4751
5211
5518
5668
5975
6128
6281
6432
6585
6738
5213
5518
5824
5975
6281
6435
6588
6738
6741
6891
7044
7044
7198
7198
7351
7348
7348
7348
4904
5211
5518
5824
5975
6281
6435
6588
6741
6738
6891
7044
7044
7198
7198
7351
7351
7351
4598
4904
5367
5520
5824
5977
6284
6435
6588
6741
6894
6894
7044
7044
7198
7198
7351
7351
7351
6284
6437
6591
6741
6894
7047
7044
7198
7198
7198
7351
7351
7351
7504
7504
7501
7501
7501
7501
4598
4904
5213
5520
5827
5977
6284
6435
6588
6741
6741
6894
7047
7044
7198
7198
7351
7351
7351
5673
5977
6131
6284
6437
6588
6741
6894
7044
7044
7198
7198
7198
7351
7351
7351
7501
7501
7501
6437
6591
6741
6741
6894
7047
7044
7198
7198
7351
7351
7351
7348
7501
7501
7501
7501
7501
7501
7654
461
614
922
1690
2304
2917
3529
3990
4448
4909
5213
5520
5827
5977
6131
6437
6591
6591
6744
6894
7047
6179
6179
6334
6334
6488
6488
6643
6643
6643
6643
6797
6797
6797
6797
6797
6797
6797
6797
6797
6797
6952
6952
6952
6952
6952
6952
6952
6952
6952
6952
6952
6952
6952
6952
6179
6334
6334
6488
6488
6488
6643
6643
6643
6643
6797
6797
6797
6797
6797
6797
6797
6797
6797
6952
6952
6952
6952
6952
6952
6952
6952
6952
6952
6952
6952
6952
6952
6952
6179
6334
6334
6488
6488
6488
6643
6643
6643
6643
6797
6797
6797
6797
6797
6797
6797
6797
6797
6952
6952
6952
6952
6952
6952
6952
6952
6952
6952
6952
6952
6952
6949
6952
6949
6179
6334
6334
6488
6488
6488
6643
6643
6643
6643
6797
6797
6797
6797
6797
6797
6797
6797
6952
6952
6952
6952
6952
6952
6952
6952
6952
6952
6952
6952
6952
6952
6952
6952
6952
6952
6179
6334
6334
6488
6488
6488
6643
6643
6643
6643
6797
6797
6797
6797
6797
6797
6797
6797
6797
6952
6952
6952
6952
6952
6952
6952
6952
6952
6952
6952
6952
6952
6952
6952
6952
6952
6952
6179
6334
6334
6488
6488
6488
6643
6643
6643
6643
6797
6797
6797
6797
6797
6797
6797
6797
6952
6952
6952
6952
6952
6952
6952
6952
6952
6952
6952
6952
6952
6952
6952
6952
6952
6952
6952
6179
6334
6334
6488
6488
6488
6643
6643
6643
6643
6797
6797
6797
6797
6797
6797
6797
6797
6797
6952
6952
6952
6952
6952
6952
6952
6952
6952
6952
6952
6952
6952
6952
6952
6952
6952
6952
6952
6179
6334
6334
6488
6488
6488
6643
6643
6643
6643
6797
6797
6797
6797
6797
6797
6797
6797
6797
6952
6952
6952
6952
6952
6952
6952
6952
6952
6952
6952
6952
6949
6943
6937
6932
6926
6923
6920
6917
4148
4300
4456
4761
5066
5218
5371
5676
5829
5980
5980
6133
6287
6284
6437
6437
6591
6591
6591
6744
6744
6741
6741
6741
6741
6894
6894
6894
6894
6894
6894
6894
6894
6894
6894
6894
6894
6894
6894
5827
5985
5990
6149
6305
6308
6464
6467
6470
6626
6629
6629
6632
6786
6789
6789
6789
6792
6792
6792
6792
6949
6949
6949
6949
6949
6949
6949
6949
6949
6949
6949
6952
6952
6952
6952
6952
6952
6952
6952
6179
6334
6334
6488
6488
6643
6643
6643
6643
6797
6797
6797
6797
6797
6797
6797
6797
6949
6949
6949
6949
6949
6949
6949
6949
6949
6949
6949
6949
6949
6949
6949
6949
6949
6949
6949
6949
6949
6949
6949
6949
6179
6334
6334
6488
6488
6488
6643
6643
6643
6643
6797
6797
6797
6797
6797
6797
6797
6797
6952
6952
6952
6952
6952
6952
6952
6952
6952
6952
6952
6952
6952
6952
6952
6952
6952
6952
6949
6952
6949
6952
6949
6952
6179
6334
6334
6488
6488
6488
6643
6643
6643
6643
6797
6797
6797
6797
6797
6797
6797
6797
6952
6952
6952
6952
6952
6952
6952
6952
6952
6952
6952
6952
6952
6952
6952
6952
6952
6952
6952
6952
6952
6952
6952
6952
6179
6334
6334
6488
6488
6643
6643
6643
6643
6643
6797
6797
6797
6797
6797
6797
6797
6797
6952
6952
6952
6952
6952
6952
6952
6952
6952
6952
6952
6952
6952
6952
6952
6952
6952
6952
6952
6952
6952
6952
6952
6952
6952
6179
6334
6334
6488
6488
6643
6643
6643
6643
6797
6797
6797
6797
6797
6797
6797
6797
6797
6952
6952
6952
6952
6952
6952
6952
6952
6952
6952
6952
6952
6952
6952
6952
6952
6952
6952
6952
6952
6952
6952
6952
6952
6952
6952
6179
6334
6334
6488
6488
6488
6643
6643
6643
6643
6797
6797
6797
6797
6797
6797
6797
6797
6797
6952
6952
6952
6952
6952
6952
6952
6952
6952
6952
6952
6952
6952
6952
6952
6952
6952
6952
6952
6952
6952
6952
6952
6952
6952
6952
6179
6334
6334
6488
6488
6488
6643
6643
6643
6643
6797
6797
6797
6797
6797
6797
6797
6797
6952
6952
6952
6952
6952
6952
6952
6952
6952
6952
6952
6952
6952
6952
6952
6952
6952
6952
6952
6952
6952
6952
6952
6952
6952
6952
6952
6179
6334
6334
6488
6488
6488
6643
6643
6643
6643
6797
6797
6797
6797
6797
6797
6797
6797
6952
6952
6952
6952
6952
6952
6952
6952
6952
6952
6952
6952
6952
6952
6952
6952
6952
6952
6952
6952
6952
6952
6952
6952
6952
6952
6952
6952
6179
6334
6334
6488
6488
6488
6643
6643
6643
6643
6797
6797
6797
6797
6797
6797
6797
6797
6952
6952
6952
6952
6952
6952
6952
6952
6952
6952
6952
6952
6952
6952
6952
6952
6952
6952
6952
6952
6952
6952
6952
6952
6952
6952
6952
6952
6952
6179
6334
6334
6488
6488
6488
6643
6643
6643
6643
6797
6797
6797
6797
6797
6797
6797
6797
6797
6952
6952
6952
6952
6952
6952
6952
6952
6952
6952
6952
6952
6952
6952
6952
6952
6952
6952
6952
6952
6952
6952
6952
6952
6952
6952
6952
6952
