6141
6451
6604
6607
6761
6912
7065
7065
7216
7216
7216
7366
7366
7366
5685
5839
6146
6297
6451
6604
6755
6909
6909
7059
7059
7213
7213
7366
7366
5529
5836
5987
6141
6448
6599
6599
6752
6906
7059
7059
7216
7216
7216
7366
5378
5529
5836
5987
6294
6448
6599
6755
6758
6909
7062
7062
7213
7213
7366
5529
5834
5987
6294
6448
6604
6755
6755
6909
7059
7059
7213
7213
7363
7363
7363
5376
5683
5990
6144
6294
6448
6602
6752
6906
6906
7059
7059
7213
7210
7363
7363
5529
5836
5987
6294
6448
6599
6752
6752
6906
7059
7056
7210
7213
7369
7369
7366
5531
5683
5990
6141
6294
6448
6599
6752
6906
7062
7062
7216
7216
7216
7366
7366
7366
4917
5222
5529
5836
5987
6144
6453
6610
6607
6761
6912
7065
7062
7216
7216
7213
7366
5376
5683
5836
6144
6300
6451
6604
6755
6909
6909
7059
7059
7213
7213
7366
7366
7363
5531
5685
5992
6144
6297
6448
6602
6755
6906
7059
7059
7213
7210
7210
7363
7363
7363
5683
5836
6141
6294
6448
6599
6752
6906
6906
7059
7056
7210
7210
7363
7369
7369
7369
7520
4763
5070
5376
5683
5836
6141
6294
6448
6599
6755
6912
6914
7068
7068
7219
7219
7372
7369
5531
5836
5990
6294
6448
6602
6755
6752
6909
7065
7062
7216
7216
7366
7366
7366
7366
7520
5683
5834
6141
6294
6445
6602
6758
6912
6909
7062
7062
7213
7213
7366
7366
7366
7363
7516
7516
5529
5680
5990
6146
6297
6451
6602
6755
6909
7059
7059
7213
7213
7210
7363
7363
7363
7516
7516
5990
6144
6297
6448
6602
6752
6906
6906
7059
7213
7210
7210
7363
7363
7363
7516
7516
7516
7516
465
465
620
930
1549
2168
2941
3404
4021
4329
4793
5100
5409
5716
5870
6177
6331
6486
6640
6792
6792
6946
6174
6329
6483
6637
6792
6946
6946
7100
7100
7255
7255
7255
7409
7406
7406
7406
7560
7560
7560
7560
6792
6792
6946
6946
7100
7100
7255
7255
7252
7406
7406
7406
7406
7560
7560
7560
7560
7560
7560
7560
7095
7249
7400
7554
7708
7708
7862
8017
8017
7095
7249
7400
7554
7708
7862
7862
8017
8017
7246
7400
7400
7554
7708
7862
7862
8017
8017
7246
7400
7554
7554
7708
7862
7862
8017
8017
8171
7249
7403
7554
7554
7708
7862
7862
8017
8017
8171
7249
7403
7554
7554
7708
7862
7862
8017
8017
8171
7249
7403
7554
7554
7708
7862
7862
8017
8017
8171
7246
7400
7551
7551
7705
7859
7859
8013
8013
8167
7246
7400
7554
7554
7705
7859
7859
8013
8013
8167
8167
7246
7400
7554
7708
7708
7862
7862
8017
8017
8171
8171
7249
7400
7554
7708
7708
7862
7862
8017
8017
8171
8171
7249
7403
7554
7708
7708
7862
7862
8017
8017
8171
8171
7249
7400
7554
7708
7708
7862
7862
8017
8017
8167
8167
7246
7400
7554
7708
7708
7862
8017
8017
8017
8171
8171
7249
7400
7554
7708
7708
7862
8017
8017
8017
8171
8171
8171
7400
7400
7554
7708
7862
7862
8017
8017
8013
8167
8167
8167
7400
7400
7554
7708
7862
7862
8017
8017
8017
8171
8171
8171
7403
7400
7554
7708
7862
7862
8017
8017
8171
8171
8171
8171
7403
7554
7554
7708
7862
7862
8017
8017
8171
8171
8171
8171
7403
7554
7554
7708
7862
7862
8017
8017
8171
8171
8171
8171
8325
7542
7846
8000
8308
8458
7542
7846
8154
8308
8458
7696
7846
8154
8308
8612
7696
8000
8154
8462
8612
7696
8000
8154
8462
8612
7696
8000
8154
8462
8612
7696
8000
8154
8462
8612
7849
8000
8308
8458
8612
7849
8000
8308
8458
8612
7849
8000
8308
8462
8612
8766
7849
8000
8308
8462
8612
8766
7849
8000
8308
8462
8612
8766
7849
8154
8308
8458
8612
8766
7846
8154
8304
8458
8612
8766
7846
8154
8304
8458
8612
8762
7846
8154
8304
8458
8766
8919
7846
8154
8308
8458
8766
8919
8000
8154
8308
8612
8766
8919
8000
8154
8308
8612
8766
8919
8000
8154
8462
8612
8766
8919
