7689
7997
8304
8608
8762
8000
8304
8458
8766
8919
8154
8308
8612
8766
9073
8154
8462
8612
8919
9073
8154
8462
8766
8919
9073
8308
8462
8766
8919
9073
8308
8615
8766
8919
9073
9223
8308
8612
8766
8919
9223
9377
8308
8612
8766
9073
9223
9377
8304
8612
8766
9073
9223
9377
8462
8612
8766
9073
9223
9377
8462
8612
8919
9073
9227
9377
8462
8612
8919
9073
9227
9377
8462
8612
8919
9073
9223
9377
8458
8766
8916
9069
9219
9373
8455
8608
8912
9066
9219
9373
8458
8762
8916
9069
9223
9377
9527
8458
8766
8916
9069
9223
9377
9531
8458
8766
8919
9069
9223
9377
9531
8612
8766
8919
9073
9223
9377
9531
7689
7993
8147
8301
8605
7689
7997
8147
8455
8608
7689
7997
8301
8455
8608
7843
7997
8301
8455
8608
7843
7997
8301
8455
8608
7843
8150
8301
8455
8608
7843
8150
8301
8455
8608
7843
8150
8301
8608
8762
7843
8150
8301
8608
8762
7843
8150
8301
8455
8608
8758
7843
8150
8301
8455
8608
8762
7997
8150
8301
8608
8762
8912
7997
8150
8455
8608
8762
8912
7997
8147
8455
8608
8762
8912
7997
8301
8455
8608
8758
8912
7993
8301
8455
8605
8758
8912
7993
8301
8455
8605
8758
8912
7993
8301
8455
8608
8758
8912
7997
8301
8455
8608
8758
8912
8150
8301
8455
8608
8758
8912
6329
6329
6483
6483
6483
6637
6637
6637
6637
6792
6792
6792
6792
6792
6792
6792
6792
6792
6946
6946
6946
6946
6946
6946
6946
6946
6946
6946
6946
6946
6946
6946
6946
6946
6177
6331
6331
6486
6486
6640
6640
6640
6640
6792
6792
6795
6792
6792
6792
6795
6792
6792
6949
6946
6946
6946
6946
6946
6946
6946
6946
6949
6946
6946
6946
6946
6946
6946
6331
6331
6486
6486
6486
6640
6640
6640
6640
6795
6795
6792
6792
6792
6792
6792
6792
6792
6946
6946
6946
6946
6946
6946
6946
6946
6946
6946
6946
6946
6946
6946
6946
6946
6946
6329
6329
6483
6483
6483
6637
6637
6637
6637
6792
6792
6792
6792
6792
6792
6792
6792
6946
6946
6946
6946
6946
6946
6946
6946
6946
6946
6946
6946
6946
6946
6946
6946
6946
6946
6946
6331
6331
6486
6486
6486
6640
6640
6637
6637
6792
6792
6792
6792
6792
6792
6792
6792
6792
6946
6946
6946
6946
6946
6946
6946
6946
6946
6946
6946
6946
6946
6946
6946
6946
6946
6946
6946
6331
6331
6486
6486
6486
6640
6640
6640
6640
6795
6795
6792
6795
6792
6792
6792
6792
6792
6946
6946
6946
6946
6946
6946
6946
6946
6946
6946
6946
6946
6946
6946
6946
6946
6946
6946
6946
6331
6331
6486
6486
6486
6640
6637
6640
6637
6792
6792
6792
6792
6792
6792
6792
6792
6792
6946
6946
6946
6946
6946
6946
6946
6946
6946
6946
6946
6946
6946
6946
6946
6946
6946
6946
6946
6946
6331
6331
6480
6478
6472
6624
6618
6615
6769
6766
6764
6761
6758
6758
6909
6909
6909
6906
6906
6906
6903
6903
6903
6903
6903
6903
6903
6903
6900
6900
6900
6900
6900
6900
6903
6903
6903
6903
4761
5068
5220
5373
5680
5834
5985
5985
6138
6292
6292
6443
6443
6596
6596
6596
6596
6747
6747
6747
6747
6747
6900
6900
6900
6900
6900
6900
6900
6900
6900
6900
6900
6900
6900
6900
6900
6900
6900
4757
5066
5220
5527
5678
5831
5982
6136
6136
6289
6289
6443
6443
6593
6593
6593
6747
6747
6747
6747
6747
6747
6900
6900
6900
6900
6900
6900
6900
6900
6900
6900
6900
6900
6900
6900
6900
6900
6900
6900
4450
4757
5064
5220
5373
5680
5831
5985
5985
6136
6289
6289
6443
6443
6593
6593
6593
6747
6747
6747
6747
6752
6758
6764
6920
6923
6929
6929
6932
6935
6937
6937
6940
6940
6943
6943
6943
6946
6946
6946
6946
6177
6331
6331
6486
6486
6640
6640
6640
6640
6797
6797
6797
6797
6797
6797
6797
6797
6952
6952
6952
6952
6952
6952
6952
6952
6952
6952
6952
6952
6952
6952
6952
6952
6952
6952
6952
6952
6952
6952
6952
6952
6952
6179
6334
6334
6488
6488
6643
6643
6643
6643
6797
6797
6797
6797
6797
6797
6797
6797
6952
6952
6952
6952
6952
6952
6952
6952
6952
6952
6952
6952
6952
6952
6952
6952
6952
6952
6952
6952
6952
6952
6952
6952
6952
6179
6334
6334
6488
6488
6643
6643
6643
6643
6797
6797
6797
6797
6797
6797
6797
6797
6797
6952
6952
6952
6952
6952
6952
6952
6952
6952
6952
6952
6952
6952
6952
6952
6952
6952
6952
6952
6952
6952
6952
6952
6952
6952
6179
6334
6334
6488
6488
6643
6643
6643
6643
6797
6797
6797
6797
6797
6797
6797
6797
6797
6952
6952
6952
6952
6952
6952
6952
6952
6952
6952
6952
6952
6952
6952
6952
6952
6952
6952
6952
6952
6952
6952
6952
6952
6952
6952
6179
6334
6334
6488
6488
6643
6643
6643
6643
6643
6797
6797
6797
6797
6797
6797
6797
6797
6952
6952
6952
6952
6952
6952
6952
6952
6952
6952
6952
6952
6952
6952
6952
6952
6952
6952
6952
6952
6952
6952
6952
6952
6952
6952
6952
6179
6334
6334
6488
6488
6488
6643
6643
6643
6643
6797
6797
6797
6797
6797
6797
6797
6797
6952
6952
6952
6952
6952
6952
6952
6952
6952
6952
6952
6952
6952
6952
6952
6952
6952
6952
6952
6952
6952
6952
6952
6952
6952
6952
6952
6179
6334
6334
6488
6488
6488
6643
6643
6643
6643
6797
6797
6797
6797
6797
6797
6797
6797
6952
6952
6952
6952
6952
6952
6952
6952
6952
6952
6952
6952
6952
6952
6952
6952
6952
6952
6952
6952
6952
6952
6952
6952
6952
6952
6952
6952
6179
6334
6334
6488
6488
6643
6643
6643
6643
6643
6797
6797
6797
6797
6797
6797
6797
6797
6952
6952
6952
6952
6952
6952
6952
6952
6952
6952
6952
6952
6952
6952
6952
6952
6952
6952
6952
6952
6952
6952
6952
6952
6952
6952
6952
6952
6952
6179
6334
6334
6488
6488
6488
6643
6643
6643
6643
6797
6797
6797
6797
6797
6797
6797
6797
6797
6952
6952
6952
6952
6952
6952
6952
6952
6952
6952
6952
6952
6952
6952
6952
6952
6952
6952
6952
6952
6952
6952
6952
6952
6952
6952
6952
6952
6637
6792
6946
6946
7100
7100
7255
7255
7255
7406
7406
7406
7406
7406
7560
6637
6792
6946
6946
7100
7100
7255
7255
7252
7406
7406
7406
7406
7406
7560
6637
6792
6946
6943
7097
7097
7252
7252
7252
7406
7406
7406
7406
7406
7560
6637
6792
6946
6946
7100
7100
7255
7252
7252
7406
7406
7406
7406
7406
7560
6637
6792
6946
6946
7100
7100
7255
7255
7255
7409
7406
7406
7406
7406
7560
7560
6792
6792
6946
6946
7100
7100
7255
7255
7255
7409
7409
7406
7406
7406
7560
7560
6637
6792
6946
6946
7100
7100
7255
7255
7255
7409
7409
7406
7406
7406
7560
7560
6792
6792
6946
6946
7100
7100
7255
7255
7252
7406
7406
7406
7406
7406
7560
7560
7560
6792
6792
6946
6943
7097
7097
7252
7252
7252
7406
7406
7406
7406
7560
7560
7560
7560
6792
6789
6943
6943
7097
7097
7252
7252
7252
7406
7406
7406
7406
7560
7560
7560
7560
6792
6792
6946
7100
7100
7100
7255
7252
7252
7406
7406
7406
7406
7560
7560
7560
7560
7560
6792
6792
6946
7100
7100
7100
7255
7255
7255
7409
7406
7406
7406
7560
7560
7560
7560
7560
6792
6792
6946
7100
7100
7100
7255
7255
7409
7409
7406
7406
7406
7560
7560
7560
7560
7560
6792
6792
6946
7100
7100
7255
7255
7255
7409
7409
7406
7406
7406
7560
7560
7560
7560
7560
7560
6792
6792
6946
7100
7100
7100
7255
7255
7409
7409
7409
7406
7406
7560
7560
7560
7560
7560
7560
6792
6792
6946
7100
7097
7252
7252
7252
7406
7406
7406
7406
7406
7560
7560
7560
7560
7560
7560
6792
6792
6946
7100
7100
7255
7255
7252
7406
7406
7406
7406
7406
7560
7560
7560
7560
7560
7560
6792
6946
6946
7100
7100
7255
7255
7255
7409
7409
7406
7406
7406
7560
7560
7560
7560
7560
7560
7560
6792
6946
6946
7100
7100
7255
7255
7255
7409
7409
7406
7406
7406
7560
7560
7560
7560
7560
7560
7557
6789
6786
6943
7097
7097
7097
7252
7252
7406
7406
7406
7406
7406
7560
7560
7560
7560
7560
7560
7560
