463
617
771
1541
2310
3078
3692
4306
4765
5224
3535
3843
4456
4917
5380
5687
5992
6297
6602
4917
5376
5680
5987
6292
6599
6749
7056
7207
6448
6755
6906
7059
7210
7363
7516
7667
7820
7820
5834
6138
6445
6596
6903
7056
7213
7366
7520
7670
5529
5834
6294
6445
6752
6903
7056
7360
7360
7513
5987
6294
6604
6755
7062
7213
7366
7516
7670
7667
5834
6138
6445
6749
6903
7056
7207
7363
7520
7673
5836
6141
6445
6599
6903
7056
7207
7360
7513
7667
7817
5680
5987
6297
6607
6764
7071
7228
7385
7538
7542
7696
461
616
924
1693
2462
3075
3689
4148
4608
5068
5373
5678
5985
5220
5527
5831
6138
6289
6443
6749
6900
7053
7053
7207
7357
6599
6596
6749
6903
7056
7053
7207
7360
7360
7510
7510
7510
7664
4755
5062
5522
5827
5980
6287
6596
6752
6903
7056
7210
7207
7360
4604
5066
5373
5680
5985
6292
6443
6596
6749
6903
7053
7207
7207
5831
6141
6451
6761
6917
7074
7228
7385
7538
7696
7696
7849
7086
7240
7394
7548
7548
7702
7856
7859
8013
8013
8167
8167
7246
7400
7554
7708
7708
7859
8013
8013
8013
8167
8167
8164
7397
7551
7551
7705
7859
7859
8013
8013
8167
8167
8167
8167
7400
7554
7554
7708
7859
7859
8013
8013
8167
8167
8167
8167
8322
8007
8315
8465
8773
8927
8007
8315
8619
8773
8927
8007
8311
8619
8773
8923
8007
8315
8619
8773
9081
8161
8311
8619
8773
9077
8161
8465
8619
8927
9077
8161
8465
8619
8927
9077
9231
8161
8465
8619
8923
9077
9231
8157
8465
8773
8923
9077
9231
8311
8465
8769
8923
9077
9231
8311
8465
8769
8923
9077
9231
8311
8465
8773
8923
9077
9231
8311
8619
8773
8923
9231
9385
8311
8619
8773
8923
9231
9385
8311
8619
8773
8923
9231
9385
8311
8619
8773
9077
9231
9385
8465
8619
8927
9077
9231
9385
8465
8619
8927
9077
9231
9385
9539
8465
8619
8923
8458
8301
7993
7836
7683
7526
7526
7369
7369
5529
5990
6451
6914
7375
7836
8144
