7532
7836
8144
8297
8451
7686
7993
8147
8451
8605
7686
7993
8147
8451
8605
7843
7993
8301
8451
8605
7843
7993
8301
8455
8605
7843
8147
8301
8455
8605
7843
8147
8301
8455
8762
7843
8147
8301
8608
8762
7843
8150
8301
8608
8762
7843
8150
8301
8455
8608
8758
7843
8150
8301
8455
8762
8912
7997
8147
8301
8608
8758
8912
7997
8147
8455
8608
8758
8912
7993
8147
8455
8605
8758
8912
7993
8301
8455
8605
8758
8912
7993
8301
8455
8605
8758
8912
7993
8301
8455
8605
8758
8912
8147
8301
8455
8605
8758
8912
8150
8301
8455
8608
8758
8912
8150
8301
8455
8608
8758
8912
6786
6786
6940
7095
7095
7095
7249
7249
7403
7403
7403
7403
7403
7557
7557
6786
6786
6940
7095
7095
7249
7249
7249
7403
7403
7403
7400
7400
7554
7557
6786
6786
6940
7095
7095
7249
7249
7249
7403
7403
7403
7403
7403
7557
7557
6786
6940
6940
7095
7095
7249
7249
7249
7403
7403
7403
7403
7403
7557
7557
6786
6940
6940
7095
7095
7249
7249
7249
7403
7403
7403
7403
7403
7557
7557
7557
6786
6940
6940
7095
7095
7249
7249
7249
7403
7403
7403
7403
7403
7557
7557
7557
6786
6940
6940
7095
7095
7249
7249
7249
7403
7403
7403
7403
7403
7557
7557
7557
6786
6940
6940
7095
7095
7249
7249
7249
7403
7403
7403
7403
7557
7557
7557
7557
7557
6786
6940
6940
7095
7095
7249
7249
7249
7403
7403
7403
7403
7554
7554
7554
7554
7557
6786
6940
6940
7095
7095
7249
7249
7249
7403
7403
7403
7403
7557
7557
7557
7557
7557
6786
6940
6940
7095
7095
7249
7249
7249
7403
7403
7403
7403
7557
7557
7557
7557
7557
7557
6786
6940
6940
7095
7095
7249
7249
7249
7403
7403
7403
7403
7557
7557
7557
7557
7557
7557
6786
6940
6940
7095
7095
7249
7249
7249
7403
7403
7403
7403
7557
7557
7557
7557
7557
7557
6786
6940
6940
7095
7095
7249
7249
7249
7403
7403
7403
7403
7557
7557
7557
7557
7557
7557
7557
6786
6940
6935
7086
7080
7231
7228
7378
7375
7372
7372
7523
7520
7520
7516
7516
7513
7513
7667
5064
5371
5676
5829
6136
6287
6440
6593
6744
6897
6897
7050
7050
7204
7204
7357
7357
7357
7354
4909
5215
5369
5673
5980
6133
6287
6437
6591
6744
6897
6897
7050
7204
7204
7204
7357
7357
7354
4755
5064
5369
5676
5829
6133
6287
6440
6593
6744
6897
6897
7050
7050
7204
7204
7357
7354
7354
4602
4909
5215
5522
5827
5980
6287
6440
6591
6744
6744
6897
7050
7050
7201
7201
7354
7354
7354
7354
6289
6440
6593
6747
6897
7050
7050
7204
7204
7201
7357
7354
7354
7507
7507
7507
7507
7507
7507
7507
