8150
8458
8608
8916
9069
8150
8458
8612
8916
9069
8150
8458
8766
8916
9069
8308
8458
8766
8919
9069
8304
8458
8766
8919
9069
8304
8612
8766
8919
9069
8308
8612
8766
8919
9223
9377
8308
8612
8766
9073
9227
9377
8308
8612
8766
9073
9227
9377
8462
8612
8919
9073
9227
9377
8462
8612
8919
9073
9227
9377
8462
8612
8919
9073
9227
9377
8462
8612
8919
9073
9227
9377
8462
8766
8919
9073
9223
9377
8462
8766
8919
9073
9223
9377
8462
8766
8919
9073
9227
9377
8462
8766
8919
9073
9227
9377
9531
8462
8766
8919
9073
9227
9377
9531
8615
8766
8919
9227
9381
9377
9531
8615
8766
8919
9073
9381
9377
9531
6786
6786
6940
7095
7095
7249
7249
7249
7403
7403
7403
7403
7403
7557
7557
6786
6786
6940
7095
7095
7249
7249
7249
7403
7403
7403
7403
7403
7557
7557
6786
6786
6940
7095
7095
7249
7249
7249
7403
7403
7403
7403
7403
7557
7557
6786
6940
6940
7095
7095
7249
7249
7249
7403
7403
7403
7403
7557
7557
7554
6786
6940
6940
7095
7095
7249
7249
7249
7403
7403
7403
7403
7557
7557
7557
7557
6786
6940
6940
7095
7095
7249
7249
7249
7403
7403
7403
7403
7403
7557
7557
7557
6786
6940
6940
7095
7095
7249
7249
7249
7403
7403
7403
7403
7557
7557
7557
7557
6786
6940
6940
7095
7095
7249
7249
7249
7403
7403
7403
7403
7557
7557
7557
7557
7557
6786
6940
6940
7095
7095
7249
7249
7249
7403
7403
7403
7403
7557
7557
7557
7557
7557
6786
6940
6940
7095
7095
7249
7249
7249
7403
7403
7403
7403
7554
7554
7554
7554
7554
6786
6940
6940
7095
7095
7249
7249
7249
7403
7400
7400
7400
7554
7554
7554
7554
7554
7554
6786
6940
6940
7095
7095
7249
7249
7249
7403
7403
7403
7403
7557
7557
7557
7557
7557
7557
6786
6940
6940
7095
7095
7249
7249
7249
7403
7403
7403
7403
7557
7557
7557
7557
7557
7557
6786
6940
6940
7095
7095
7249
7249
7249
7403
7403
7403
7403
7557
7557
7557
7557
7557
7557
7557
6786
6940
6940
7095
7095
7249
7249
7249
7403
7403
7403
7403
7557
7557
7557
7557
7557
7557
7557
6786
6940
6940
7095
7095
7246
7240
7391
7385
7382
7378
7529
7526
7523
7520
7516
7516
7513
7667
5985
6289
6443
6593
6747
6744
6897
7047
7047
7201
7201
7354
7354
7354
7351
7504
7504
7504
7504
4297
4450
4911
5215
5520
5827
5977
6131
6437
6588
6741
6741
6894
7047
7044
7198
7198
7198
7351
7351
4602
4909
5213
5520
5824
5977
6131
6435
6588
6741
6741
6894
7044
7044
7198
7198
7351
7351
7351
7351
4446
4602
4909
5213
5520
5824
5977
6284
6435
6588
6741
6741
6891
7044
7044
7198
7198
7351
7351
7351
7095
7249
7400
7554
7708
7862
7862
8017
8017
7249
7403
7403
7554
7708
7862
7862
8017
8017
7249
7400
7554
7554
7708
7862
7862
8017
8017
7246
7400
7400
7554
7708
7862
7862
8017
8017
8017
7249
7403
7554
7554
7708
7862
7862
8017
8017
8171
7249
7403
7557
7554
7708
7862
7862
8017
8017
8171
7249
7403
7557
7554
7708
7862
7862
8017
8017
8171
7249
7403
7554
7708
7708
7862
7862
8017
8017
8171
7249
7403
7554
7708
7708
7862
7862
8017
8017
8171
8171
7249
7403
7554
7708
7708
7862
7862
8017
8017
8171
8171
7249
7403
7554
7708
7708
7862
7862
8017
8017
8171
8171
7246
7400
7554
7708
7708
7862
7862
8017
8017
8167
8167
7246
7400
7554
7708
7708
7862
8017
8017
8017
8167
8167
7246
7400
7554
7708
7708
7862
8017
8017
8013
8167
8167
7246
7397
7545
7538
7689
7683
7680
7676
7827
7823
7823
7820
7973
4448
4755
5215
5520
5827
6131
6284
6591
6741
6894
7047
7047
7198
5980
6131
6437
6591
6741
6894
7047
7198
7198
7351
7504
7504
7657
7657
4445
4598
5058
5367
5671
5977
6284
6435
6588
6741
6894
7044
7198
7351
462
616
924
1693
2462
3077
3848
4309
4769
5228
5687
5992
6297
6602
5070
5376
5680
5987
6292
6599
6749
7059
7213
7366
7516
7670
7670
