7068
7529
7683
7990
8297
7378
7686
7990
8144
8451
7532
7840
8147
8297
8605
7689
7993
8147
8455
8605
7689
7997
8301
8455
8608
7843
7997
8301
8455
8608
7843
8150
8301
8455
8608
7843
8150
8301
8455
8762
7843
8150
8301
8608
8762
7843
8150
8301
8455
8608
8758
7843
8150
8301
8455
8608
8762
7997
8150
8301
8608
8762
8912
7997
8150
8455
8608
8762
8912
7997
8147
8455
8608
8762
8912
7997
8147
8455
8608
8762
8912
7997
8301
8455
8608
8762
8912
7997
8301
8455
8608
8758
8912
7997
8301
8455
8608
8758
8912
8150
8301
8455
8608
8758
8912
8147
8301
8455
8605
8758
8912
7243
7397
7551
7702
7702
7856
7856
8010
8010
7243
7397
7551
7705
7705
7856
7856
8010
8010
7243
7397
7551
7705
7705
7859
7859
8010
8010
7243
7397
7551
7705
7705
7859
7859
8013
8010
8164
7243
7397
7551
7705
7705
7859
7859
8013
8010
8164
7243
7397
7551
7705
7705
7859
8013
8013
8010
8164
7243
7397
7391
7388
7538
7535
7532
7529
7529
7526
7523
7676
4300
4609
4765
4921
5226
5531
5836
6141
6294
6599
6752
6903
5834
6138
6445
6596
6749
6900
7053
7207
7207
7357
7357
7510
4602
4757
5220
5527
5831
6138
6289
6596
6749
6900
7053
7053
5985
6136
6443
6593
6747
6900
7053
7204
7204
7357
7357
7510
4755
5062
5369
5831
6138
6292
6596
6749
6903
7053
7053
7207
5678
5985
6289
6443
6593
6900
6900
7053
7204
7357
7357
7510
7510
4755
5062
5369
5676
5985
6292
6445
6749
6903
7056
7053
7207
7360
5371
5676
5982
6289
6440
6593
6747
6897
7050
7204
7204
7357
7357
4602
5062
5369
5673
5982
6292
6599
6749
6903
7056
7053
7207
7360
5371
5678
5985
6136
6443
6596
6747
6900
7053
7207
7204
7357
7357
4602
5062
5369
5673
5980
6289
6596
6749
6903
7056
7207
7207
7360
5064
5371
5831
5985
6289
6443
6596
6900
6900
7053
7207
7360
7357
7510
6289
6443
6749
6900
7053
7053
7207
7357
7357
7510
7510
7664
7664
7664
6179
6334
6334
6488
6488
6488
6643
6643
6643
6643
6797
6797
6797
6797
6797
6797
6797
6797
6797
6952
6952
6952
6952
6952
6952
6952
6952
6952
6952
6952
6952
6952
6952
6952
6179
6334
6334
6488
6488
6488
6643
6643
6643
6643
6797
6797
6797
6797
6797
6797
6797
6797
6797
6952
6952
6952
6952
6952
6952
6952
6952
6952
6952
6952
6952
6952
6952
6952
6179
6334
6334
6488
6488
6488
6643
6643
6643
6643
6797
6797
6797
6797
6797
6797
6797
6797
6797
6952
6952
6952
6952
6952
6952
6952
6952
6952
6952
6952
6952
6952
6952
6952
6952
6179
6334
6334
6488
6488
6488
6643
6643
6643
6643
6797
6797
6797
6797
6797
6797
6797
6797
6797
6952
6952
6952
6952
6952
6952
6952
6952
6949
6946
6940
6935
6929
6926
6923
6917
6914
5070
5378
5529
5680
5831
5985
6136
6136
6289
6440
6440
6440
6593
6591
6591
6744
6744
6744
6744
6744
6897
6894
6894
6894
6894
6894
6894
6894
6894
6894
6894
6894
6894
6894
6894
6894
4152
4461
4773
5081
5237
5393
5704
5858
5861
6015
6172
6326
6326
6480
6483
6483
6637
6637
6637
6640
6795
6795
6795
6795
6795
6795
6795
6795
6795
6949
6949
6949
6949
6949
6949
6949
6952
6179
6179
6334
6334
6488
6488
6643
6643
6643
6643
6797
6797
6797
6797
6797
6797
6797
6797
6797
6952
6952
6952
6952
6952
6952
6952
6952
6952
6952
6952
6952
6952
6952
6952
6952
6952
6952
6952
6179
6334
6334
6488
6488
6488
6643
6643
6643
6643
6797
6797
6797
6797
6797
6797
6797
6797
6952
6952
6952
6952
6952
6952
6952
6952
6952
6952
6952
6952
6952
6952
6952
6952
6952
6952
6952
6952
6952
6179
6334
6334
6488
6488
6488
6643
6643
6643
6643
6797
6797
6797
6797
6797
6797
6797
6797
6952
6952
6952
6952
6952
6952
6952
6952
6952
6952
6952
6952
6952
6952
6952
6952
6952
6952
6952
6952
6952
6179
6334
6334
6488
6488
6488
6643
6643
6643
6643
6797
6797
6797
6797
6797
6797
6797
6797
6797
6952
6952
6952
6952
6952
6952
6952
6952
6952
6952
6952
6952
6952
6952
6952
6952
6952
6952
6952
6952
6952
6179
6334
6334
6488
6488
6488
6643
6643
6643
6643
6797
6797
6797
6797
6797
6797
6797
6797
6797
6952
6952
6952
6952
6952
6952
6952
6952
6952
6952
6952
6952
6952
6952
6952
6952
6952
6952
6952
6952
6952
6952
6179
6334
6334
6488
6488
6488
6643
6643
6643
6643
6797
6797
6797
6797
6797
6797
6797
6797
6797
6952
6952
6952
6952
6952
6952
6952
6952
6952
6952
6952
6952
6952
6952
6952
6952
6952
6952
6952
6952
6952
6952
6952
6179
6334
6334
6488
6488
6488
6643
6643
6643
6643
6797
6797
6797
6797
6797
6797
6797
6797
6797
6952
6952
6952
6952
6952
6952
6952
6952
6952
6952
6952
6952
6952
6952
6952
6952
6949
6952
6952
6952
6952
6952
6952
6179
6334
6334
6488
6488
6488
6643
6643
6643
6643
6797
6797
6797
6797
6797
6797
6797
6797
6952
6952
6952
6952
6952
6952
6952
6949
6952
6952
6949
6949
6952
6949
6952
6952
6952
6952
6952
6952
6952
6952
6952
6952
6952
6179
6329
6321
6470
6467
6615
6613
6610
6761
6758
6755
6755
6752
6752
6903
6903
6900
6900
6900
6897
6897
6897
6897
6897
6897
6897
6894
6894
6894
6894
6894
6894
6894
6894
6894
6894
6894
6894
6894
6894
6894
6894
7047
4600
4755
5062
5215
5520
5673
5824
5977
6131
6131
6284
6284
6435
6435
6588
6588
6588
6741
6741
6741
6741
6741
6894
6894
6894
6894
6894
6894
6894
6894
6894
6894
6894
6894
6894
6894
6894
6894
6894
6894
6897
6903
6909
6914
6308
6310
6467
6470
6472
6626
6629
6632
6632
6789
6789
6789
6792
6792
6792
6792
6792
6946
6949
6949
6949
6949
6949
6949
6949
6949
6949
6949
6949
6949
6949
6949
6949
6949
6949
6949
6949
6949
6949
6949
6949
6952
6952
6952
6952
6179
6334
6334
6488
6488
6643
6643
6643
6643
6797
6797
6797
6797
6797
6797
6797
6797
6952
6952
6952
6952
6952
6952
6952
6952
6952
6952
6952
6952
6952
6952
6952
6952
6952
6952
6952
6952
6952
6952
6952
6952
6952
6952
6952
6952
6952
6179
6334
6334
6488
6488
6643
6643
6643
6643
6797
6797
6797
6797
6797
6797
6797
6797
6797
6952
6952
6952
6952
6952
6952
6952
6952
6952
6952
6952
6952
6952
6952
6952
6952
6952
6952
6952
6949
6952
6952
6949
6952
6952
6952
6952
6952
6952
6179
6334
6334
6488
6488
6643
6643
6643
6643
6797
6797
6797
6797
6797
6797
6797
6797
6795
6952
6952
6952
6952
6952
6952
6952
6952
6952
6952
6952
6952
6952
6952
6952
6952
6952
6952
6952
6952
6952
6952
6952
6952
6952
6952
6952
6952
6952
