6172
6172
6326
6326
6480
6480
6480
6635
6635
6635
6635
6792
6792
6792
6792
6792
6792
6792
6792
6792
6946
6946
6946
6946
6946
6943
6937
6935
6929
6923
6920
6920
6917
6914
4917
5224
5376
5527
5678
5831
5982
6136
6289
6289
6440
6440
6593
6593
6591
6591
6744
6744
6744
6744
6744
6897
6897
6894
6894
6894
6894
6894
6894
6894
6894
6894
6894
6894
4755
4911
5218
5369
5676
5827
5980
5980
6133
6284
6284
6437
6437
6591
6591
6591
6741
6741
6741
6741
6741
6741
6894
6894
6894
6894
6894
6894
6894
6894
6894
6894
6894
6894
6894
5827
5980
6133
6131
6284
6284
6437
6437
6591
6591
6588
6741
6741
6741
6741
6741
6894
6894
6894
6894
6894
6894
6894
6894
6894
6894
6894
6894
6894
6894
6894
6894
6894
6894
6894
5369
5520
5673
5827
5980
6133
6284
6284
6437
6437
6591
6591
6591
6744
6741
6741
6747
6752
6758
6761
6920
6923
6926
6929
6932
6935
6935
6937
6940
6940
6940
6943
6943
6943
6946
6946
1536
2150
2764
3224
3683
4143
4450
4755
5062
5213
5367
5673
5824
5977
5977
6131
6284
6284
6435
6435
6588
6588
6588
6741
6741
6741
6741
6741
6741
6894
6894
6894
6894
6894
6894
6894
4448
4757
5062
5215
5520
5673
5827
5980
6131
6131
6284
6284
6437
6435
6588
6588
6588
6741
6741
6741
6741
6741
6894
6894
6894
6894
6894
6894
6894
6894
6894
6894
6894
6894
6894
6894
6894
4755
5060
5213
5520
5671
5824
5977
6131
6131
6284
6281
6435
6435
6588
6588
6588
6741
6741
6741
6741
6741
6894
6894
6894
6894
6894
6894
6894
6894
6894
6894
6894
6894
6894
6894
6894
6894
6894
4142
4450
4757
5064
5369
5522
5673
5827
5980
6133
6136
6294
6300
6456
6461
6618
6621
6624
6626
6780
6783
6783
6786
6786
6789
6789
6943
6946
6946
6946
6946
6946
6946
6946
6949
6949
6949
6949
6949
1075
1843
2456
2915
3376
3835
4295
4602
4909
5060
5367
5520
5671
5824
5977
6131
6128
6281
6435
6432
6432
6585
6585
6585
6738
6738
6738
6738
6738
6888
6888
6888
6888
6888
6888
6888
6888
6888
6888
6888
4446
4753
5060
5211
5518
5671
5822
5975
6128
6128
6281
6435
6435
6432
6585
6585
6585
6738
6738
6738
6738
6738
6891
6891
6891
6891
6891
6891
6891
6891
6891
6888
6888
6888
6888
6888
6888
6888
7042
7042
5977
5975
6128
6281
6281
6432
6432
6585
6585
6585
6738
6738
6735
6735
6738
6891
6888
6888
6888
6888
6888
6888
6888
6888
6888
6888
6888
6888
6888
6888
6888
7042
7042
7042
7042
7042
7044
7044
7044
7044
7044
4753
4911
5222
5380
5536
5692
5848
6005
6161
6164
6318
6321
6478
6478
6632
6635
6635
6635
6789
6792
6792
6792
6792
6792
6792
6946
6949
6949
6949
6949
6949
6949
6949
6949
6949
6949
6949
6949
6949
6949
6949
6949
1230
1998
2612
3073
3532
3993
4299
4606
4913
5218
5371
5524
5678
5829
5982
6136
6289
6289
6443
6443
6593
6593
6593
6596
6749
6747
6747
6747
6747
6900
6900
6900
6900
6900
6900
6900
6900
6900
6900
6900
6900
6900
4759
5066
5222
5531
5683
5836
5987
6141
6138
6292
6292
6445
6445
6599
6596
6596
6749
6749
6749
6749
6749
6903
6903
6903
6903
6903
6903
6903
6900
6903
6903
6903
6903
6903
6903
6900
6900
6900
6903
6900
6900
6900
7053
4761
5070
5224
5529
5683
5834
5987
6138
6138
6292
6445
6445
6445
6596
6596
6596
6749
6749
6749
6749
6749
6903
6903
6903
6903
6903
6900
6900
6900
6900
6903
6903
6903
6903
6900
6900
6900
6900
6900
6900
6900
6900
7056
7053
4606
4913
5068
5380
5536
5692
5848
6005
6161
6164
6318
6321
6475
6478
6632
6635
6635
6635
6792
6792
6792
6792
6792
6795
6795
6795
6949
6949
6949
6949
6949
6949
6949
6949
6949
6949
6949
6949
6952
6952
6952
6952
6952
6952
6952
6334
6334
6488
6488
6643
6643
6643
6643
6797
6797
6797
6797
6797
6797
6797
6797
6952
6952
6952
6952
6952
6952
6952
6952
6952
6952
6952
6952
6952
6952
6952
6952
6952
6952
6952
6952
6952
6952
6952
6952
6952
6952
6952
6952
6952
6952
6334
6334
6488
6488
6488
6643
6643
6643
6797
6797
6797
6797
6797
6797
6797
6797
6952
6952
6952
6952
6952
6952
6952
6952
6952
6949
6949
6949
6949
6949
6949
6949
6949
6949
6949
6949
6949
6949
6949
6949
6949
6949
6949
6949
6949
6949
6334
6334
6488
6488
6488
6643
6643
6643
6797
6797
6797
6797
6797
6797
6797
6797
6952
6952
6952
6952
6952
6952
6952
6952
6952
6952
6952
6952
6952
6952
6952
6952
6952
6952
6952
6952
6952
6952
6952
6952
6952
6952
6952
6952
6952
6952
6952
