6172
6326
6326
6480
6480
6480
6635
6635
6635
6635
6789
6789
6789
6789
6789
6789
6792
6792
6946
6946
6946
6943
6940
6932
6929
6923
6920
6917
6914
6912
6909
6906
6903
6903
4604
4911
5062
5367
5520
5671
5824
5977
6131
6128
6281
6435
6435
6435
6585
6585
6585
6738
6738
6738
6738
6738
6891
6891
6891
6891
6891
6891
6891
6891
6891
6891
6891
6891
4907
5211
5364
5518
5671
5822
5975
6128
6281
6281
6435
6432
6585
6585
6585
6738
6738
6738
6738
6738
6738
6891
6891
6891
6891
6891
6891
6891
6891
6891
6891
6891
6891
6891
4291
4598
4907
5060
5364
5518
5671
5822
5975
6128
6281
6281
6432
6432
6585
6585
6585
6738
6738
6738
6738
6738
6738
6891
6894
6894
6894
6894
6894
6894
6894
6894
6894
6894
6894
4445
4751
4909
5220
5376
5534
5690
5848
6005
6161
6161
6318
6321
6475
6478
6632
6635
6635
6635
6792
6792
6792
6792
6792
6795
6795
6949
6949
6949
6949
6949
6949
6949
6949
6949
6949
1381
1995
2609
3221
3681
3988
4446
4753
4907
5211
5364
5518
5824
5977
5975
6128
6281
6281
6435
6435
6588
6588
6588
6741
6741
6741
6741
6741
6894
6894
6894
6894
6894
6894
6894
6894
4295
4604
4909
5062
5367
5520
5673
5827
5977
6131
6284
6284
6437
6437
6591
6591
6588
6741
6741
6741
6741
6741
6894
6894
6894
6894
6894
6894
6894
6894
6894
6894
6894
6894
6894
6894
6897
5829
5982
6136
6289
6287
6440
6440
6593
6593
6593
6747
6747
6747
6747
6747
6747
6900
6900
6900
6903
6900
6900
6900
6897
6897
6897
6897
6897
6897
6894
6894
6894
6894
6894
7047
7050
6906
6909
1537
2152
2765
3225
3686
3993
4452
4759
4911
5218
5371
5678
5829
5982
5982
6136
6289
6289
6443
6443
6596
6596
6596
6747
6747
6749
6749
6749
6749
6903
6903
6900
6900
6900
6903
6903
6903
6903
6903
4915
5222
5373
5527
5678
5831
5985
6138
6292
6292
6443
6443
6596
6596
6596
6749
6747
6747
6749
6749
6749
6903
6900
6900
6900
6900
6900
6903
6903
6903
6903
6903
6903
6900
6900
6900
6903
6903
6903
6900
4608
4917
5073
5378
5531
5683
5836
5987
6141
6141
6292
6445
6445
6445
6599
6596
6596
6749
6749
6749
6749
6749
6903
6903
6903
6903
6903
6903
6900
6900
6903
6903
6903
6903
6903
6903
6900
6900
6900
6900
6294
6292
6445
6445
6599
6596
6596
6749
6749
6749
6749
6749
6903
6903
6903
6903
6900
6900
6900
6900
6903
6909
6914
6917
6923
6926
6929
6932
6935
6935
6937
6940
6940
6940
6943
6943
6943
6943
6946
6946
6946
6329
6331
6486
6486
6486
6640
6640
6640
6640
6795
6795
6795
6795
6795
6795
6795
6949
6949
6949
6949
6949
6949
6952
6952
6952
6952
6952
6952
6952
6952
6952
6952
6952
6952
6952
6952
6952
6952
6952
6952
6952
6952
6334
6334
6488
6488
6643
6643
6643
6643
6797
6797
6797
6797
6797
6797
6797
6797
6952
6952
6952
6952
6952
6952
6952
6952
6952
6952
6952
6952
6952
6952
6952
6952
6952
6952
6952
6952
6952
6952
6952
6952
6952
6952
6952
6334
6334
6488
6488
6643
6643
6643
6643
6797
6797
6797
6797
6797
6797
6797
6797
6952
6952
6952
6952
6952
6952
6949
6949
6949
6949
6949
6949
6949
6949
6949
6949
6949
6949
6949
6949
6949
6949
6949
6949
6949
6949
6949
6949
6334
6334
6488
6488
6643
6643
6643
6643
6797
6797
6797
6797
6797
6797
6797
6797
6797
6952
6952
6952
6952
6952
6952
6952
6952
6952
6952
6952
6952
6952
6952
6952
6952
6952
6952
6952
6952
6952
6952
6952
6952
6952
6952
6952
6334
6334
6488
6488
6643
6643
6643
6643
6797
6797
6797
6797
6797
6797
6797
6797
6952
6952
6952
6952
6952
6952
6952
6952
6952
6952
6952
6952
6952
6952
6952
6952
6952
6952
6952
6952
6952
6952
6952
6952
6952
6952
6952
6952
6952
6334
6334
6488
6488
6488
6643
6643
6640
6640
6795
6795
6795
6795
6795
6795
6795
6795
6949
6949
6949
6949
6949
6949
6949
6949
6949
6949
6952
6952
6952
6952
6952
6952
6952
6952
6952
6952
6952
6952
6952
6952
6952
6952
6952
6952
6952
6334
6334
6488
6488
6488
6643
6643
6643
6643
6797
6797
6797
6797
6797
6797
6797
6797
6952
6952
6952
6952
6952
6952
6952
6952
6952
6952
6952
6952
6952
6952
6952
6952
6952
6952
6952
6952
6952
6952
6952
6952
6952
6952
6952
6952
6952
6952
6334
6334
6488
6488
6643
6643
6643
6643
6797
6797
6797
6797
6797
6797
6797
6797
6797
6952
6952
6952
6952
6952
6952
6952
6952
6952
6952
6952
6952
6949
6949
6949
6949
6949
6949
6949
6949
6949
6949
6949
6949
6949
6949
6949
6949
6949
6949
7246
7400
7554
7708
7708
7862
8017
8017
8017
7246
7400
7554
7708
7862
7862
8017
8017
8017
7246
7400
7554
7708
7708
7862
7862
8017
8017
7400
7400
7554
7708
7862
7862
8017
8017
8017
7400
7400
7554
7708
7862
7862
8017
8017
8017
8171
7400
7554
7554
7708
7862
7862
8017
8017
8171
7400
7400
7554
7708
7862
7862
8017
8017
8017
8171
7400
7554
7708
7708
7862
7862
8017
8017
8171
8171
7400
7554
7554
7708
7862
7862
8017
8017
8171
8171
7400
7554
7554
7708
7862
7862
8017
8017
8171
8167
8167
7400
7554
7708
7708
7862
7859
8013
8013
8167
8167
7400
7554
7708
7708
7862
7862
8017
8017
8167
8167
8167
7400
7554
7554
7708
7862
7862
8017
8017
8171
8171
8167
7400
7554
7708
7708
7862
8017
8017
8017
8167
8167
8167
7400
7554
7708
7862
7862
8013
8013
8013
8167
8167
8167
7400
7554
7708
7862
7859
8013
8013
8013
8167
8164
8164
7394
7548
7702
7702
7856
7856
8010
8013
8167
8167
8167
8322
7397
7551
7705
7705
7859
7859
8013
8013
8167
8167
8167
8322
7554
7554
7708
7859
7859
8013
8013
8167
8167
8167
8167
8322
7400
7554
7708
7708
7862
8013
8013
8013
8167
8167
8167
8322
8322
