7234
7391
7545
7545
7699
7853
7853
8007
8007
7240
7394
7548
7702
7702
7856
7856
8010
8010
7243
7394
7548
7702
7702
7856
7856
8010
8010
7243
7397
7551
7705
7702
7699
7692
7689
7840
7836
7833
5992
6300
6451
6755
6906
7059
7056
7210
7363
7360
7513
4604
4913
5220
5524
5831
5982
6289
6443
6747
6900
6900
5987
6141
6292
6445
6596
6749
6900
7053
7207
7207
7357
7510
4602
4911
5215
5676
5829
6133
6440
6593
6747
6897
7050
7204
6289
6443
6749
6900
7053
7053
7204
7357
7357
7510
7510
7664
4448
4757
5218
5524
5829
6136
6289
6440
6747
6900
7053
7050
6138
6289
6443
6747
6900
7053
7050
7204
7357
7357
7510
7510
4602
4755
5062
5522
5829
5980
6287
6440
6593
6897
6897
7050
5831
6136
6289
6593
6747
6900
7053
7050
7204
7357
7357
7510
7507
5060
5520
5673
5977
6284
6593
6747
6900
7053
7204
7204
7357
7357
5369
5676
5982
6133
6440
6593
6747
6900
7050
7204
7204
7357
7357
4448
4602
4909
5369
5678
5982
6289
6440
6593
6747
6897
7050
7204
5369
5676
5980
6287
6440
6593
6744
6897
7050
7204
7357
7354
7507
460
614
921
1842
2455
3221
3681
4293
4753
5058
5518
5822
5975
6281
4293
4446
4907
5211
5671
5824
6128
6435
6588
6741
6891
7044
7198
7198
4907
5213
5518
5824
6131
6281
6588
6741
6891
7044
7198
7198
7351
7351
6177
6331
6331
6486
6486
6486
6640
6640
6640
6640
6795
6795
6795
6797
6797
6797
6797
6797
6797
6952
6949
6940
6935
6929
6923
6920
6917
6914
6912
6909
6909
6906
6903
6903
4143
4450
4604
4909
5215
5367
5520
5671
5824
5975
6128
6281
6281
6435
6432
6585
6585
6585
6738
6738
6738
6738
6738
6738
6891
6891
6891
6891
6891
6891
6891
6888
6888
6888
5364
5518
5668
5822
5975
6126
6279
6279
6432
6432
6585
6585
6585
6585
6735
6735
6735
6735
6735
6888
6888
6888
6888
6888
6888
6888
6888
6888
6888
6888
6888
6888
6888
6888
6888
5058
5215
5373
5531
5841
5846
6002
6159
6161
6318
6472
6475
6478
6632
6635
6635
6635
6792
6792
6792
6792
6792
6792
6795
6795
6949
6949
6949
6949
6949
6949
6949
6949
6949
6949
6949
6177
6331
6334
6488
6488
6488
6643
6643
6643
6797
6797
6797
6797
6797
6797
6797
6797
6952
6952
6952
6952
6952
6952
6952
6952
6952
6952
6952
6952
6952
6952
6952
6952
6952
6952
6952
6952
6179
6334
6334
6488
6488
6643
6643
6643
6643
6797
6797
6797
6797
6797
6797
6797
6797
6797
6952
6952
6952
6952
6952
6952
6952
6952
6952
6952
6952
6952
6952
6952
6952
6952
6952
6952
6952
6179
6334
6334
6488
6488
6643
6643
6643
6643
6797
6797
6797
6797
6797
6797
6797
6797
6797
6952
6952
6952
6952
6952
6952
6952
6952
6952
6952
6952
6952
6952
6952
6952
6952
6952
6952
6952
6952
6179
6334
6334
6488
6488
6643
6643
6643
6643
6797
6797
6797
6797
6797
6797
6797
6797
6797
6952
6952
6952
6952
6952
6952
6952
6952
6952
6952
6952
6952
6952
6952
6952
6952
6952
6952
6952
6952
6952
6179
6334
6334
6488
6488
6488
6643
6643
6643
6643
6797
6797
6797
6797
6797
6797
6797
6797
6952
6952
6952
6952
6952
6952
6952
6952
6952
6952
6952
6952
6952
6952
6952
6952
6952
6952
6952
6952
6952
6179
6334
6334
6488
6488
6488
6643
6643
6643
6643
6797
6797
6797
6797
6797
6797
6797
6797
6952
6952
6952
6952
6952
6952
6952
6952
6952
6952
6952
6952
6952
6952
6952
6952
6952
6952
6952
6952
6952
6952
6179
6334
6334
6488
6488
6488
6643
6643
6643
6643
6797
6797
6797
6797
6797
6797
6797
6797
6797
6952
6952
6952
6952
6952
6952
6952
6952
6952
6952
6952
6952
6952
6952
6952
6952
6952
6952
6952
6952
6952
6952
6179
6334
6334
6488
6488
6643
6643
6643
6643
6643
6797
6797
6797
6797
6797
6797
6797
6797
6952
6952
6952
6952
6952
6952
6952
6952
6952
6952
6952
6952
6952
6952
6952
6952
6952
6952
6952
6952
6952
6952
6952
6952
6179
6334
6334
6488
6488
6488
6643
6643
6643
6643
6797
6797
6797
6797
6797
6797
6797
6797
6952
6949
6949
6952
6949
6949
6949
6952
6952
6952
6952
6949
6952
6952
6949
6952
6952
6952
6952
6952
6952
6952
6952
6952
6179
6334
6334
6488
6488
6488
6643
6643
6643
6643
6797
6797
6797
6797
6797
6797
6797
6797
6952
6952
6952
6952
6952
6952
6952
6952
6952
6952
6952
6952
6952
6952
6952
6952
6952
6952
6952
6952
6952
6952
6952
6952
6952
6179
6334
6334
6488
6488
6488
6643
6643
6643
6643
6797
6797
6797
6797
6797
6797
6797
6797
6952
6952
6952
6952
6952
6952
6952
6952
6952
6952
6952
6952
6952
6952
6952
6952
6952
6952
6952
6952
6952
6952
6952
6952
6952
6952
6179
6334
6334
6488
6488
6488
6643
6643
6643
6643
6797
6797
6797
6797
6797
6797
6797
6797
6797
6952
6952
6952
6952
6952
6952
6952
6952
6952
6952
6952
6952
6952
6952
6952
6952
6952
6952
6952
6952
6952
6952
6952
6952
6952
6952
6179
6334
6334
6488
6488
6488
6643
6643
6643
6643
6797
6797
6797
6797
6797
6797
6797
6797
6797
6952
6952
6952
6952
6952
6952
6952
6952
6952
6952
6952
6952
6952
6952
6952
6952
6952
6952
6952
6952
6952
6952
6952
6952
6952
6952
6179
6334
6334
6488
6488
6488
6643
6643
6643
6643
6797
6797
6797
6797
6797
6797
6797
6797
6952
6952
6952
6952
6952
6952
6952
6952
6952
6952
6952
6952
6952
6952
6952
6952
6952
6952
6952
6952
6952
6952
6952
6952
6952
6952
6952
6952
6179
6334
6334
6488
6488
6488
6643
6643
6640
6795
6795
6795
6795
6795
6795
6795
6795
6795
6949
6949
6949
6949
6949
6949
6949
6949
6949
6949
6949
6949
6949
6949
6949
6949
6949
6949
6952
6952
6952
6952
6952
6952
6952
6952
6952
6952
6952
6179
6334
6334
6488
6488
6488
6643
6643
6643
6643
6797
6797
6797
6797
6797
6797
6797
6797
6952
6952
6952
6952
6952
6952
6952
6952
6952
6952
6952
6952
6952
6952
6952
6952
6952
6952
6952
6952
6952
6952
6952
6952
6952
6952
6952
6952
6952
6637
6792
6946
6946
7100
7100
7255
7255
7255
7406
7406
7406
7406
7406
7560
6637
6792
6946
6946
7100
7100
7255
7255
7255
7409
7406
7406
7406
7406
7560
6637
6792
6946
6946
7100
7100
7255
7255
7255
7406
7406
7406
7406
7406
7560
6637
6792
6946
6946
7100
7100
7252
7252
7252
7406
7406
7406
7406
7406
7560
6637
6792
6943
6943
7097
7097
7252
7252
7252
7406
7406
7406
7406
7406
7560
7560
6637
6792
6946
6946
7100
7100
7255
7255
7252
7406
7406
7406
7406
7406
7560
7560
6637
6792
6946
6946
7100
7100
7255
7255
7252
7406
7406
7406
7406
7406
7560
7560
6792
6792
6946
6946
7100
7100
7255
7255
7255
7409
7406
7406
7406
7560
7560
7560
7560
6792
6792
6946
6946
7100
7100
7255
7255
7255
7406
7406
7406
7406
7560
7560
7560
7560
6792
6792
6946
6946
7100
7100
7255
7255
7255
7406
7406
7406
7406
7560
7560
7560
7560
6792
6792
6946
6946
7100
7097
7252
7252
7252
7406
7406
7406
7406
7560
7560
7560
7560
7560
6792
6789
6943
6943
7097
7097
7252
7252
7252
7406
7406
7406
7406
7560
7560
7560
7560
7560
6792
6792
6946
7100
7100
7100
7255
7255
7252
7406
7406
7406
7406
7560
7560
7560
7560
7560
6792
6792
6946
6946
7100
7100
7255
7255
7255
7409
7406
7406
7406
7560
7560
7560
7560
7560
7560
6792
6792
6946
7100
7100
7255
7255
7255
7406
7406
7406
7406
7406
7560
7560
7560
7560
7560
7560
6792
6792
6946
7100
7100
7255
7255
7255
7409
7406
7406
7406
7406
7560
7560
7560
7560
7560
7560
6792
6792
6946
7100
7100
7100
7255
7252
7252
7406
7406
7406
7406
7560
7560
7560
7560
7560
7560
6792
6789
6943
7097
7097
7252
7252
7252
7406
7406
7406
7406
7406
7560
7560
7560
7560
7560
7560
7560
6792
6792
6946
7100
7100
7255
7255
7255
7406
7406
7406
7406
7406
7560
7560
7560
7560
7560
7560
7560
6792
6792
6946
7100
7100
7255
7255
7255
7409
7406
7406
7406
7406
7560
7560
7560
7560
7560
7560
7560
