7222
7529
7836
8140
8294
7378
7686
7990
8144
8451
7535
7840
8147
8297
8451
7689
7993
8147
8455
8605
7689
7993
8301
8455
8605
7843
7993
8301
8455
8608
7843
8150
8301
8455
8608
7843
8150
8301
8455
8762
7843
8150
8301
8455
8762
7843
8150
8301
8455
8608
8758
7843
8150
8301
8455
8608
8758
7843
8150
8301
8608
8758
8912
7997
8147
8455
8608
8758
8912
7997
8147
8455
8608
8758
8912
7997
8301
8455
8608
8758
8912
7997
8301
8455
8608
8758
8912
7997
8301
8455
8608
8758
8912
7997
8301
8455
8608
8758
8912
7997
8301
8455
8608
8758
8912
8150
8301
8455
8608
8758
8912
7243
7397
7551
7705
7702
7856
7856
8010
8010
7243
7397
7551
7705
7702
7856
7853
7846
7843
7689
5226
5534
5839
6144
6297
6602
6752
6906
7056
7210
7210
5990
6297
6448
6448
6599
6752
6752
6903
6903
7056
7210
7207
4450
4606
4761
5222
5527
5834
6138
6292
6596
6749
6903
5527
5834
6141
6292
6599
6749
6903
7056
7207
7207
7360
6294
6599
6599
6752
6903
7056
7210
7207
7360
7360
7513
7513
3991
3993
3995
4152
4458
4763
5222
5529
5834
6138
6292
6596
5220
5527
5831
6138
6289
6596
6747
6900
7053
7053
7207
7360
5215
5522
5827
6133
6287
6593
6747
6903
7053
7207
7360
7360
4757
5218
5527
5834
5985
6292
6443
6596
6903
6900
7053
7207
5985
6138
6443
6596
6747
6900
7053
7207
7204
7357
7357
7510
4909
4909
5369
5673
5980
6287
6443
6752
6903
7056
7053
7207
7360
4911
5220
5680
5831
6138
6443
6596
6749
6900
7053
7207
7207
7360
5985
6138
6292
6443
6596
6749
6749
6903
7056
7053
7207
7360
7360
7360
4604
4909
5215
5522
5829
6133
6443
6599
6749
6903
7056
7207
7207
4757
5064
5527
5836
6146
6456
6764
6920
7077
7231
7388
7542
463
463
617
772
771
1080
1695
2465
3233
3846
4306
4919
5224
5683
5987
6294
4456
4611
4767
5228
5687
5992
6300
6604
6755
7062
7213
7366
7516
5376
5834
6141
6445
6599
6909
7062
7216
7366
7520
7670
7823
7823
7545
7699
8007
8157
8311
7545
7699
8007
8157
8311
7545
7853
8007
8157
8465
7545
7853
8003
8157
8465
7545
7853
8007
8311
8465
7545
7853
8007
8311
8465
8619
7699
7853
8161
8315
8465
8619
7699
7853
8161
8315
8465
8619
7699
7853
8161
8315
8465
8619
7699
8007
8161
8311
8465
8619
7699
8007
8161
8311
8465
8619
7699
8007
8161
8311
8465
8619
7699
7699
7853
8161
8465
8773
7853
8161
8465
8619
8927
9077
8161
8465
8619
8927
9077
9231
8315
8465
8773
8927
9077
9231
8311
8619
8773
8923
9231
9385
9385
8465
8619
8773
9081
9231
9385
9539
8465
8619
8927
9077
9231
9385
9539
8465
8619
8923
9077
9231
9385
9535
