6172
6326
6326
6480
6480
6480
6637
6637
6637
6637
6792
6792
6786
6780
6775
6769
6920
6917
6914
6912
6909
6906
6903
6903
6900
6897
6897
6897
6894
6894
6894
6891
6891
5824
5977
6128
6128
6281
6432
6432
6432
6585
6585
6585
6738
6738
6735
6735
6735
6888
6888
6888
6888
6888
6888
6888
6891
6891
6891
6891
6891
6891
6888
6888
6888
6888
7042
4446
4753
5060
5211
5518
5668
5822
5975
6128
6126
6279
6432
6432
6432
6585
6582
6582
6735
6735
6735
6735
6735
6888
6888
6888
6888
6888
6888
6888
6888
6888
6888
6888
6888
6888
5977
5977
6128
6281
6281
6435
6432
6588
6585
6585
6738
6738
6738
6735
6735
6888
6888
6888
6888
6888
6888
6888
6888
6888
6888
6888
6888
6888
6888
6888
7042
7042
7042
7042
7042
1228
1841
2455
3068
3528
3988
4293
4600
4907
5211
5364
5518
5671
5824
5977
6128
6281
6281
6435
6435
6588
6588
6588
6741
6741
6741
6741
6741
6894
6894
6894
6894
6894
6894
6894
6894
4446
4757
5066
5218
5524
5676
5829
5980
6133
6133
6287
6287
6437
6437
6591
6591
6591
6744
6744
6744
6741
6741
6894
6894
6894
6894
6894
6894
6894
6894
6894
6894
6894
6894
6894
6894
5829
5980
6133
6287
6284
6437
6437
6591
6591
6591
6744
6744
6744
6741
6741
6894
6894
6894
6894
6894
6894
6894
6894
6894
6894
6894
6894
6894
6894
6894
6894
7047
7047
7047
7047
7047
7047
5827
5980
6131
6131
6284
6437
6437
6591
6591
6596
6602
6761
6764
6769
6772
6775
6778
6778
6935
6937
6937
6940
6940
6943
6943
6943
6946
6946
6946
6946
6946
6949
6949
6949
6949
6949
6949
6949
1384
2152
2613
3226
3686
3993
4452
4759
4911
5220
5371
5524
5831
5985
5982
6136
6289
6289
6443
6443
6596
6596
6596
6749
6749
6749
6749
6749
6747
6900
6900
6900
6900
6903
6903
6903
6903
6903
6900
5376
5527
5680
5834
5985
6138
6292
6292
6445
6445
6599
6596
6596
6596
6749
6749
6749
6749
6749
6903
6903
6903
6903
6903
6903
6903
6903
6903
6903
6903
6903
6903
6903
6903
6903
6903
6903
6903
7056
4608
4917
5224
5376
5529
5683
5834
5987
6141
6292
6292
6445
6445
6599
6599
6596
6749
6749
6749
6749
6749
6749
6903
6903
6903
6903
6903
6900
6900
6903
6903
6903
6900
6900
6900
6900
6900
6900
6900
7053
4452
4759
5064
5218
5527
5683
5836
5987
6141
6141
6292
6292
6445
6443
6596
6596
6596
6749
6749
6749
6749
6749
6903
6903
6903
6906
6912
6914
6920
6923
6926
6929
6932
6935
6937
6937
6940
6940
6943
6943
6943
6329
6329
6483
6486
6486
6640
6640
6640
6795
6795
6795
6795
6795
6795
6795
6949
6949
6952
6952
6952
6952
6952
6952
6952
6952
6952
6952
6952
6952
6952
6952
6952
6952
6952
6952
6952
6952
6952
6952
6952
6952
6952
6334
6334
6488
6488
6643
6643
6643
6643
6797
6797
6797
6797
6797
6797
6797
6952
6952
6952
6952
6952
6952
6952
6952
6952
6952
6952
6952
6952
6952
6952
6952
6952
6952
6949
6949
6949
6949
6949
6949
6949
6949
6949
6949
6331
6331
6486
6486
6640
6640
6643
6643
6797
6797
6797
6797
6797
6797
6797
6952
6952
6952
6952
6952
6952
6952
6952
6952
6952
6952
6952
6952
6952
6952
6952
6952
6952
6952
6952
6952
6952
6952
6952
6952
6952
6952
6952
6334
6334
6488
6488
6643
6643
6643
6643
6797
6797
6797
6797
6797
6797
6797
6797
6952
6952
6952
6952
6952
6952
6952
6952
6952
6952
6952
6952
6952
6952
6952
6952
6952
6952
6952
6952
6952
6952
6952
6952
6952
6952
6952
6952
6334
6334
6488
6488
6643
6643
6643
6643
6797
6797
6797
6797
6797
6797
6795
6795
6946
6946
6946
6946
6946
6946
6946
6946
6946
6949
6949
6949
6949
6949
6949
6949
6949
6949
6949
6949
6949
6949
6949
6949
6949
6949
6949
6949
6949
6334
6334
6488
6488
6643
6643
6643
6643
6797
6797
6797
6797
6797
6797
6797
6797
6952
6952
6952
6952
6952
6952
6952
6952
6952
6952
6952
6952
6952
6952
6952
6952
6952
6952
6952
6952
6952
6952
6952
6952
6952
6952
6952
6952
6952
6334
6334
6488
6488
6488
6643
6643
6643
6797
6797
6797
6797
6797
6797
6797
6797
6952
6952
6952
6952
6952
6952
6949
6949
6949
6949
6949
6949
6949
6949
6949
6949
6949
6949
6949
6949
6949
6949
6949
6949
6949
6949
6949
6949
6949
6949
6949
6334
6334
6488
6486
6640
6640
6640
6640
6795
6795
6795
6795
6795
6797
6797
6797
6952
6952
6952
6952
6952
6952
6952
6952
6952
6952
6952
6952
6952
6952
6952
6952
6952
6952
6952
6952
6952
6952
6952
6952
6952
6952
6952
6952
6952
6952
6952
8157
8465
8619
8923
9077
8157
8465
8769
8923
9077
8311
8465
8769
8923
9077
8311
8465
8769
8923
9077
8311
8619
8769
9077
9231
8311
8619
8769
8923
9231
8465
8619
8923
9077
9231
8465
8619
8923
9077
9231
8465
8619
8923
9077
9231
8465
8615
8923
9077
9231
9381
8465
8769
8923
9077
9227
8465
8769
8923
9077
9231
9381
8465
8769
8923
9077
9231
9385
8465
8773
8923
9077
9231
9385
8619
8769
9077
9231
9385
9539
8619
8773
8923
9231
9385
9385
8619
8769
9077
9231
9385
9539
8619
8923
9077
9231
9385
9539
8773
8923
9077
9231
9385
9535
8769
8923
9077
9231
9381
9535
