5373
5680
6138
6445
6906
7213
5683
5987
6141
6292
6599
6752
6749
6903
5987
6448
6909
7216
7673
5685
5836
6141
6448
6599
6752
6903
7056
6138
6599
7059
7213
7210
7363
7516
5680
5987
6138
6445
6596
6903
7210
5680
5987
6292
6445
6596
6749
6900
7053
7207
5831
6292
6752
7213
7520
7673
5070
5224
5376
5680
5987
6292
6445
6749
6141
6448
6752
6906
7056
7056
7210
7360
7360
5373
5373
5834
6292
6752
7059
7059
7059
7210
5376
5680
5834
6138
6292
6443
6596
6903
7213
7210
5376
5680
5987
6138
6445
6596
6749
6903
7053
7053
6138
6445
6596
6749
6903
7056
7207
7207
7360
7360
5373
5678
5985
6445
6752
6749
6903
6903
7053
7053
5678
5831
6136
6289
6443
6749
7056
7210
7210
7210
5220
5527
5831
5985
6136
6289
6443
6903
7210
7210
7207
5373
5678
5985
6138
6289
6443
6596
6596
6747
7053
7363
5527
5680
5985
6138
6292
6443
6596
6596
6749
6900
6900
7053
6448
6599
6599
6749
6903
6903
7056
7053
7053
7207
7207
7207
7542
7846
8000
8308
8458
7542
7846
8000
8308
8458
7542
7846
8154
8304
8458
7692
7846
8154
8304
8612
7692
8000
8154
8458
8612
7696
8000
8154
8458
8612
7696
8000
8308
8458
8612
7696
8000
8308
8458
8612
7849
8000
8308
8462
8612
7849
8000
8308
8462
8612
8766
7849
8000
8308
8462
8612
8766
7849
8000
8308
8462
8612
8766
7849
8000
8308
8462
8612
8766
7849
8154
8308
8458
8612
8766
7849
8154
8308
8458
8766
8919
7846
8154
8308
8612
8766
8919
8000
8154
8462
8612
8766
8919
8000
8154
8462
8612
8766
8919
8000
8154
8462
8612
8766
8919
8000
8154
8462
8612
8766
8919
6637
6792
6946
6946
7100
7100
7255
7255
7252
7406
7406
7406
7406
7406
7560
6637
6792
6946
6946
7100
7100
7255
7255
7255
7406
7406
7406
7406
7560
7560
6637
6792
6946
6943
7097
7097
7252
7252
7252
7406
7406
7406
7406
7560
7560
6637
6789
6943
6943
7097
7097
7252
7252
7252
7406
7406
7406
7406
7560
7560
6792
6792
6946
6946
7097
7097
7252
7252
7252
7406
7406
7406
7406
7560
7560
7560
6792
6792
6946
7100
7100
7100
7255
7255
7255
7406
7406
7406
7406
7560
7560
7560
6792
6792
6946
6946
7100
7100
7255
7255
7255
7409
7406
7406
7406
7560
7560
7560
6792
6792
6946
7100
7100
7100
7255
7255
7255
7406
7406
7406
7406
7560
7560
7560
7560
6792
6792
6943
7092
7089
7237
7234
7231
7382
7378
7375
7529
7526
7526
7523
7523
7523
6607
6761
6912
7065
7062
7216
7213
7213
7366
7366
7363
7363
7516
7516
7516
7516
7520
5683
5834
6141
6294
6445
6599
6752
6906
6903
7056
7056
7210
7216
7369
7366
7366
7366
4609
4917
5222
5529
5834
5987
6141
6451
6607
6610
6764
6914
7065
7065
7219
7216
7216
7369
5378
5683
5836
6141
6294
6451
6607
6758
6912
6909
7062
7062
7216
7213
7366
7366
7366
7366
5529
5683
5990
6144
6297
6451
6602
6755
6909
7059
7059
7213
7213
7213
7363
7363
7363
7516
6602
6602
6752
6906
7059
7059
7210
7210
7210
7363
7363
7363
7516
7516
7516
7513
7516
7516
5680
5987
6138
6292
6445
6599
6749
6903
7056
7056
7210
7210
7210
7366
7366
7366
7520
7520
7516
5529
5680
5987
6141
6292
6445
6599
6752
6906
7059
7062
7216
7216
7213
7366
7366
7366
7520
7520
4917
5222
5529
5834
5987
6144
6300
6456
6607
6761
6912
7065
7062
7216
7216
7216
7366
7366
7366
7520
5529
5683
5987
6144
6300
6456
6613
6769
6926
6929
7083
7086
7240
7243
7243
7400
7400
7400
7400
7557
465
465
620
620
775
775
775
930
930
930
929
929
1084
1084
1084
1084
1084
1084
1084
1084
1084
1084
1084
1084
1084
1084
1239
1239
1239
1239
1239
1239
1239
1239
1239
1239
1239
1239
1239
1239
1239
1239
1239
1239
1239
1239
1239
1239
1239
1239
1239
1239
1239
1239
1239
1239
1239
1239
1239
1239
1239
1239
1239
1239
1239
1239
1239
1239
1239
1239
1239
1239
1239
1239
1239
1239
1239
1239
1239
1239
1239
1239
1239
1239
1239
