6172
6326
6326
6480
6480
6483
6637
6637
6637
6637
6792
6792
6792
6792
6792
6792
6792
6789
6937
6935
6929
6926
6920
6920
6917
6914
6912
6909
6906
6906
6903
6903
6903
6900
5834
5834
5985
6138
6289
6289
6443
6443
6593
6593
6593
6744
6744
6744
6744
6744
6744
6897
6897
6897
6894
6894
6894
6894
6894
6894
6894
6894
6894
6894
6894
6894
6894
6894
4755
5064
5215
5522
5676
5827
5980
6133
6133
6287
6287
6437
6437
6591
6591
6591
6744
6744
6744
6744
6744
6897
6897
6897
6897
6897
6897
6897
6897
6894
6894
6894
6894
6894
6894
5982
5982
6133
6287
6287
6437
6437
6591
6591
6591
6744
6744
6744
6741
6741
6894
6894
6894
6894
6894
6894
6894
6894
6894
6894
6894
6894
6894
6894
6894
6894
6894
6894
7047
7047
5369
5522
5673
5827
5980
6131
6131
6284
6440
6445
6451
6610
6613
6615
6618
6775
6778
6780
6783
6783
6786
6786
6940
6943
6943
6946
6946
6946
6946
6946
6949
6949
6949
6949
6949
6949
1075
1842
2455
2915
3374
3835
4295
4600
4907
5060
5364
5518
5671
5824
5977
6131
6131
6284
6435
6435
6588
6588
6588
6588
6741
6741
6741
6741
6741
6894
6894
6894
6894
6894
6894
6894
6894
5062
5215
5522
5673
5827
5980
6131
6131
6284
6437
6437
6437
6591
6588
6588
6741
6741
6741
6741
6741
6894
6894
6894
6894
6894
6894
6894
6894
6894
6894
6894
6894
6894
6894
6894
6894
7047
4753
5060
5213
5522
5678
5829
5982
6133
6133
6287
6440
6437
6437
6591
6591
6591
6744
6744
6744
6744
6744
6897
6897
6894
6894
6894
6894
6894
6900
6906
6912
6917
6920
6923
6926
6929
6932
6935
6323
6323
6478
6480
6635
6637
6637
6637
6792
6792
6795
6795
6795
6795
6795
6795
6949
6949
6949
6949
6949
6949
6949
6952
6952
6952
6952
6952
6952
6952
6952
6952
6952
6952
6952
6952
6949
6949
6949
6334
6334
6488
6486
6640
6640
6640
6640
6795
6795
6795
6795
6797
6797
6797
6797
6952
6952
6952
6952
6952
6952
6952
6952
6952
6952
6952
6952
6952
6952
6952
6952
6952
6952
6952
6952
6952
6952
6952
6952
6334
6334
6488
6488
6643
6643
6643
6643
6797
6797
6797
6797
6797
6797
6797
6797
6952
6952
6952
6952
6952
6952
6952
6952
6952
6952
6952
6952
6952
6952
6952
6952
6952
6952
6952
6952
6952
6952
6952
6952
6952
6334
6334
6488
6488
6643
6643
6643
6643
6797
6797
6797
6797
6797
6797
6797
6797
6952
6952
6952
6952
6952
6952
6952
6952
6952
6952
6952
6952
6952
6952
6952
6952
6952
6952
6952
6952
6949
6949
6949
6949
6949
6334
6334
6488
6488
6643
6643
6643
6643
6797
6797
6797
6797
6797
6797
6797
6797
6797
6952
6952
6952
6952
6952
6952
6952
6952
6952
6952
6952
6952
6952
6952
6952
6952
6952
6952
6952
6952
6952
6952
6952
6952
6952
6334
6334
6488
6488
6643
6643
6643
6643
6797
6797
6797
6797
6797
6797
6797
6797
6952
6952
6952
6952
6952
6952
6952
6952
6952
6952
6952
6952
6952
6952
6952
6952
6952
6952
6952
6952
6952
6952
6952
6952
6952
6952
6952
6334
6334
6488
6488
6643
6643
6643
6643
6797
6797
6797
6795
6795
6795
6795
6795
6795
6949
6949
6952
6952
6952
6949
6949
6949
6949
6949
6949
6949
6949
6949
6952
6949
6949
6949
6949
6952
6952
6952
6952
6952
6952
6952
6334
6334
6488
6488
6488
6643
6643
6643
6643
6797
6797
6797
6797
6797
6797
6797
6797
6952
6952
6952
6952
6952
6952
6952
6952
6952
6952
6952
6952
6952
6952
6952
6952
6952
6952
6952
6952
6952
6952
6952
6952
6952
6952
6952
6334
6334
6488
6488
6488
6643
6643
6643
6643
6797
6797
6797
6797
6797
6797
6797
6797
6952
6952
6952
6952
6952
6952
6952
6952
6952
6952
6952
6952
6952
6952
6952
6952
6952
6952
6952
6952
6952
6952
6952
6952
6952
6952
6952
6952
6334
6334
6488
6488
6643
6643
6643
6643
6797
6797
6797
6797
6795
6795
6795
6795
6797
6952
6952
6952
6952
6952
6952
6952
6952
6952
6952
6952
6952
6952
6952
6952
6952
6952
6952
6952
6952
6952
6952
6952
6952
6952
6952
6952
6952
6334
6334
6488
6488
6488
6643
6643
6643
6643
6797
6797
6797
6797
6797
6797
6797
6797
6952
6952
6952
6952
6952
6952
6952
6952
6952
6952
6952
6952
6952
6952
6952
6952
6952
6952
6952
6952
6952
6952
6952
6952
6952
6952
6952
6952
6952
6952
6334
6334
6488
6488
6488
6643
6643
6643
6643
6797
6797
6797
6797
6797
6797
6795
6795
6949
6946
6946
6946
6946
6946
6946
6949
6949
6949
6949
6949
6949
6949
6949
6949
6949
6949
6949
6949
6949
6949
6949
6949
6949
6949
6952
6952
6952
6952
7846
8000
8308
8458
7846
8000
8308
8458
7846
8000
8308
8458
8612
7846
8154
8308
8458
8766
7846
8154
8308
8612
8766
7846
8154
8308
8612
8766
7846
8154
8304
8612
8766
8000
8308
8458
8612
8766
8000
8154
8458
8612
8766
8000
8154
8458
8612
8766
8000
8154
8458
8612
8766
8000
8308
8458
8612
8766
8000
8308
8458
8612
8766
8000
8308
8458
8612
8766
8919
8000
8308
8458
8612
8766
8919
8154
8308
8458
8612
8766
8919
8154
8308
8458
8612
8766
8919
8154
8308
8458
8612
8766
8919
8154
8462
8612
8766
8919
9073
8154
8308
8458
8766
8919
8919
6792
6946
6946
7100
7100
7252
7252
7252
7406
7406
7406
7406
7406
7560
6789
6943
6943
7097
7097
7252
7252
7252
7406
7406
7406
7406
7406
7560
6789
6943
6943
7097
7097
7252
7252
7252
7406
7406
7406
7406
7406
7560
7560
6789
6943
6943
7097
7097
7252
7252
7252
7406
7406
7406
7406
7406
7560
7560
6789
6943
6943
7097
7097
7252
7252
7252
7406
7406
7406
7406
7406
7560
7560
7560
6789
6943
6943
7097
7097
7252
7252
7252
7406
7406
7406
7406
7560
7560
7560
7560
6789
6943
6943
7097
7097
7252
7252
7252
7406
7406
7406
7406
7560
7560
7560
7560
6789
6943
6943
7097
7097
7252
7252
7252
7406
7406
7406
7406
7406
7560
7560
7560
7560
6789
6943
6943
7097
7097
7252
7252
7252
7406
7406
7406
7406
7560
7560
7560
7560
7560
6792
6946
7100
7100
7100
7252
7252
7252
7406
7406
7406
7406
7560
7560
7560
7560
7560
6792
6946
6946
7100
7100
7252
7252
7252
7406
7406
7406
7406
7560
7560
7560
7560
7560
6789
6943
6943
7097
7097
7252
7252
7252
7406
7406
7406
7406
7560
7560
7560
7560
7560
7560
6789
6943
6943
7097
7097
7252
7252
7252
7406
7406
7406
7406
7560
7560
7560
7560
7560
7560
6792
6946
6943
7097
7097
7252
7252
7252
7406
7406
7406
7406
7560
7560
7560
7560
7560
7560
6792
6946
6946
7100
7100
7255
7252
7252
7406
7406
7406
7406
7560
7560
7560
7560
7560
7560
7560
6792
6946
7100
7100
7252
7252
7252
7406
7406
7406
7406
7406
7560
7560
7560
7560
7560
7560
7560
6792
6946
7100
7100
7255
7252
7252
7406
7406
7406
7406
7406
7560
7560
7560
7560
7560
7560
7560
6943
6943
7097
7097
7252
7252
7252
7406
7406
7406
7406
7406
7560
7560
7560
7560
7560
7560
7560
6789
6943
7097
7097
7252
7252
7252
7406
7406
7406
7406
7406
7560
7560
7560
7560
7560
7560
7560
7560
6789
6943
7097
7097
7252
7252
7252
7406
7406
7406
7406
7406
7560
7560
7560
7560
7560
7560
7560
7560
