464
619
774
1083
1238
1393
1548
1702
1857
1857
2011
2011
2166
2166
2321
2321
2321
2476
2476
2476
2476
2476
2476
2630
2321
2321
2476
2476
2476
2476
2476
2476
2630
2630
2630
2630
2630
2630
2630
2630
2630
2630
2630
2630
2630
2630
2630
2630
2476
2476
2476
2476
2476
2476
2630
2630
2630
2630
2630
2630
2630
2630
2630
2630
2630
2630
2630
2630
2630
2630
2630
2630
2630
2476
2476
2476
2476
2476
2476
2630
2630
2630
2630
2630
2630
2630
2630
2630
2630
2630
2630
2630
2630
2630
2630
2630
2630
2630
2475
2475
2475
2475
2476
2630
2630
2630
2630
2630
2630
2630
2630
2630
2630
2630
2630
2630
2630
2630
2630
2630
2630
2630
2630
2630
2476
2476
2476
2476
2476
2476
2630
2630
2630
2630
2630
2630
2630
2630
2630
2630
2630
2630
2630
2630
2630
2630
2630
2630
2630
2630
2476
2476
2476
2476
2476
2476
2630
2630
2630
2630
2630
2630
2630
2630
2630
2630
2630
2630
2630
2630
2630
2630
2630
2630
2630
2630
2630
2476
2476
2476
2476
2476
2630
2630
2630
2630
2630
2630
2630
2785
3248
3865
4174
4636
4945
5252
5561
5870
5407
5407
5713
5868
6177
6331
6486
6637
6792
6792
6946
7100
7100
7100
7255
7252
7252
6637
6637
6792
6946
6943
7097
7097
7252
7252
7252
7406
7406
7406
7406
7406
7560
7560
6637
6792
6946
6946
7100
7100
7255
7255
7252
7406
7406
7406
7406
7560
7560
7560
7560
7560
6792
6792
6946
6946
7100
7100
7255
7255
7252
7406
7406
7406
7406
7560
7560
7560
7560
7560
6792
6792
6946
6946
7100
7100
7255
7255
7255
7406
7406
7406
7406
7560
7560
7560
7560
7560
6792
6792
6946
7100
7100
7100
7255
7255
7409
7406
7406
7406
7406
7560
7560
7560
7560
7560
6789
6789
6943
6940
7095
7095
7249
7249
7249
7403
7403
7406
7406
7560
7560
7560
7560
7560
7560
6789
6789
6943
7097
7097
7252
7252
7252
7406
7406
7406
7406
7406
7560
7560
7560
7560
7560
7560
6792
6792
6946
7100
7097
7097
7252
7252
7406
7406
7406
7406
7406
7560
7560
7560
7560
7560
7560
6792
6792
6946
7100
7100
7255
7255
7255
7409
7406
7406
7406
7406
7560
7560
7560
7560
7560
7560
7560
6792
6792
6946
7100
7100
7255
7255
7255
7406
7406
7406
7406
7406
7560
7560
7560
7560
7560
7560
7560
6792
6946
6943
7097
7097
7252
7252
7252
7406
7406
7406
7406
7406
7560
7560
7560
7560
7560
7560
7560
7542
7846
8000
8308
8458
7542
7849
8000
8308
8458
7542
7846
8154
8308
8458
7696
7846
8154
8308
8612
7696
8000
8154
8308
8612
7696
8000
8154
8462
8612
7696
8000
8154
8458
8612
7846
8000
8308
8458
8612
7846
8000
8304
8458
8612
7846
8000
8308
8458
8612
8766
7849
8000
8308
8462
8612
8766
7849
8000
8308
8462
8612
8766
7849
8154
8308
8458
8612
8766
7846
8154
8308
8458
8612
8766
7849
8154
8308
8458
8766
8766
7846
8154
8308
8458
8612
8766
8000
8154
8308
8612
8766
8919
8000
8154
8462
8612
8766
8919
8000
8154
8462
8612
8766
8919
8000
8154
8462
8612
8766
8919
7095
7249
7400
7554
7708
7708
7862
8017
8017
7095
7249
7400
7554
7708
7708
7862
8017
8017
7249
7403
7400
7554
7708
7862
7862
8017
8017
7249
7400
7554
7554
7708
7862
7862
8017
8017
8017
7246
7400
7554
7554
7708
7862
7862
8017
8017
8017
7249
7403
7554
7554
7708
7862
7862
8017
8017
8171
7249
7403
7554
7554
7708
7862
7862
8017
8017
8171
7249
7403
7554
7708
7708
7862
7862
8017
8017
8171
7249
7403
7554
7708
7708
7862
7862
8017
8017
8171
8171
7249
7403
7554
7708
7708
7862
7862
8017
8017
8171
8171
7249
7403
7554
7708
7708
7862
7862
8017
8017
8171
8171
7249
7403
7554
7708
7708
7862
7862
8017
8017
8171
8171
7249
7400
7554
7708
7708
7862
7862
8017
8017
8171
8167
7246
7400
7554
7708
7708
7862
7862
8017
8017
8167
8167
7246
7400
7554
7708
7708
7862
8017
8017
8017
8171
8171
8171
7403
7400
7554
7708
7862
7862
8017
8017
8017
8171
8171
8171
7403
7403
7554
7708
7862
7862
8017
8017
8017
8171
8171
8171
7403
7403
7554
7708
7862
7862
8017
8017
8017
8171
8171
8171
7249
7403
7554
7708
7862
7862
8017
8017
8017
8171
8171
8171
7403
7403
7554
7708
7862
7862
8017
8017
8017
8171
8171
8171
8325
8007
8161
8465
8773
8927
8007
8315
8465
8773
8927
8007
8315
8619
8773
8927
8007
8315
8619
8773
8927
8007
8315
8619
8773
9081
8161
8311
8619
8773
9077
8161
8465
8619
8927
9077
9231
8161
8465
8619
8927
9077
9231
8161
8465
8773
8927
9077
9231
8315
8465
8773
8927
9077
9231
8315
8465
8773
8927
9077
9231
8315
8465
8773
8927
9077
9231
8311
8462
8769
8919
9073
9227
8308
8615
8769
8923
9227
9381
8311
8615
8769
8923
9231
9381
8311
8619
8769
9077
9231
9385
8311
8619
8773
9077
9231
9385
9539
8465
8619
8927
9077
9231
9385
9539
8465
8619
8927
9077
9231
9385
9539
8465
8619
8927
9077
9231
9385
9539
