7240
7394
7548
7548
7702
7856
7856
8010
8010
7243
7397
7551
7705
7702
7856
7856
8010
8010
7243
7397
7551
7705
7705
7859
7856
8010
8010
7243
7397
7551
7705
7705
7859
7856
8010
8010
8164
7243
7397
7551
7705
7705
7859
8010
8010
8010
8164
7243
7397
7551
7705
7859
7859
8013
8010
8010
8164
7243
7397
7551
7705
7859
7859
8013
8010
8010
8164
7397
7397
7551
7705
7856
7856
8010
8010
8164
8164
7397
7397
7548
7702
7856
7856
8010
8010
8164
8164
8164
7397
7551
7551
7705
7856
7856
8010
8010
8164
8164
8164
7397
7551
7551
7705
7859
7859
8010
8010
8164
8164
8164
7397
7551
7551
7705
7859
7859
8010
8010
8164
8164
8164
7397
7551
7551
7705
7859
7859
8010
8010
8164
8164
8164
7397
7551
7551
7705
7859
7859
8010
8010
8164
8164
8164
8318
7397
7551
7705
7705
7859
7859
8010
8010
8164
8164
8164
8318
7397
7551
7705
7705
7859
7859
8010
8010
8164
8164
8164
8318
7397
7551
7705
7705
7859
7859
8010
8010
8164
8164
8164
8318
7397
7551
7705
7702
7856
7856
8010
8010
8164
8164
8164
8318
7397
7548
7702
7702
7856
7856
8010
8010
8164
8164
8164
8318
7397
7548
7702
7702
7856
8010
8010
8010
8164
8164
8164
8318
8318
8154
8304
8612
8766
9069
8154
8458
8612
8608
8301
8144
7987
7833
5683
5990
6141
6138
6292
6443
6443
6593
6593
6747
5376
5990
6451
6912
7375
6766
7228
7686
7993
8301
7538
7846
8154
8458
8612
7849
8154
7997
7840
7836
7680
7676
7523
7520
7520
6448
6602
6599
6749
6749
6749
6747
6900
6900
6897
6897
4143
4297
4604
4909
5215
5367
5673
5827
5977
6131
6131
3835
4142
4602
5062
5367
5520
5673
5827
5980
6131
6284
5062
5369
5520
5673
5827
5980
6131
6284
6437
6437
6591
6591
4140
4293
4755
5215
5367
5520
5673
5980
5977
6131
6284
5215
5369
5522
5827
5980
5980
6131
6284
6437
6437
6591
6591
4140
4293
4600
5215
5520
5673
5827
5980
6133
6284
6284
6437
4909
5062
5369
5520
5673
5827
5977
6131
6284
6437
6437
6591
6588
3986
4140
4446
5060
5367
5520
5824
5977
5977
6131
6284
6284
4450
4602
4909
5215
5369
5520
5673
5827
5827
5980
5980
6133
6133
6287
3528
3988
4602
5218
5522
5676
5829
5980
6133
6287
6287
6437
462
616
924
1847
2771
3694
4307
4767
5073
5378
3996
4150
4456
4915
5220
5527
5834
6294
6445
6599
6752
6637
6789
6943
6943
7097
7097
7252
7252
7252
7406
7403
7400
7394
7545
5541
5692
5997
6149
6300
6453
6607
6764
6917
6914
7065
7065
7216
7216
7369
5531
5836
5990
6141
6451
6607
6607
6758
6912
7062
7062
7216
7213
7213
7366
5529
5683
5990
6146
6300
6451
6604
6755
6909
6909
7059
7059
7213
7213
7366
5683
5836
6144
6294
6448
6602
6752
6906
6906
7059
7056
7210
7210
7363
7363
7363
5376
5680
5987
6141
6292
6445
6599
6752
6906
6903
7056
7056
7216
7216
7369
7366
5529
5836
5987
6141
6448
6599
6752
6752
6906
7059
7062
7216
7216
7216
7366
7366
5376
5683
5836
6141
6294
6448
6599
6755
6912
6909
7062
7062
7216
7213
7366
7366
7366
5683
5987
6141
6294
6448
6602
6758
6912
6909
7062
7062
7213
7213
7366
7366
7366
7366
5376
5683
5987
6144
6297
6451
6604
6755
6909
6909
7059
7059
7213
7213
7366
7363
7363
5531
5687
5992
6144
6297
6448
6602
6755
6906
7059
7059
7213
7210
7210
7363
7363
7363
6602
6755
6906
6906
7059
7059
7210
7210
7363
7363
7363
7363
7516
7516
7516
7513
7513
7516
4915
5222
5376
5680
5987
6141
6292
6445
6599
6752
6906
7056
7059
7216
7222
7222
7372
7372
4765
5073
5378
5683
5836
6144
6294
6448
6602
6752
6909
6914
7071
7068
7222
7219
7372
7369
5378
5685
5836
6144
6294
6448
6602
6752
6906
6909
7065
7062
7216
7216
7366
7366
7366
7366
7520
5529
5834
5987
6292
6445
6599
6752
6755
6912
7068
7074
7228
7231
7234
7391
7391
7394
7394
7551
6629
6783
6937
6940
7095
7095
7249
7249
7249
7403
7403
7403
7403
7557
7557
7560
7560
7560
7560
6789
6943
6943
7097
7097
7252
7252
7252
7406
7406
7406
7406
7560
7560
7560
7560
7560
7560
7560
7560
6792
6946
6946
7100
7100
7255
7255
7252
7406
7406
7406
7406
7560
7560
7560
7560
7560
7560
7560
7560
6792
6946
6946
7100
7100
7255
7255
7252
7406
7406
7406
7406
7560
7560
7560
7560
7560
7560
7560
7560
