5839
5990
6294
6602
6906
7059
7210
7363
7516
6755
6909
7062
7366
7366
7516
7670
7823
7820
5987
6294
6448
6755
6912
7068
7222
7372
7523
6144
6451
6602
6906
7059
7213
7363
7516
7673
7676
6914
7068
7225
7375
7526
7676
7830
7827
7980
7977
5990
6294
6599
6752
7059
7216
7372
7526
7523
7673
5836
6144
6448
6755
6906
7059
7210
7363
7516
7673
6912
7065
7216
7369
7520
7673
7823
7823
7973
7973
5987
6294
6604
6755
7059
7213
7363
7516
7516
7667
7820
5834
6138
6448
6755
6906
7059
7213
7363
7516
7667
7820
5222
5527
5834
6144
6453
6758
6912
7062
7213
7366
7516
5529
5834
6141
6445
6599
6909
7062
7213
7366
7516
7670
5834
6138
6445
6596
6903
7056
7213
7366
7516
7670
7823
5680
5987
6292
6599
6749
7056
7207
7363
7520
7670
7670
5834
6138
6445
6596
6903
7053
7207
7360
7513
7670
7823
7823
5680
6141
6292
6599
6903
7056
7210
7360
7513
7667
7670
7823
5836
6141
6445
6752
6903
7056
7210
7360
7513
7667
7820
7820
7059
7213
7363
7516
7670
7667
7820
7973
7970
8123
8123
8123
6138
6445
6602
6906
7056
7210
7363
7513
7667
7820
7820
7970
5831
6138
6445
6755
6909
7059
7213
7363
7516
7667
7820
7820
7973
