6629
6629
6783
6940
6940
7095
7095
7249
7249
7249
7403
7403
7403
7403
7557
6632
6786
6940
6940
7095
7095
7249
7249
7249
7403
7403
7403
7403
7557
7557
6632
6786
6940
6940
7095
7095
7249
7249
7249
7403
7403
7403
7403
7403
7557
6632
6786
6786
6940
7095
7095
7095
7249
7249
7403
7403
7400
7400
7400
7554
6786
6786
6940
7095
7095
7249
7249
7249
7403
7403
7403
7403
7403
7557
7557
7557
6632
6786
6940
6940
7095
7095
7249
7249
7249
7403
7403
7403
7403
7403
7557
7557
6632
6786
6940
6940
7095
7095
7249
7249
7249
7403
7403
7403
7403
7557
7557
7557
6632
6786
6940
6940
7095
7095
7249
7249
7249
7403
7403
7403
7403
7403
7557
7557
7557
6632
6786
6940
6940
7095
7095
7249
7249
7249
7403
7403
7403
7403
7557
7557
7557
7557
6632
6786
6940
6940
7095
7095
7249
7249
7249
7403
7403
7403
7403
7557
7557
7557
7557
6632
6786
6786
6940
7095
7095
7249
7249
7249
7403
7400
7400
7400
7397
7551
7551
7551
7551
6629
6783
6937
6937
7092
7092
7246
7246
7246
7400
7400
7400
7400
7554
7554
7554
7554
7554
6632
6786
6940
6940
7095
7095
7249
7249
7249
7403
7403
7403
7403
7557
7557
7557
7557
7557
6632
6786
6786
6940
7095
7095
7249
7249
7249
7403
7403
7403
7403
7403
7557
7557
7557
7557
7557
6786
6786
6940
7095
7095
7249
7249
7249
7403
7403
7403
7403
7403
7557
7557
7557
7557
7557
7557
6632
6786
6940
6940
7095
7095
7249
7249
7249
7403
7403
7403
7403
7403
7557
7557
7557
7557
7557
6632
6786
6940
6940
7095
7095
7249
7249
7249
7403
7400
7400
7400
7554
7554
7554
7554
7554
7554
6786
6786
6940
6940
7095
7095
7249
7249
7249
7403
7403
7403
7403
7557
7557
7557
7557
7557
7557
7557
6632
6786
6940
6940
7095
7095
7249
7249
7249
7403
7403
7403
7403
7557
7557
7557
7557
7557
7557
7557
6786
6940
6940
7095
7095
7249
7249
7249
7403
7403
7403
7403
7557
7557
7557
7557
7557
7557
7557
7557
8000
8308
8458
8766
8919
8000
8308
8462
8766
8919
8000
8308
8615
8766
9073
8000
8308
8612
8766
8919
8154
8462
8612
8919
9073
8154
8462
8612
8919
9073
8154
8462
8612
8919
9073
9227
8154
8462
8612
8919
9073
9227
8154
8462
8766
8919
9073
9227
8154
8462
8612
8919
9073
9227
8308
8462
8766
8919
9073
9227
8308
8615
8766
9073
9227
9377
8308
8615
8766
8919
9073
9227
8462
8612
8766
9073
9227
9377
8308
8612
8766
8919
9223
9377
8462
8612
8919
9073
9223
9377
8308
8612
8766
9073
9223
9377
9531
8462
8612
8919
9073
9227
9377
9531
8462
8612
8919
9073
9227
9377
9531
8462
8615
8919
9073
9227
9377
9531
6174
6174
6329
6329
6483
6483
6637
6637
6637
6637
6792
6792
6792
6792
6792
6792
6792
6792
6792
6946
6946
6946
6946
6946
6946
6946
6946
6946
6946
6946
6946
6946
6946
6946
6177
6331
6331
6486
6486
6486
6637
6637
6637
6637
6792
6792
6792
6792
6792
6792
6792
6792
6792
6946
6946
6946
6946
6946
6946
6946
6946
6946
6946
6946
6946
6946
6946
6946
6177
6177
6331
6331
6486
6486
6486
6640
6640
6637
6637
6792
6792
6792
6792
6792
6792
6792
6792
6792
6946
6946
6946
6946
6946
6946
6946
6946
6946
6946
6946
6946
6946
6946
6946
6174
6174
6329
6329
6483
6483
6483
6637
6637
6637
6637
6792
6792
6792
6792
6792
6792
6792
6792
6943
6943
6943
6940
6940
6943
6943
6943
6943
6943
6943
6943
6943
6943
6946
6946
6946
6174
6174
6329
6329
6483
6483
6637
6637
6637
6637
6792
6792
6792
6792
6792
6792
6792
6792
6792
6946
6946
6946
6946
6946
6946
6946
6946
6946
6946
6946
6946
6946
6946
6946
6946
6946
6946
6177
6331
6331
6486
6486
6486
6640
6640
6637
6637
6792
6792
6792
6792
6792
6792
6792
6792
6792
6946
6946
6940
6935
6932
6929
6923
6923
6920
6917
6914
6912
6912
6909
6909
6909
6906
6906
5222
5373
5680
5831
5985
5985
6136
6292
6289
6443
6443
6596
6593
6593
6593
6747
6747
6747
6747
6747
6900
6900
6900
6900
6900
6900
6900
6900
6900
6900
6900
6900
6900
6900
6900
6900
6900
6900
5218
5373
5524
5678
5831
5982
6136
6289
6289
6443
6443
6593
6593
6593
6593
6747
6747
6747
6747
6747
6900
6900
6900
6900
6900
6900
6900
6900
6900
6900
6900
6900
6900
6900
6900
6900
6900
6900
4450
4606
4915
5222
5373
5527
5678
5831
5985
6136
6289
6289
6443
6443
6596
6596
6593
6593
6747
6747
6747
6747
6747
6900
6900
6900
6900
6900
6900
6900
6900
6900
6900
6900
6900
6900
6900
6900
6897
5218
5376
5531
5690
5846
6002
6159
6161
6318
6472
6475
6478
6632
6635
6635
6635
6792
6792
6792
6792
6792
6795
6795
6795
6949
6949
6949
6949
6949
6949
6949
6949
6952
6952
6952
6952
6952
6952
6952
6952
6179
6334
6334
6488
6488
6643
6643
6643
6643
6797
6797
6797
6797
6797
6797
6797
6797
6797
6952
6952
6952
6952
6952
6952
6952
6952
6952
6952
6952
6952
6952
6952
6952
6952
6952
6952
6952
6952
6952
6952
6952
6179
6334
6334
6488
6488
6643
6643
6643
6643
6797
6797
6797
6797
6797
6797
6797
6797
6952
6952
6952
6952
6952
6952
6952
6952
6952
6952
6952
6952
6952
6952
6952
6952
6952
6952
6952
6952
6952
6952
6952
6952
6952
6179
6334
6334
6488
6488
6488
6643
6643
6643
6643
6797
6797
6797
6797
6797
6797
6797
6797
6952
6952
6952
6952
6952
6952
6952
6952
6952
6952
6952
6952
6952
6952
6952
6952
6952
6952
6952
6952
6952
6952
6952
6952
6179
6334
6334
6488
6488
6488
6643
6643
6643
6643
6797
6797
6797
6797
6797
6797
6797
6797
6952
6952
6952
6952
6952
6952
6952
6952
6952
6952
6952
6952
6952
6952
6952
6952
6952
6952
6952
6952
6952
6952
6952
6952
6952
6179
6334
6334
6488
6488
6643
6643
6643
6643
6643
6797
6797
6797
6797
6797
6797
6797
6797
6952
6952
6952
6952
6952
6952
6952
6952
6952
6952
6952
6952
6952
6952
6952
6952
6952
6952
6952
6952
6952
6952
6952
6952
6952
6952
6179
6334
6334
6488
6488
6488
6643
6643
6643
6643
6797
6797
6797
6797
6797
6797
6797
6797
6797
6952
6952
6952
6952
6952
6952
6952
6952
6952
6952
6952
6952
6952
6952
6952
6952
6952
6952
6952
6952
6952
6952
6952
6952
6952
6952
6179
6334
6334
6488
6488
6488
6643
6643
6643
6643
6797
6797
6797
6797
6797
6797
6797
6797
6797
6952
6952
6952
6952
6952
6952
6952
6952
6952
6952
6952
6952
6952
6952
6952
6952
6952
6952
6952
6952
6952
6952
6952
6952
6952
6952
6179
6334
6334
6488
6488
6488
6643
6643
6643
6643
6797
6797
6797
6797
6797
6797
6797
6797
6797
6952
6952
6952
6952
6952
6952
6952
6952
6952
6952
6952
6952
6952
6952
6952
6952
6952
6952
6952
6952
6952
6952
6952
6952
6952
6952
6952
6179
6334
6334
6488
6488
6488
6643
6643
6643
6643
6797
6797
6797
6797
6797
6797
6797
6797
6797
6952
6952
6952
6952
6952
6952
6952
6952
6952
6952
6952
6952
6952
6952
6952
6952
6952
6952
6952
6952
6952
6952
6952
6952
6952
6952
6952
6952
6179
6334
6334
6488
6488
6488
6643
6643
6643
6643
6797
6797
6797
6797
6797
6797
6797
6797
6797
6952
6952
6952
6952
6952
6952
6952
6952
6952
6952
6952
6952
6952
6952
6952
6952
6952
6952
6952
6952
6952
6952
6952
6952
6952
6952
6952
6952
7542
7849
8000
8308
8458
7542
7849
8154
8308
8458
7542
7846
8154
8304
8458
7696
7846
8154
8304
8612
7696
7846
8154
8304
8612
7692
8000
8154
8458
8612
7692
8000
8154
8458
8612
7692
8000
8154
8458
8612
7692
8000
8308
8458
8612
7696
8000
8154
8462
8612
8766
7696
8000
8154
8462
8612
8766
7849
8000
8308
8462
8612
8766
7849
8154
8308
8462
8612
8766
7849
8154
8308
8458
8612
8766
7849
8154
8308
8458
8612
8766
7849
8154
8308
8458
8612
8766
7849
8154
8308
8458
8612
8766
7846
8154
8308
8458
8766
8766
8000
8154
8308
8612
8766
8919
8000
8154
8462
8612
8766
8919
