462
616
924
1233
1541
2465
3080
3694
2924
2923
3229
3689
4150
4456
4915
5220
5527
4302
4915
5376
5990
6144
6294
6448
4915
5068
5222
5527
5834
5985
6138
6292
6443
6596
5527
5987
6448
6448
6599
6752
6906
6903
5220
5527
5831
5985
6138
6289
6443
6596
6749
5987
6294
6445
6445
6599
6749
6903
6903
6900
7053
5678
5831
5982
6136
6289
6443
6747
7056
461
615
923
1538
2153
3074
3689
3995
4454
4761
5066
3686
3993
4300
4606
4913
5064
5371
5524
5676
5829
5982
5373
5527
5678
5831
5985
6136
6289
6289
6443
6440
6593
6747
4297
4450
4909
5371
5985
6138
6289
6289
6443
6443
4604
5218
5524
5678
5831
5982
6136
6289
6289
6443
6440
6593
5678
5678
5831
5985
6136
6136
6289
6443
6443
6593
6593
6593
6747
4143
4297
4604
5218
5678
5985
5985
6136
6289
6289
6443
4606
5066
5218
5524
5678
5829
5982
6136
6136
6289
6440
6440
6593
5831
5985
6138
6136
6289
6443
6443
6593
6593
6593
6747
6747
6747
4297
4602
4909
5215
5522
5982
6443
6443
6596
6596
6596
6749
4450
4911
5527
5678
5831
5985
6136
6289
6289
6443
6440
6593
5066
5524
5678
5831
5982
6136
6289
6289
6440
6440
6593
6593
6593
6747
