6629
6783
6937
6937
7092
7095
7249
7249
7249
7403
7403
7403
7403
7557
7557
6786
6786
6940
7095
7095
7249
7249
7249
7403
7403
7403
7403
7403
7557
7557
6786
6786
6940
7095
7095
7249
7249
7249
7400
7400
7400
7400
7400
7554
7554
6786
6940
6940
7095
7095
7249
7249
7246
7400
7400
7400
7400
7554
7554
7554
6786
6940
6940
7095
7095
7249
7249
7249
7403
7403
7403
7403
7403
7557
7557
7557
6786
6940
6940
7095
7095
7249
7249
7249
7403
7403
7403
7403
7557
7557
7557
7557
6786
6940
6940
7095
7095
7249
7249
7249
7403
7403
7403
7403
7557
7557
7557
7557
6786
6940
6940
7095
7095
7249
7249
7249
7403
7403
7403
7403
7557
7554
7551
7545
5075
5226
5531
5836
5987
6292
6443
6596
6749
6747
6900
7050
7050
7201
7201
7201
7354
4753
5062
5367
5673
5824
6131
6281
6435
6588
6741
6894
6891
7044
7044
7198
7198
7351
4140
4295
4753
5060
5364
5671
5977
6128
6281
6435
6588
6741
6894
7044
7044
7198
7198
6437
6591
6591
6741
6894
7047
7047
7198
7198
7351
7351
7351
7351
7504
7504
7504
7501
7501
4904
5209
5515
5671
5977
6131
6284
6435
6588
6741
6894
7044
7044
7198
7198
7198
7351
7351
5060
5367
5673
5977
6131
6284
6435
6588
6741
6894
6894
7044
7198
7198
7198
7351
7351
7351
6131
6437
6588
6741
6741
6894
7047
7044
7198
7198
7351
7351
7351
7351
7501
7501
7501
7501
7501
5980
6284
6437
6591
6741
6894
6894
7044
7044
7198
7198
7351
7351
7351
7504
7501
7501
7501
7501
462
616
770
1540
2309
2924
3538
3998
4461
4769
5075
5380
5685
5992
6144
6297
6448
6602
6755
6906
5683
5990
6144
6294
6448
6602
6752
6906
6906
7059
7056
7210
7210
7363
7363
7363
7363
7516
7516
7516
5527
5834
5987
6292
6445
6602
6758
6755
6909
7062
7059
7213
7213
7366
7366
7363
7363
7516
7516
7516
6602
6755
6909
7059
7059
7213
7213
7210
7363
7363
7363
7363
7516
7516
7516
7516
7516
7516
7670
7670
7092
7246
7400
7554
7708
7708
7862
8017
8013
7092
7246
7400
7554
7708
7862
7862
8017
8017
7249
7400
7400
7554
7708
7862
7862
8017
8017
7246
7400
7554
7554
7708
7862
7862
8017
8017
8167
7246
7400
7554
7554
7708
7862
7862
8017
8010
8161
6002
6154
6459
6764
6914
7065
7216
7366
7520
7673
6758
6912
7216
7366
7520
7516
7670
7823
7820
7973
5834
6138
6445
6599
6909
7059
7213
7363
7516
7670
5680
5985
6292
6596
6749
7056
7210
7363
7516
7667
7667
5680
5831
6138
6443
6749
6903
7053
7207
7360
7513
7670
5529
5987
6292
6445
6752
6903
7210
7360
7513
7513
7667
6292
6602
6752
7059
7210
7363
7516
7667
7667
7820
7970
5373
5678
5985
6294
6604
6755
7062
7213
7366
7516
7670
5834
6138
6445
6596
6903
7056
7207
7363
7520
7670
7823
5834
5834
6138
6445
6749
6903
7056
7207
7360
7513
7667
7820
6909
7216
7366
7520
7516
7670
7820
7820
7973
7970
8123
8123
6138
6443
6596
6903
7059
7210
7363
7513
7667
7820
7820
7970
5985
6292
6596
6749
6900
7207
7360
7516
7670
7670
7820
7820
6138
6292
6596
6903
7053
7207
7360
7510
7664
7664
7817
7973
6141
6445
6596
6903
7056
7207
7360
7513
7667
7817
7817
7970
7970
