7378
7686
7993
8147
8451
7382
7689
7993
8301
8455
7535
7843
7993
7993
7836
7683
7372
7372
5224
5376
5527
5680
5831
5831
5982
5982
6136
6133
3990
4297
4604
4911
5062
5215
5369
5520
5673
5827
4757
4911
5062
5369
5522
5520
5673
5827
5980
5980
6131
3835
4143
4297
4602
4909
5062
5215
5367
5520
5673
4757
4911
5064
5218
5369
5522
5676
5673
5827
5980
5980
6133
3835
3988
4448
4755
5062
5215
5369
5520
5673
5827
5827
4604
4757
4911
5062
5215
5369
5369
5522
5676
5676
5827
5827
5980
3224
3532
3686
3991
4299
4604
4911
5064
5215
5369
5522
4604
4757
5064
5215
5369
5522
5673
5673
5827
5980
5980
6131
3835
4142
4448
4602
5062
5522
5676
5829
5827
5980
5980
4297
4757
5064
5218
5369
5522
5676
5827
5827
5980
5980
4757
4911
5064
5215
5369
5522
5522
5676
5676
5827
5827
5980
5980
5980
3684
3838
3990
4297
4604
5064
5371
5524
5676
5676
5829
5982
5980
4143
4604
5220
5680
6141
6451
463
617
1079
1695
2309
2924
3384
3844
4150
4456
4761
5066
4302
4761
4913
5220
5371
5524
5676
5829
5982
6136
6287
6287
4759
5064
5218
5678
5985
6138
6289
6289
6443
6443
6593
7092
7246
7400
7554
7705
7859
7859
8013
8013
7089
7243
7397
7551
7705
7705
7859
8013
8013
7092
7246
7400
7554
7708
7862
7862
8013
8013
7246
7400
7554
7554
7708
7862
7862
8017
8017
8017
7249
7403
7554
7554
7708
7862
7862
8017
8017
8171
7249
7403
7554
7551
7702
7849
7846
7997
7993
8144
5995
6300
6451
6755
6906
7213
7366
7520
7523
7676
5683
5990
6294
6599
6906
7059
7210
7363
7513
7667
5987
6294
6448
6755
6906
7213
7363
7516
7513
7667
7820
5985
6292
6443
6749
6903
7207
7360
7516
7516
7670
7820
5987
6138
6445
6749
6903
7053
7360
7360
7513
7664
7817
6599
6755
7062
7213
7366
7516
7670
7670
7820
7820
7973
5987
6292
6445
6749
6903
7210
7363
7520
7523
7680
7836
7077
7231
7388
7542
7545
7699
7853
7853
8010
8010
8164
7243
7397
7551
7705
7705
7859
7859
8013
8013
8167
8167
8167
7400
7400
7554
7708
7862
7862
8017
8013
8167
8167
8167
8167
7400
7400
7554
7708
7862
7862
8017
8017
8171
8171
8171
8171
7403
7554
7554
7708
7862
7862
8017
8017
8171
8171
8171
8325
7403
7557
7554
7708
7862
7862
8017
8017
8171
8171
8171
8171
7403
7554
7554
7708
7862
7862
8017
8017
8171
8171
8171
8171
8325
6635
6789
6943
6943
7097
7097
7252
7252
7252
7406
7406
7406
7406
7406
7560
6637
6792
6943
6943
7097
7097
7252
7252
7252
7406
7406
7406
7406
7406
7560
6637
6789
6943
6943
7097
7097
7252
7252
7252
7406
7406
7406
7406
7560
7560
6637
6789
6943
6943
7097
7097
7252
7252
7252
7406
7406
7406
7406
7560
7560
6637
6792
6946
6946
7100
7100
7255
7255
7252
7406
7406
7406
7406
7560
7560
7560
6637
6792
6946
6943
7097
7097
7252
7252
7252
7406
7406
7406
7406
7560
7560
7560
6792
6789
6943
6943
7097
7097
7252
7252
7252
7406
7406
7406
7406
7560
7560
7560
6792
6792
6946
6946
7097
7097
7252
7252
7252
7406
7406
7406
7406
7560
7560
7560
7560
6792
6792
6946
6946
7100
7100
7255
7255
7255
7406
7406
7406
7406
7560
7560
7560
7560
6792
6792
6946
7100
7100
7100
7252
7252
7252
7406
7406
7406
7406
7560
7560
7560
7560
6792
6792
6943
7097
7097
7097
7252
7252
7406
7406
7406
7406
7406
7560
7560
7560
7560
7560
6792
6792
6946
7100
7100
7255
7255
7255
7409
7406
7406
7406
7406
7560
7560
7560
7560
7560
6792
6792
6946
7100
7100
7255
7255
7252
7406
7406
7406
7406
7406
7560
7560
7560
7560
7560
6792
6792
6943
7097
7097
7252
7252
7252
7406
7406
7406
7406
7406
7560
7560
7560
7560
7560
7560
6792
6792
6946
7100
7100
7255
7255
7255
7406
7406
7406
7406
7406
7560
7560
7560
7560
7560
7560
6792
6946
6946
7100
7100
7255
7255
7255
7406
7406
7406
7406
7406
7560
7560
7560
7560
7560
7560
6792
6946
6946
7100
7100
7255
7255
7255
7409
7406
7406
7406
7406
7560
7560
7560
7560
7560
7560
6792
6792
6946
7100
7100
7255
7255
7255
7409
7409
7406
7406
7406
7560
7560
7560
7560
7560
7560
7560
6792
6946
6943
7097
7097
7252
7252
7252
7406
7406
7406
7406
7406
7560
7560
7560
7560
7560
7560
7560
6789
6943
6943
7097
7097
7252
7252
7252
7406
7406
7406
7406
7406
7560
7560
7560
7560
7560
7560
7560
