7375
7683
7990
8144
8297
7532
7840
7993
8297
8451
7689
7993
8147
8455
8608
7689
7997
8301
8455
8608
7843
7997
8301
8455
8608
7843
8150
8301
8455
8608
7843
8150
8301
8455
8762
7843
8150
8301
8608
8762
7843
8150
8301
8608
8762
7843
8150
8301
8455
8608
8762
7843
8150
8304
8455
8608
8762
7843
8150
8301
8608
8762
8916
7997
8150
8455
8608
8762
8916
7997
8150
8455
8608
8762
8916
7997
8304
8455
8608
8762
8912
7997
8301
8455
8608
8758
8912
7997
8301
8455
8608
8758
8912
7997
8301
8455
8608
8758
8912
7997
8301
8455
8608
8758
8912
8150
8301
8455
8608
8762
8912
8154
8308
8612
8766
9073
8154
8304
7993
7840
7836
7680
7680
7523
7523
6297
6297
6294
6448
6448
6448
6445
6445
6445
6599
6596
4452
4604
4911
5218
5831
6138
6292
6292
6445
4452
5066
5527
5680
5834
5985
6138
6292
6289
4761
5066
5373
5524
5678
5831
5982
6136
6289
6289
6443
3531
3840
3995
4150
4458
4763
4915
5222
5373
3840
4300
4608
4915
5220
5373
5524
5831
5985
6136
5066
5373
5524
5678
5829
5982
6136
6289
6289
6440
6593
3990
4143
4450
4911
5371
5985
5985
6138
6289
6443
4299
4759
5373
5524
5678
5831
5985
6136
6289
6289
6443
4913
5371
5524
5678
5829
5982
6136
6289
6287
6440
6440
6593
5831
5831
5985
6136
6136
6289
6443
6440
6593
6593
6593
6747
6747
4143
4450
4755
5062
5369
5829
6292
6443
6443
6596
6596
3991
4299
4761
5068
5373
5527
5678
5831
5985
6138
6289
4606
5220
5527
5680
5831
5985
6138
6289
6289
6443
6443
6596
5220
5371
5678
5831
5982
6136
6136
6289
6443
6440
6593
6593
6593
461
615
1077
1538
2153
2767
3228
3687
4147
4454
4759
5066
5218
4915
5068
5373
5527
5680
5831
5985
6138
6289
6443
6443
6596
6596
6749
4145
4759
5373
5527
5678
5831
5985
6136
6289
6443
6443
6596
