6169
6321
6470
6467
6461
6613
6610
6607
6761
6758
6755
6752
6752
6749
6903
6903
6900
6900
6900
6900
6897
6897
6897
6897
6897
6897
6894
6894
6894
6894
6894
6894
6894
4909
5062
5369
5520
5673
5827
5980
6131
6131
6284
6437
6437
6435
6588
6588
6588
6741
6741
6741
6741
6741
6894
6894
6894
6894
6894
6894
6894
6894
6894
6894
6894
6894
6894
6136
6133
6287
6287
6440
6437
6591
6591
6591
6744
6744
6744
6741
6741
6894
6894
6894
6894
6894
6894
6894
6894
6894
6894
6894
6894
6894
6894
6894
6894
6894
6894
6894
6894
6894
5522
5673
5827
5980
6131
6131
6284
6284
6437
6437
6591
6591
6591
6741
6741
6741
6741
6741
6894
6894
6894
6894
6894
6894
6894
6894
6894
6894
6894
6894
6894
6894
6900
6906
6912
1230
1998
2612
3073
3532
3993
4299
4606
4911
5218
5371
5524
5676
5829
5982
6136
6289
6289
6443
6443
6440
6593
6593
6593
6747
6747
6747
6747
6747
6900
6900
6900
6900
6900
6900
6900
4452
4761
5070
5224
5531
5683
5836
5987
5987
6138
6292
6292
6445
6445
6599
6596
6596
6749
6749
6749
6749
6749
6749
6903
6903
6900
6900
6900
6900
6900
6900
6900
6900
6900
6900
6900
6900
4606
4911
5064
5373
5529
5685
5836
5990
6141
6141
6292
6445
6445
6445
6602
6602
6599
6752
6752
6752
6749
6749
6749
6903
6903
6903
6903
6903
6903
6903
6903
6903
6903
6903
6900
6900
6900
4606
4917
5070
5378
5529
5680
5834
5987
6141
6138
6292
6445
6445
6443
6596
6596
6596
6749
6749
6749
6749
6749
6903
6903
6903
6903
6903
6900
6900
6900
6900
6903
6903
6900
6900
6900
6900
6900
5373
5531
5687
5846
6002
6159
6161
6315
6318
6475
6475
6632
6632
6632
6635
6789
6789
6792
6792
6792
6792
6792
6792
6946
6949
6949
6949
6949
6949
6949
6949
6949
6949
6949
6949
6949
6949
6949
6949
1381
2149
2762
3221
3681
3986
4446
4753
4907
5211
5364
5671
5824
5977
5975
6128
6281
6281
6435
6435
6588
6588
6588
6741
6741
6741
6741
6741
6894
6894
6894
6894
6894
6894
6894
6894
6894
6894
6894
4142
4450
4755
5062
5213
5520
5673
5827
5977
6131
6131
6284
6437
6437
6437
6588
6588
6588
6741
6741
6741
6741
6741
6894
6894
6894
6894
6894
6894
6894
6894
6894
6894
6894
6894
6894
6894
6894
6894
7047
4295
4604
4909
5062
5369
5520
5673
5827
5977
6136
6141
6297
6456
6459
6461
6621
6621
6624
6626
6783
6783
6786
6786
6789
6789
6789
6946
6946
6946
6946
6946
6949
6949
6949
6949
6949
6949
6949
6949
6949
6949
1381
2147
2761
3220
3680
3985
4445
4749
4902
5209
5362
5666
5819
5972
5972
6126
6279
6279
6432
6432
6585
6585
6585
6735
6735
6735
6735
6735
6888
6888
6888
6888
6888
6888
6888
6888
6888
6888
6888
6888
6888
4600
4904
5211
5364
5668
5822
5975
5975
6128
6281
6279
6432
6432
6585
6585
6585
6738
6738
6738
6738
6738
6891
6891
6891
6891
6891
6891
6891
6891
6891
6891
6891
6888
6888
6891
6891
7044
7044
7044
7044
7042
7044
4140
4446
4753
5060
5211
5518
5668
5822
5975
6128
6128
6281
6432
6432
6585
6585
6585
6738
6738
6738
6738
6738
6891
6891
6891
6891
6891
6888
6888
6888
6888
6888
6897
6903
6909
6914
6917
6920
6926
6929
6929
6932
6935
6321
6478
6478
6480
6635
6635
6635
6635
6789
6789
6789
6789
6789
6789
6943
6946
6946
6946
6946
6946
6946
6946
6949
6949
6949
6949
6949
6949
6949
6949
6949
6949
6949
6949
6949
6949
6949
6949
6949
6949
6949
6949
6952
6952
6334
6334
6488
6488
6643
6643
6643
6643
6797
6797
6797
6797
6797
6797
6797
6952
6952
6952
6952
6952
6952
6952
6952
6952
6952
6952
6952
6952
6952
6952
6952
6952
6952
6952
6952
6952
6952
6952
6952
6952
6952
6952
6952
6952
6952
6334
6334
6488
6488
6643
6643
6643
6643
6797
6797
6797
6797
6797
6797
6797
6797
6949
6949
6949
6949
6949
6949
6949
6949
6949
6949
6949
6949
6949
6949
6949
6949
6949
6949
6949
6949
6949
6949
6949
6949
6949
6949
6949
6949
6949
6949
6334
6334
6488
6488
6643
6643
6643
6643
6797
6797
6797
6797
6797
6797
6797
6797
6952
6952
6952
6952
6952
6952
6952
6952
6952
6952
6952
6952
6952
6952
6952
6952
6952
6952
6952
6952
6952
6952
6952
6952
6952
6952
6952
6952
6952
6952
6334
6334
6488
6488
6488
6643
6643
6643
6797
6797
6797
6797
6797
6797
6797
6797
6952
6952
6952
6952
6952
6952
6952
6952
6952
6952
6952
6952
6952
6952
6952
6952
6952
6952
6952
6952
6952
6952
6952
6952
6952
6952
6952
6952
6952
6952
6952
