7375
7680
7833
8140
8294
7532
7836
7990
8297
8451
7686
7840
8147
8297
8605
7689
7993
8147
8455
8605
7843
7993
8301
8455
8608
7843
7997
8301
8455
8608
7843
8150
8301
8455
8608
7843
8150
8301
8608
8762
7843
8147
8301
8608
8762
7997
8147
8301
8455
8608
8758
7843
8150
8301
8455
8762
8758
7997
8147
8301
8608
8758
8912
7997
8147
8455
8605
8758
8912
7993
8147
8455
8605
8758
8912
7997
8147
8455
8608
8758
8912
7997
8301
8455
8608
8758
8912
7997
8301
8455
8608
8758
8912
7997
8301
8455
8608
8758
8912
7997
8301
8455
8608
8758
8912
8150
8301
8455
8608
8758
8912
6174
6329
6329
6483
6483
6637
6637
6637
6637
6792
6792
6792
6792
6792
6792
6792
6792
6792
6946
6946
6946
6946
6946
6946
6946
6946
6946
6946
6946
6946
6946
6946
6946
6946
6177
6331
6331
6486
6486
6640
6640
6640
6637
6640
6792
6792
6792
6792
6792
6792
6792
6792
6946
6946
6946
6946
6946
6946
6946
6946
6946
6946
6946
6946
6946
6946
6946
6946
6331
6331
6331
6486
6483
6637
6637
6637
6637
6792
6792
6792
6792
6792
6792
6792
6792
6792
6946
6946
6946
6946
6946
6946
6946
6946
6946
6946
6946
6946
6946
6946
6946
6946
6946
6329
6329
6483
6483
6483
6637
6637
6637
6637
6792
6792
6792
6792
6792
6792
6792
6792
6792
6946
6946
6946
6946
6946
6946
6946
6946
6946
6946
6946
6946
6946
6946
6946
6946
6946
6946
6331
6331
6486
6486
6486
6640
6640
6640
6640
6792
6792
6792
6792
6792
6792
6792
6792
6946
6946
6946
6946
6946
6946
6946
6946
6946
6946
6946
6946
6946
6946
6946
6946
6946
6946
6946
6946
6331
6331
6483
6483
6483
6637
6637
6637
6637
6792
6792
6792
6792
6792
6792
6792
6792
6792
6946
6946
6946
6946
6946
6946
6946
6946
6946
6946
6946
6946
6946
6946
6946
6946
6946
6946
6946
6329
6329
6483
6483
6483
6637
6637
6637
6637
6792
6792
6792
6792
6792
6792
6792
6792
6792
6946
6946
6946
6946
6946
6946
6946
6946
6946
6946
6946
6946
6946
6946
6946
6946
6946
6946
6946
6946
6331
6331
6486
6486
6486
6640
6640
6640
6640
6792
6792
6792
6792
6792
6792
6792
6792
6792
6946
6946
6946
6946
6946
6946
6946
6946
6946
6946
6946
6946
6946
6946
6946
6946
6946
6946
6946
6946
6946
6331
6331
6331
6486
6486
6640
6640
6637
6640
6792
6789
6783
6778
6772
6769
6766
6920
6914
6912
6912
6909
6906
6906
6906
6903
6903
6900
6900
6900
6900
6900
6897
6897
6897
6897
6897
6897
6897
6897
4909
5220
5371
5524
5676
5829
5982
6133
6289
6287
6440
6440
6591
6591
6591
6744
6744
6744
6744
6744
6741
6894
6897
6894
6894
6894
6894
6894
6894
6894
6894
6894
6894
6894
6894
6894
6894
6894
6894
6894
4602
4913
5066
5218
5524
5676
5829
5982
6133
6133
6287
6440
6437
6437
6591
6591
6591
6744
6744
6744
6744
6744
6897
6897
6897
6897
6897
6900
6900
6900
6900
6900
6897
6897
6897
6897
6900
6903
6900
6900
4450
4759
4913
5218
5371
5522
5829
5829
5980
6133
6289
6287
6440
6440
6591
6591
6591
6744
6744
6744
6744
6744
6894
6894
6894
6894
6894
6894
6894
6894
6894
6894
6894
6894
6894
6894
6897
6903
6909
6914
6917
465
465
620
620
775
775
775
775
930
930
930
930
930
930
930
1085
1085
1085
1084
1084
1084
1084
1085
1085
1085
1085
1085
1085
1085
1085
1085
1085
1085
1085
1085
1085
1085
1085
1085
1085
1085
1085
1085
1085
1085
1085
1085
1085
1085
1085
1085
1085
1085
1085
1085
1085
1085
1085
1085
1085
1085
1084
1084
1084
1084
1084
1084
1084
1084
1084
1084
1084
1084
1084
1084
1084
1084
1084
1084
1085
1085
1085
1085
1085
1085
1085
1085
1085
1085
1085
1085
1085
1085
1239
1859
2478
2941
3405
3868
4178
4485
4795
5102
5257
5411
5721
5873
5873
6027
6182
6182
6334
6334
6488
5870
5870
6025
6179
6179
6334
6334
6488
6488
6643
6643
6643
6643
6643
6797
6797
6797
6797
6797
6797
6797
6797
6797
6952
6952
6952
6952
6952
6952
6952
6952
6952
6952
6952
6952
6952
6952
6952
6952
6952
6952
6952
6952
6179
6334
6334
6488
6488
6488
6643
6643
6643
6643
6797
6797
6797
6797
6797
6797
6797
6797
6797
6797
6952
6952
6952
6952
6952
6952
6952
6952
6952
6952
6952
6952
6952
6952
6952
6952
6952
6952
6952
6952
6952
6952
6952
6952
6179
6334
6334
6488
6488
6488
6643
6643
6643
6643
6797
6797
6797
6797
6797
6797
6797
6797
6797
6952
6952
6952
6952
6952
6952
6952
6952
6952
6952
6952
6952
6952
6952
6952
6949
6952
6952
6949
6952
6952
6952
6952
6952
6952
6952
6179
6334
6334
6488
6488
6488
6643
6643
6643
6643
6797
6797
6797
6797
6797
6797
6797
6797
6797
6797
6952
6952
6952
6952
6952
6952
6952
6952
6952
6952
6952
6952
6952
6952
6952
6952
6952
6952
6952
6952
6952
6952
6952
6952
6952
6179
6334
6334
6488
6488
6488
6643
6643
6643
6643
6797
6797
6797
6797
6797
6797
6797
6797
6797
6797
6952
6952
6952
6952
6952
6952
6952
6952
6952
6952
6952
6952
6952
6952
6952
6952
6952
6952
6952
6952
6952
6952
6952
6952
6952
6952
6179
6334
6334
6488
6488
6488
6643
6643
6643
6643
6797
6797
6797
6797
6797
6797
6797
6797
6797
6952
6952
6952
6952
6952
6952
6952
6952
6952
6952
6952
6952
6952
6952
6952
6952
6952
6952
6952
6952
6952
6952
6952
6952
6952
6952
6952
6952
6179
6334
6334
6488
6488
6488
6643
6643
6643
6643
6797
6797
6797
6797
6797
6797
6797
6797
6797
6952
6952
6952
6952
6952
6952
6952
6952
6952
6952
6952
6952
6952
6952
6952
6952
6952
6952
6952
6952
6952
6952
6952
6952
6952
6952
6952
6952
