7086
7240
7394
7548
7702
7702
7856
8010
8010
7243
7394
7548
7548
7702
7856
7856
8010
8010
7243
7397
7548
7702
7702
7856
7856
8010
8010
7243
7397
7551
7705
7705
7859
7856
8010
8010
8164
7243
7397
7551
7705
7705
7859
7856
8010
8010
8164
7243
7397
7551
7705
7705
7859
7859
8010
8010
8164
7243
7397
7551
7705
7705
7859
8013
8010
8010
8164
7243
7397
7551
7705
7859
7859
8013
8010
8010
8164
7243
7397
7551
7705
7859
7859
8013
8010
8010
8164
8164
7397
7397
7551
7705
7859
7859
8013
8010
8010
8164
8164
7397
7397
7551
7705
7859
7859
8013
8010
8010
8164
8164
7397
7397
7551
7705
7859
7856
8010
8010
8010
8164
8164
7397
7551
7551
7702
7856
7856
8010
8010
8164
8164
8164
7397
7551
7551
7705
7856
7856
8010
8007
8161
8161
8157
7391
7545
7548
7702
7856
7856
8010
8010
8164
8164
8164
8161
7394
7548
7702
7702
7856
7856
8010
8010
8164
8164
8164
8164
7397
7551
7705
7705
7856
7856
8010
8010
8164
8164
8164
8164
7397
7551
7705
7705
7859
7859
8010
8010
8164
8164
8164
8164
7397
7551
7705
7705
7859
7859
8013
8010
8164
8164
8164
8164
7397
7551
7705
7705
7859
7859
8010
8010
8164
8164
8164
8164
8318
6786
6786
6940
7095
7095
7095
7249
7249
7403
7403
7403
7403
7403
7557
7557
6786
6786
6940
7095
7095
7249
7249
7249
7403
7403
7403
7403
7403
7557
7557
6786
6786
6940
7095
7095
7249
7249
7249
7403
7403
7403
7403
7403
7557
7557
6786
6940
6940
7095
7095
7249
7249
7249
7403
7403
7403
7403
7403
7557
7557
6786
6940
6940
7095
7095
7249
7249
7249
7403
7403
7400
7400
7403
7557
7557
7557
6786
6940
6940
7095
7095
7249
7249
7249
7403
7403
7403
7403
7403
7557
7557
7557
6786
6940
6940
7095
7095
7249
7249
7249
7403
7403
7403
7403
7403
7557
7557
7557
6786
6940
6940
7095
7095
7249
7249
7249
7403
7403
7403
7403
7403
7557
7557
7557
7557
6786
6940
6940
7095
7095
7249
7249
7249
7403
7403
7403
7403
7403
7557
7557
7557
7557
6786
6940
6940
7095
7095
7249
7249
7249
7403
7403
7403
7403
7403
7557
7557
7557
7557
6786
6940
6940
7095
7095
7249
7249
7249
7403
7403
7403
7403
7403
7557
7557
7557
7554
7554
6786
6940
6940
7095
7095
7249
7249
7249
7403
7403
7403
7403
7557
7557
7557
7557
7557
7557
6786
6940
6940
7095
7095
7249
7249
7249
7403
7403
7403
7403
7557
7557
7557
7557
7557
7557
6786
6940
6940
7095
7095
7249
7249
7249
7403
7403
7403
7403
7557
7557
7557
7557
7557
7557
7557
6786
6940
6940
7095
7095
7249
7249
7249
7403
7403
7403
7403
7557
7557
7557
7557
7557
7557
7557
6786
6940
6940
7095
7095
7249
7249
7249
7403
7403
7403
7403
7557
7557
7557
7557
7557
7557
7557
6786
6940
6940
7095
7095
7249
7249
7249
7403
7403
7403
7403
7557
7557
7557
7557
7554
7554
7554
6786
6940
6940
7095
7095
7249
7249
7249
7400
7400
7400
7403
7557
7557
7557
7557
7557
7557
7557
7557
6786
6940
6940
7095
7095
7249
7249
7403
7403
7403
7403
7403
7551
7545
7538
7535
7529
7526
7526
7676
4913
5220
5524
5676
5982
6133
6287
6437
6591
6744
6897
7047
7047
7201
7201
7201
7354
7351
7351
7504
6179
6334
6334
6488
6488
6488
6643
6643
6643
6643
6797
6797
6797
6797
6797
6797
6797
6797
6797
6797
6952
6952
6952
6952
6952
6952
6952
6952
6952
6952
6952
6952
6952
6952
6179
6334
6334
6488
6488
6488
6643
6643
6643
6643
6797
6797
6797
6797
6797
6797
6797
6797
6797
6797
6952
6952
6952
6952
6952
6952
6952
6952
6952
6952
6952
6952
6952
6952
6179
6334
6334
6488
6488
6488
6643
6643
6643
6643
6797
6797
6797
6797
6797
6797
6792
6786
6935
6929
6923
6920
6917
6914
6912
6909
6906
6906
6903
6900
6900
6897
6897
6897
6894
4142
4295
4602
4909
5213
5367
5518
5671
5824
5977
6128
6281
6281
6435
6435
6588
6585
6585
6585
6738
6738
6738
6738
6738
6891
6891
6891
6891
6891
6891
6891
6891
6891
6891
6891
6891
6131
6131
6284
6281
6435
6435
6588
6585
6585
6738
6738
6738
6738
6738
6888
6888
6888
6888
6888
6888
6888
6888
6888
6888
6888
6888
6888
6888
6888
6888
6891
6891
6891
6891
6888
6888
5671
5824
5977
6128
6128
6281
6435
6432
6435
6593
6599
6604
6610
6766
6769
6772
6775
6778
6780
6783
6937
6940
6940
6943
6943
6943
6946
6946
6946
6946
6946
6949
6949
6949
6949
6949
6949
6177
6331
6331
6486
6486
6640
6640
6640
6640
6795
6795
6797
6797
6797
6797
6797
6797
6797
6952
6952
6952
6952
6952
6952
6952
6952
6952
6952
6952
6952
6952
6952
6952
6952
6952
6952
6952
6952
6179
6334
6334
6488
6488
6488
6643
6643
6643
6643
6797
6797
6797
6797
6797
6797
6797
6797
6797
6952
6952
6952
6952
6952
6952
6952
6952
6952
6952
6952
6952
6952
6952
6952
6952
6952
6952
6952
6952
6179
6334
6334
6488
6488
6488
6643
6643
6643
6643
6797
6797
6797
6797
6797
6797
6797
6797
6952
6952
6952
6952
6952
6952
6952
6952
6952
6952
6952
6952
6952
6952
6952
6952
6952
6952
6952
6952
6952
6179
6334
6334
6488
6488
6488
6643
6643
6643
6643
6797
6797
6797
6797
6797
6797
6797
6797
6797
6952
6952
6952
6952
6952
6952
6952
6952
6952
6952
6952
6952
6952
6952
6952
6952
6952
6952
6952
6952
6952
6179
6334
6334
6488
6488
6488
6643
6643
6643
6643
6797
6797
6797
6797
6797
6797
6797
6797
6797
6952
6952
6952
6952
6952
6952
6952
6952
6952
6952
6952
6952
6952
6952
6952
6952
6952
6952
6952
6952
6952
6952
6179
6334
6334
6488
6488
6488
6643
6643
6643
6643
6797
6797
6797
6797
6797
6797
6797
6797
6797
6952
6952
6952
6952
6952
6952
6952
6952
6952
6952
6952
6952
6952
6952
6952
6952
6952
6952
6952
6952
6952
6952
6952
6179
6334
6334
6488
6488
6488
6643
6643
6643
6643
6797
6797
6797
6797
6797
6797
6797
6797
6797
6952
6952
6952
6952
6952
6952
6952
6952
6952
6952
6952
6952
6952
6952
6952
6952
6952
6952
6952
6952
6952
6952
6952
6179
6334
6334
6488
6488
6488
6643
6643
6643
6643
6797
6797
6797
6797
6797
6797
6797
6797
6797
6952
6952
6952
6952
6952
6952
6952
6952
6952
6952
6952
6952
6952
6952
6952
6952
6952
6952
6952
6952
6952
6952
6952
6952
6179
6334
6334
6488
6488
6488
6643
6643
6643
6643
6797
6797
6797
6797
6797
6797
6797
6797
6797
6952
6952
6952
6952
6952
6952
6952
6952
6952
6952
6952
6952
6952
6952
6952
6952
6952
6952
6952
6952
6952
6952
6952
6952
6952
6179
6334
6334
6488
6488
6488
6643
6643
6643
6643
6797
6797
6797
6797
6797
6797
6797
6797
6797
6952
6952
6952
6952
6952
6952
6952
6952
6952
6952
6952
6952
6952
6952
6952
6952
6952
6952
6952
6952
6952
6952
6952
6952
6952
6952
6179
6334
6334
6488
6488
6488
6643
6643
6643
6643
6797
6797
6797
6797
6797
6797
6797
6797
6797
6952
6952
6952
6952
6952
6952
6952
6952
6952
6952
6952
6952
6952
6952
6952
6952
6952
6952
6952
6952
6952
6952
6952
6952
6952
6952
6179
6334
6334
6488
6488
6488
6643
6643
6643
6643
6797
6797
6797
6797
6797
6797
6797
6797
6797
6952
6952
6952
6952
6952
6952
6952
6952
6952
6952
6952
6952
6952
6952
6952
6952
6952
6952
6952
6952
6952
6952
6952
6952
6952
6952
6952
6179
6334
6334
6488
6488
6488
6643
6643
6643
6643
6797
6797
6797
6797
6797
6797
6797
6797
6797
6952
6952
6952
6952
6952
6952
6952
6952
6952
6952
6952
6952
6952
6952
6952
6952
6952
6952
6952
6952
6952
6952
6952
6952
6952
6952
6952
6952
6179
6334
6334
6488
6488
6488
6643
6643
6643
6643
6797
6797
6797
6797
6797
6797
6797
6797
6797
6952
6952
6952
6952
6952
6952
6952
6952
6952
6952
6952
6952
6952
6952
6952
6952
6952
6952
6952
6952
6952
6952
6952
6952
6952
6952
6952
6952
8007
8311
8465
8773
8923
8007
8311
8465
8773
8923
8007
8311
8619
8773
8923
8007
8311
8619
8773
9077
8161
8311
8619
8773
9077
8161
8465
8619
8773
9077
8161
8465
8619
8923
9077
9227
8157
8462
8612
8919
9073
9227
8157
8462
8615
8923
9077
9227
8157
8465
8769
8923
9077
9231
8311
8465
8769
8923
9077
9231
8311
8465
8773
8923
9077
9231
8311
8465
8773
8923
9077
9231
8311
8619
8773
8927
9231
9385
8311
8619
8773
8927
9231
9385
8311
8619
8773
9077
9231
9385
8311
8619
8773
9077
9231
9385
9539
8465
8619
8927
9077
9231
9385
9539
8465
8619
8923
9077
9231
9385
9535
8465
8619
8923
9077
9231
9385
9535
