7532
7686
7990
8297
8451
7535
7840
7993
8301
8455
7689
7997
8147
8455
8608
7689
7997
8301
8455
8608
7843
7997
8301
8455
8608
7843
7993
8301
8455
8605
7843
8147
8301
8455
8608
7843
8150
8301
8608
8762
7843
8150
8301
8608
8762
7843
8150
8301
8455
8608
8762
7843
8150
8301
8455
8608
8762
7843
8150
8301
8608
8762
8916
7997
8150
8455
8608
8762
8912
7997
8147
8455
8608
8758
8912
7997
8147
8455
8608
8758
8912
7997
8147
8455
8608
8758
8912
7997
8147
8455
8608
8762
8912
7997
8301
8455
8608
8762
8912
7997
8301
8455
8608
8762
8912
7997
8301
8455
8608
8762
8912
