462
771
1232
2002
2616
3230
3691
4150
4609
3689
4304
4919
5378
5683
5836
5987
4609
4915
5222
5527
5680
5831
6138
6292
6443
5836
5987
6138
6292
6445
6596
6749
6749
6903
5066
5373
5678
5831
6136
6599
6749
6903
5068
5220
5527
5831
5985
6136
6289
6443
6596
6593
5678
6141
6599
6752
6906
6903
6903
7056
5220
5527
5678
5985
6138
6289
6443
6596
7056
6448
6602
6752
6906
6903
7056
7056
7056
7207
7207
5220
5524
5831
5985
6136
6596
6749
6903
6903
5220
5527
5678
5985
6138
6289
6443
6596
6596
6747
6900
6138
6445
6599
6749
6903
6903
7056
7053
7053
7207
5373
5678
5831
5982
6136
6289
6596
7056
7210
7210
4763
4915
5068
5373
5680
5831
5985
6136
6289
6443
6596
5834
6294
6755
7219
7680
7987
465
620
620
775
929
929
929
1084
1084
1084
1239
1239
1239
1238
1238
1393
1393
1393
1393
1393
1393
1393
1393
1393
1393
1393
1238
1393
1393
1393
1393
1393
1393
1393
1393
1393
1393
1393
1393
1393
1393
1393
1393
1393
1393
1393
1393
1393
1548
1548
1548
1548
1393
1393
1393
1393
1393
1393
1393
1393
1393
1393
1393
1393
1393
1393
1393
1393
1393
1393
1393
1548
1548
1548
1548
1548
1548
1548
1548
1392
1392
1392
1393
1393
1393
1393
1393
1393
1393
1393
1393
1393
1393
1393
1393
1393
1393
1393
1393
1548
1548
1548
1548
1548
1548
1548
1393
1393
1393
1393
1393
1393
1393
1393
1393
1393
1393
1393
1393
1393
1393
1702
1857
2783
3554
