7689
7997
8301
8455
8762
7843
8150
8458
8612
8916
7846
8150
8458
8766
8916
7846
8154
8458
8766
8919
7846
8154
8458
8766
8919
8000
8308
8612
8766
9073
8000
8308
8462
8766
8919
9073
8000
8308
8615
8766
8919
9227
8154
8308
8615
8766
9073
9227
8154
8462
8615
8919
9073
9227
8154
8462
8615
8919
9073
9227
8154
8462
8766
8919
9073
9227
8308
8462
8766
8919
9073
9227
8308
8615
8766
8919
9227
9381
8308
8462
8766
8919
9073
9227
8308
8615
8766
9073
9227
9381
8462
8615
8766
9073
9227
9377
9531
8462
8615
8919
9073
9227
9377
9531
8308
8615
8766
8919
9227
9377
9531
8308
8612
8766
9073
9223
9377
9531
