6783
6783
6937
7092
7092
7249
7249
7249
7403
7403
7403
7403
7403
7557
7557
6786
6786
6940
7095
7095
7249
7249
7249
7403
7403
7403
7403
7403
7557
7557
6786
6786
6940
7095
7095
7249
7249
7249
7403
7403
7403
7403
7403
7557
7557
6786
6940
6940
7095
7095
7249
7249
7249
7403
7403
7400
7400
7400
7554
7554
6786
6940
6940
7095
7095
7249
7249
7249
7403
7403
7403
7403
7403
7557
7557
7557
6786
6940
6940
7095
7095
7249
7249
7249
7403
7403
7403
7403
7403
7557
7551
7548
4771
5077
5382
5687
5839
6144
6294
6448
6599
6752
6903
6903
7053
7053
7207
7207
4448
4604
4911
5215
5522
5829
5980
6287
6440
6593
6744
6744
6897
7050
7050
7204
7204
6136
6443
6593
6593
6747
6897
7050
7050
7204
7204
7204
7357
7357
7354
7507
7507
7507
6443
6602
6758
6914
6920
7077
7077
7234
7237
7237
7394
7394
7397
7397
7551
7554
7554
6632
6786
6940
6940
7095
7095
7252
7252
7252
7406
7406
7406
7406
7560
7560
7560
7560
7560
6792
6792
6946
7100
7100
7252
7252
7252
7406
7406
7406
7406
7406
7560
7560
7560
7560
7560
6792
6792
6946
7100
7100
7255
7255
7255
7406
7406
7406
7406
7406
7560
7560
7560
7560
7560
6792
6792
6946
7100
7100
7255
7255
7255
7409
7406
7406
7406
7406
7560
7560
7560
7560
7560
6792
6792
6946
7100
7100
7255
7255
7255
7406
7406
7406
7406
7406
7560
7560
7560
7560
7560
7560
6792
6946
6946
7100
7100
7255
7255
7255
7406
7406
7406
7406
7406
7560
7560
7560
7560
7560
7560
6792
6943
6943
7097
7097
7252
7252
7252
7406
7406
7406
7406
7406
7560
7560
7560
7560
7560
7560
6792
6792
6946
7100
7100
7255
7255
7255
7406
7406
7406
7406
7406
7560
7560
7560
7560
7560
7560
7560
6792
6946
6946
7100
7100
7255
7255
7255
7409
7406
7406
7406
7406
7560
7560
7560
7560
7560
7560
7560
6792
6946
6946
7100
7100
7255
7255
7252
7400
7394
7388
7385
7535
7532
7529
7526
7523
7523
7520
7673
7095
7249
7400
7554
7708
7708
7862
8017
8017
7095
7246
7400
7554
7708
7708
7862
8017
8017
7092
7246
7400
7554
7708
7708
7862
8017
8017
7246
7400
7400
7554
7708
7862
7862
8017
8017
8013
7246
7400
7554
7554
7708
7862
7862
8017
8017
8017
7249
7403
7554
7554
7708
7862
7862
8017
8017
8171
7249
7403
7554
7554
7708
7705
7702
7849
7846
7843
7836
5531
5836
6144
6294
6599
6752
6903
7056
7207
7207
7360
7360
6599
6755
7065
7222
7378
7535
7535
7692
7846
7849
8003
7086
7240
7394
7548
7702
7702
7856
7856
8010
8013
8167
7246
7400
7554
7708
7708
7862
7862
8017
8017
8171
8167
7246
7400
7554
7708
7708
7862
7862
8017
8017
8171
8171
7249
7403
7554
7708
7708
7862
8017
8017
8017
8171
8171
7246
7400
7554
7708
7708
7862
8017
8017
8017
8167
8167
7246
7400
7554
7708
7862
7862
8017
8017
8017
8171
8171
8171
7403
7400
7554
7708
7862
7862
8017
8017
8017
8171
8171
8171
7403
7403
7554
7708
7862
7862
8017
8017
8017
8171
8171
8171
7403
7403
7554
7708
7862
7862
8017
8017
8017
8171
8171
8171
7403
7557
7554
7708
7862
7862
8017
8017
8171
8171
8171
8171
7403
7557
7554
7548
7545
7696
7689
7686
7683
7833
7830
7830
7827
7827
