6169
6323
6326
6480
6480
6635
6635
6635
6635
6789
6789
6789
6789
6789
6792
6792
6792
6792
6946
6946
6946
6946
6946
6946
6946
6946
6946
6946
6946
6946
6946
6943
6937
6932
5387
5538
5687
5839
5990
6144
6141
6292
6445
6443
6443
6596
6593
6593
6747
6747
6744
6744
6744
6897
6897
6897
6897
6897
6897
6897
6897
6894
6894
6894
6897
6897
6894
6894
5215
5369
5673
5827
5980
5980
6131
6284
6284
6437
6437
6591
6588
6588
6741
6741
6741
6741
6741
6894
6894
6894
6894
6894
6894
6894
6894
6894
6894
6894
6894
6894
6894
6894
6894
4142
4448
4755
5062
5213
5520
5673
5827
5977
6131
6131
6284
6284
6437
6437
6591
6591
6591
6741
6741
6741
6741
6741
6894
6894
6894
6894
6894
6894
6894
6894
6894
6894
6894
6894
5522
5673
5827
5980
6131
6131
6284
6284
6437
6437
6591
6588
6588
6741
6741
6741
6747
6752
6758
6914
6920
6923
6926
6929
6932
6935
6937
6937
6940
6940
6943
6943
6943
6943
6946
6946
1535
2148
2762
3221
3681
3988
4446
4753
5060
5211
5364
5671
5824
5977
5977
6131
6281
6284
6435
6435
6588
6588
6588
6744
6741
6741
6741
6741
6894
6894
6894
6894
6894
6894
6894
6894
4297
4606
4913
5218
5371
5524
5829
5829
5982
6133
6287
6287
6440
6437
6591
6591
6591
6744
6744
6744
6744
6744
6897
6897
6894
6894
6894
6894
6894
6897
6894
6894
6894
6894
6894
6894
6894
4450
4759
4913
5218
5371
5676
5829
5982
5980
6136
6287
6287
6440
6437
6591
6591
6591
6744
6744
6744
6744
6741
6894
6894
6894
6894
6894
6894
6894
6894
6894
6894
6894
6894
6894
6894
6894
6894
5676
5827
5980
5980
6131
6284
6284
6437
6437
6591
6591
6591
6741
6741
6741
6741
6744
6903
6909
6914
6917
6923
6926
6929
6932
6932
6935
6937
6937
6940
6940
6943
6943
6943
6946
6946
6946
6946
6946
1381
1994
2606
3066
3525
3985
4290
4596
4902
5209
5360
5513
5819
5972
5972
6126
6279
6276
6429
6429
6582
6582
6582
6735
6735
6735
6735
6735
6888
6888
6888
6888
6888
6888
6888
6888
6888
6888
6888
5518
5671
5822
5975
6128
6279
6279
6432
6432
6585
6585
6585
6738
6735
6735
6735
6735
6888
6888
6888
6888
6888
6888
6888
6888
6888
6888
6888
6888
6888
6888
7042
7042
7042
7042
7042
7042
7042
7042
7042
4753
4907
5211
5364
5671
5822
5975
5975
6128
6287
6292
6451
6453
6613
6615
6618
6621
6778
6780
6780
6783
6783
6786
6786
6943
6943
6943
6943
6946
6946
6946
6946
6946
6946
6946
6949
6949
6949
6949
6949
6949
6331
6331
6486
6486
6640
6640
6640
6640
6795
6795
6797
6797
6797
6797
6797
6952
6952
6952
6952
6952
6952
6952
6952
6952
6952
6952
6952
6952
6952
6952
6952
6952
6952
6952
6952
6952
6952
6952
6952
6952
6952
6952
6334
6488
6488
6488
6643
6643
6643
6643
6797
6797
6797
6797
6797
6797
6797
6952
6952
6952
6952
6952
6952
6952
6952
6952
6952
6952
6952
6952
6952
6952
6952
6952
6952
6952
6952
6952
6952
6952
6952
6952
6952
6952
6952
6334
6334
6488
6488
6643
6643
6643
6643
6797
6797
6797
6797
6797
6795
6795
6795
6949
6949
6949
6949
6949
6949
6949
6949
6949
6949
6949
6949
6949
6949
6949
6949
6949
6952
6952
6952
6952
6952
6952
6952
6952
6952
6952
6952
6334
6488
6488
6488
6643
6643
6643
6643
6797
6797
6797
6797
6797
6797
6797
6797
6952
6952
6952
6952
6952
6952
6952
6952
6952
6952
6952
6952
6952
6952
6952
6952
6952
6952
6952
6952
6952
6952
6952
6952
6952
6952
6952
6952
6334
6488
6488
6488
6643
6643
6643
6643
6797
6797
6797
6797
6797
6797
6797
6797
6952
6952
6952
6952
6952
6952
6952
6952
6952
6952
6952
6952
6952
6952
6952
6952
6952
6952
6952
6952
6952
6952
6952
6952
6949
6949
6949
6949
6949
6334
6331
6486
6486
6486
6640
6640
6640
6795
6795
6795
6795
6795
6795
6797
6795
6949
6949
6946
6946
6946
6946
6946
6946
6946
6946
6946
6949
6949
6949
6949
6949
6949
6949
6949
6949
6949
6949
6949
6949
6949
6949
6949
6949
6949
6949
6334
6334
6488
6488
6643
6643
6640
6643
6797
6797
6797
6797
6797
6797
6797
6797
6797
6952
6952
6952
6952
6952
6952
6952
6952
6952
6952
6952
6952
6952
6952
6952
6952
6952
6952
6952
6952
6952
6952
6952
6952
6952
6952
6952
6952
6952
6334
6334
6488
6488
6488
6643
6643
6643
6643
6797
6797
6797
6797
6797
6797
6797
6797
6949
6949
6949
6949
6949
6949
6949
6949
6949
6949
6949
6949
6949
6949
6949
6949
6949
6949
6949
6949
6949
6949
6949
6949
6949
6949
6949
6949
6949
6949
6792
6946
6946
7097
7097
7252
7252
7252
7406
7406
7406
7406
7406
7560
6792
6943
6943
7097
7097
7252
7252
7252
7406
7406
7406
7406
7560
7560
6789
6943
6943
7097
7097
7252
7252
7252
7406
7406
7406
7406
7406
7560
7560
6789
6943
6943
7097
7097
7252
7252
7252
7406
7406
7406
7406
7406
7560
7560
6792
6946
6943
7097
7097
7252
7252
7252
7406
7406
7406
7406
7560
7560
7560
6792
6946
6946
7100
7097
7252
7252
7252
7406
7406
7406
7406
7406
7560
7560
7560
6792
6946
6946
7097
7097
7252
7252
7252
7406
7406
7406
7406
7406
7560
7560
7560
6792
6946
6946
7097
7097
7252
7252
7252
7406
7406
7406
7406
7560
7560
7560
7560
6792
6946
6946
7097
7097
7252
7252
7252
7406
7406
7406
7406
7560
7560
7560
7560
7560
6789
6943
7097
7097
7097
7252
7252
7406
7406
7406
7406
7406
7560
7560
7560
7560
7560
6792
6943
6943
7097
7097
7252
7252
7252
7406
7406
7406
7406
7560
7560
7560
7560
7560
7560
6792
6943
7097
7097
7252
7252
7252
7406
7406
7406
7406
7406
7560
7560
7560
7560
7560
6792
6946
7097
7097
7097
7252
7252
7406
7406
7406
7406
7406
7560
7560
7560
7560
7560
7560
6792
6946
6943
7097
7097
7252
7252
7252
7406
7406
7406
7406
7560
7560
7560
7560
7560
7560
6792
6946
7097
7097
7097
7252
7252
7406
7406
7406
7406
7406
7560
7560
7560
7560
7560
7560
7560
6943
6943
7097
7097
7252
7252
7252
7406
7406
7406
7406
7406
7560
7560
7560
7560
7560
7560
7560
6789
6943
7097
7097
7252
7252
7252
7406
7406
7406
7406
7406
7560
7560
7560
7560
7560
7560
7560
6946
6946
7097
7097
7252
7252
7252
7406
7406
7406
7406
7406
7560
7560
7560
7560
7560
7560
7560
6946
6946
7097
7097
7252
7252
7252
7406
7406
7406
7406
7406
7560
7560
7560
7560
7560
7560
7560
7560
6946
6946
7097
7097
7252
7252
7252
7406
7406
7406
7406
7406
7560
7560
7560
7560
7560
7560
7560
7560
