463
617
925
1695
2309
3078
3538
3998
4458
3535
3689
3995
4454
4915
5529
5834
6141
4302
4456
4761
5066
5373
5678
5831
5985
6289
4761
5373
5987
6294
6448
6599
6599
6752
5068
5373
5680
5831
5985
6292
6443
6443
6596
6749
5834
6294
6755
7219
7680
465
620
619
774
929
929
929
1084
1084
1084
1238
1238
1238
1238
1238
1393
1393
1393
1393
1393
1393
1393
1238
1392
1392
1392
1392
1392
1392
1392
1392
1392
1392
1392
1392
1392
1702
1856
2165
2319
2473
2473
2936
3860
4629
5244
4935
5550
6010
6624
7083
7391
6778
7237
7545
7849
8157
8465
7699
8003
8311
8465
8769
8923
8003
8311
8619
8769
8923
9077
8157
8465
8773
8923
9077
9231
8311
8465
8773
8923
9077
9231
8311
8619
8773
8923
9231
9385
8311
8619
8773
9077
9231
9385
8465
8619
8923
9077
9231
9385
9535
8465
8619
8923
9077
9231
9385
9535
8465
8619
8923
9077
9231
9385
9535
7095
7246
7400
7554
7708
7862
7862
8017
8017
7095
7249
7400
7554
7708
7862
7862
8017
8017
7249
7403
7400
7554
7708
7862
7862
8017
8017
7249
7403
7554
7554
7708
7862
7862
8017
8017
8017
7249
7403
7554
7554
7708
7862
7862
8017
8017
8171
7249
7403
7554
7554
7708
7862
7862
8017
8017
8171
7249
7403
7554
7554
7708
7862
7862
8017
8017
8171
7249
7403
7554
7708
7708
7862
7862
8017
8017
8171
7249
7403
7554
7708
7708
7862
7862
8017
8017
8171
8171
7249
7400
7554
7708
7708
7862
7862
8017
8017
8171
8167
7246
7400
7554
7708
7708
7862
7862
8017
8017
8167
8167
7246
7400
7554
7708
7708
7862
7862
8017
8017
8171
8171
7249
7400
7554
7708
7708
7862
8017
8017
8017
8171
8171
7249
7403
7554
7708
7708
7862
8017
8017
8017
8171
8171
7249
7400
7554
7708
7862
7862
8017
8017
8017
8171
8171
8171
7403
7400
7554
7708
7862
7862
8017
8017
8017
8171
8171
8171
7403
7403
7554
7708
7862
7862
8017
8017
8017
8171
8171
8171
7403
7403
7554
7708
7862
7862
8017
8017
8017
8171
8171
8171
7403
7554
7554
7708
7862
7862
8017
8017
8171
8171
8171
8171
7400
7554
7554
7708
7862
7862
8017
8017
8167
8167
8167
8167
8322
6637
6792
6946
6946
7100
7100
7255
7255
7252
7406
7406
7406
7406
7406
7560
6637
6792
6943
6943
7097
7097
7252
7252
7252
7406
7406
7406
7406
7406
7560
6637
6792
6943
6943
7097
7097
7252
7252
7252
7406
7406
7406
7406
7406
7560
6637
6789
6943
6943
7097
7097
7252
7252
7252
7406
7406
7406
7406
7406
7560
6637
6792
6946
6946
7100
7100
7255
7252
7252
7406
7406
7406
7406
7560
7560
7560
6792
6792
6946
6946
7100
7100
7255
7255
7255
7406
7406
7406
7406
7560
7560
7560
6637
6792
6946
6946
7100
7100
7255
7255
7255
7406
7406
7406
7406
7406
7560
7560
6792
6792
6946
6946
7100
7100
7255
7255
7252
7406
7406
7406
7406
7560
7560
7560
7560
6792
6792
6946
6943
7097
7097
7252
7252
7252
7406
7406
7406
7406
7560
7560
7560
7560
6792
6789
6943
7097
7097
7097
7252
7252
7252
7406
7406
7406
7406
7560
7560
7560
7560
6789
6789
6943
7097
7097
7097
7252
7252
7252
7406
7406
7406
7406
7560
7560
7560
7560
7560
6792
6792
6946
7100
7100
7255
7255
7252
7406
7406
7406
7406
7406
7560
7560
7560
7560
7560
6792
6792
6946
7100
7100
7100
7255
7255
7406
7406
7406
7406
7406
7560
7560
7560
7560
7560
6792
6792
6946
7100
7100
7255
7255
7255
7406
7406
7406
7406
7406
7560
7560
7560
7560
7560
7560
6792
6792
6946
7100
7100
7255
7255
7255
7406
7406
7406
7406
7406
7560
7560
7560
7560
7560
7560
6792
6946
6946
7100
7100
7252
7252
7252
7406
7406
7406
7406
7406
7560
7560
7560
7560
7560
7560
6789
6943
6943
7097
7097
7252
7252
7252
7406
7406
7406
7406
7406
7560
7560
7560
7560
7560
7560
6792
6792
6946
7100
7100
7255
7255
7252
7406
7406
7406
7406
7406
7560
7560
7560
7560
7560
7560
7560
6792
6946
6946
7100
7100
7255
7255
7252
7406
7406
7406
7406
7406
7560
7560
7560
7560
7560
7557
7557
6789
6789
6943
7097
7097
7097
7252
7252
7406
7406
7406
7406
7406
7560
7560
7560
7560
7560
7560
7560
