462
616
1078
1694
2308
2923
3383
3843
4148
3996
4611
5070
5222
5376
5680
5834
5985
4608
4759
5066
5371
5524
5831
6292
5222
5527
5680
5831
5985
5982
6136
6289
6289
4913
5373
5678
5831
5985
5982
6136
6289
6287
4913
5064
5371
5524
5676
6138
6445
6443
4761
5066
5220
5371
5678
5829
5982
5982
6133
6287
5678
5831
5982
6136
6136
6289
6440
6440
6440
6593
4913
5064
5371
5831
6138
6138
6289
6289
6443
4759
5066
5218
5371
5524
5676
5829
6136
6596
4148
4302
4608
4913
5066
5371
5524
5678
5829
5982
6136
5527
5987
6294
6448
6445
6445
6596
6596
6596
5066
5220
5371
5678
5829
5982
6289
6596
6596
6749
4302
4454
4759
5066
5218
5524
5678
5829
5982
6136
5834
6141
6141
6292
6292
6443
6443
6596
6596
6593
6593
4913
5218
5371
5678
6138
6292
6443
6443
6596
6596
4913
5218
5371
5522
5676
5829
5980
6133
6287
6593
5066
5218
5524
5678
5829
5982
5982
6136
6287
6287
6440
6440
5220
5678
5831
5985
6136
6136
6289
6289
6440
6440
6593
6593
4913
5218
5371
5522
5982
6292
6443
6443
6596
6596
6593
7092
7246
7400
7551
7699
7849
7843
7993
7990
5841
6146
6451
6758
6909
7059
7213
7363
7516
6758
6909
7216
7366
7520
7516
7670
7823
7820
5987
6292
6445
6749
6903
7210
7363
7516
7520
7680
6764
7074
7228
7385
7538
7696
7696
7849
7853
8007
7086
7240
7394
7551
7705
7705
7859
8013
8013
8013
7246
7400
7554
7554
7708
7862
7862
8017
8017
8171
7249
7400
7554
7708
7708
7862
7862
8017
8017
8171
7249
7403
7554
7708
7708
7862
7862
8017
8017
8171
8171
7249
7403
7554
7708
7708
7862
7862
8017
8017
8171
8171
7249
7403
7554
7708
7708
7862
7862
8017
8017
8171
8171
7249
7403
7554
7708
7708
7862
8017
8017
8017
8171
8171
7249
7403
7554
7708
7708
7862
8017
8017
8017
8171
8171
7246
7400
7554
7708
7862
7862
8017
8017
8017
8171
8167
7400
7400
7554
7708
7862
7862
8017
8017
8017
8167
8167
8167
7400
7400
7554
7708
7862
7862
8017
8017
8017
8171
8167
8167
7400
7554
7554
7708
7862
7862
8017
8017
8171
8171
8171
8171
7403
7554
7554
7708
7862
7862
8017
8017
8171
8171
8171
8171
7403
7557
7554
7708
7862
7862
8017
8017
8171
8171
8171
8171
7403
7557
7554
7708
7862
7862
8017
8017
8171
8171
8171
8171
8325
8007
8311
8465
8773
8923
8007
8311
8619
8773
8923
8007
8311
8619
8769
8923
8007
8311
8619
8769
9077
8157
8311
8619
8769
9077
8157
8465
8619
8927
9077
8161
8465
8619
8927
9077
9231
8161
8465
8619
8927
9077
9231
8161
8465
8773
8927
9077
9231
8315
8465
8773
8927
9077
9231
8315
8465
8773
8927
9077
9231
8315
8619
8773
8927
9077
9231
8315
8619
8773
8927
9231
9385
8315
8619
8773
8927
9231
9385
8315
8619
8773
8927
9231
9385
8311
8619
8773
9077
9231
9385
8465
8619
8773
9077
9231
9385
9539
8465
8619
8923
9077
9231
9385
9535
8465
8619
8923
9077
9231
9385
9539
8465
8619
8927
9077
9231
9385
9539
6637
6792
6946
6946
7100
7100
7255
7255
7252
7406
7406
7406
7406
7406
7560
6637
6792
6946
6946
7097
7097
7252
7252
7252
7406
7406
7406
7406
7406
7560
6637
6792
6946
6946
7100
7100
7255
7252
7252
7406
7406
7406
7406
7406
7560
6637
6792
6946
6946
7100
7100
7255
7255
7255
7409
7406
7406
7406
7406
7560
6637
6792
6946
6943
7097
7097
7252
7252
7252
7406
7406
7406
7406
7406
7560
7560
6792
6792
6946
6946
7100
7100
7255
7255
7255
7406
7406
7406
7406
7406
7560
7560
6637
6792
6946
6946
7100
7100
7255
7255
7255
7409
7406
7406
7406
7406
7560
7560
6792
6792
6946
6946
7100
7100
7255
7255
7255
7409
7406
7406
7406
7560
7560
7560
7560
6792
6792
6946
7097
7097
7097
7252
7252
7252
7406
7406
7406
7406
7560
7560
7560
7560
6792
6792
6946
6946
7100
7100
7255
7252
7252
7406
7406
7406
7406
7560
7560
7560
7560
6792
6792
6943
7097
7097
7097
7252
7252
7406
7406
7406
7406
7406
7560
7560
7560
7560
7560
6792
6792
6946
7100
7100
7100
7255
7255
7406
7406
7406
7406
7406
7560
7560
7560
7560
7560
6792
6792
6946
7100
7100
7100
7255
7255
7255
7409
7409
7406
7406
7560
7560
7560
7560
7560
6792
6792
6946
7100
7100
7255
7252
7252
7406
7406
7406
7406
7406
7560
7560
7560
7560
7560
7560
6792
6789
6943
7097
7097
7252
7252
7252
7406
7406
7406
7406
7406
7560
7560
7560
7560
7560
7560
6792
6792
6943
7097
7097
7252
7252
7252
7406
7406
7406
7406
7406
7560
7560
7560
7560
7560
7560
6792
6943
6943
7097
7097
7252
7252
7252
7406
7406
7406
7406
7406
7560
7560
7560
7560
7560
7560
6792
6946
6946
7100
7100
7255
7255
7255
7409
7406
7406
7406
7406
7560
7560
7560
7560
7560
7560
7560
6792
6946
6946
7100
7100
7255
7255
7255
7409
7406
7406
7406
7406
7560
7560
7560
7560
7560
7560
7560
6792
6946
6946
7100
7100
7255
7255
7255
7409
7406
7406
7406
7406
7560
7560
7560
7560
7560
7560
7560
