6172
6326
6326
6480
6480
6483
6637
6637
6637
6637
6792
6792
6792
6792
6792
6792
6792
6792
6946
6946
6946
6946
6946
6943
6940
6935
6932
6929
6923
6920
6920
6920
6917
6914
4611
4921
5075
5380
5531
5685
5836
5990
6141
6141
6294
6448
6445
6445
6599
6599
6596
6749
6749
6749
6749
6749
6749
6903
6903
6903
6903
6903
6900
6900
6900
6900
6903
6903
4452
4761
4917
5226
5378
5683
5836
5987
5987
6141
6292
6292
6445
6445
6599
6596
6596
6749
6749
6749
6749
6749
6749
6903
6903
6903
6903
6903
6903
6903
6903
6903
6903
6900
5527
5680
5831
5985
6138
6138
6289
6443
6443
6443
6596
6596
6596
6749
6749
6749
6747
6747
6903
6900
6900
6900
6900
6900
6900
6900
6900
6900
6900
6900
6900
6900
6900
6900
6900
5073
5224
5376
5683
5834
5987
5985
6138
6292
6292
6448
6445
6599
6599
6596
6749
6749
6749
6749
6749
6903
6903
6903
6900
6900
6900
6900
6900
6900
6900
6900
6900
6900
6900
6900
6900
5220
5373
5527
5680
5831
5985
6138
6289
6289
6443
6443
6602
6604
6610
6613
6769
6772
6775
6778
6780
6783
6783
6940
6940
6940
6943
6943
6943
6946
6946
6946
6946
6946
6949
6949
6949
6949
1381
2147
2761
3220
3680
3985
4445
4749
4902
5209
5362
5668
5819
5972
5972
6126
6279
6279
6432
6429
6582
6582
6585
6738
6738
6738
6738
6738
6888
6888
6888
6888
6891
6891
6891
6891
6891
5977
6131
6128
6281
6435
6432
6435
6588
6588
6585
6738
6738
6738
6738
6738
6891
6891
6891
6891
6891
6891
6891
6888
6888
6891
6891
6891
6891
6891
6891
6894
6894
7047
6894
7047
7047
7047
7047
4448
4755
5062
5213
5520
5671
5824
5977
6128
6128
6281
6435
6435
6435
6588
6588
6588
6741
6741
6741
6741
6894
6894
6894
6894
6894
6894
6894
6894
6894
6894
6894
6894
6894
6894
6894
6894
6894
6894
5062
5215
5367
5673
5824
5977
6128
6128
6281
6281
6435
6432
6585
6585
6585
6738
6747
6752
6758
6761
6766
6923
6926
6929
6932
6935
6935
6937
6937
6940
6940
6943
6943
6943
6943
6946
6946
6946
6946
6946
6331
6486
6486
6486
6640
6640
6640
6640
6795
6795
6795
6795
6795
6795
6795
6949
6949
6949
6949
6949
6949
6952
6952
6952
6952
6952
6952
6952
6952
6952
6952
6952
6952
6952
6952
6952
6952
6952
6952
6952
6334
6334
6488
6488
6643
6643
6643
6643
6797
6797
6797
6797
6797
6797
6797
6797
6952
6952
6952
6952
6952
6952
6952
6952
6952
6952
6952
6952
6952
6952
6949
6949
6949
6949
6949
6949
6949
6949
6949
6949
6949
6331
6331
6486
6486
6640
6640
6640
6640
6795
6797
6797
6797
6797
6797
6797
6797
6952
6952
6952
6952
6952
6952
6952
6952
6952
6952
6952
6952
6952
6952
6952
6952
6952
6952
6952
6952
6952
6952
6952
6952
6952
6952
6334
6334
6488
6488
6488
6643
6643
6643
6643
6797
6797
6797
6797
6797
6797
6797
6797
6952
6952
6952
6952
6952
6952
6952
6952
6952
6952
6952
6952
6952
6952
6952
6952
6952
6952
6952
6952
6952
6952
6952
6952
6952
6949
6334
6334
6488
6486
6486
6640
6640
6640
6640
6795
6795
6795
6795
6795
6795
6795
6949
6949
6949
6949
6949
6949
6949
6949
6949
6949
6949
6949
6949
6949
6949
6949
6949
6949
6949
6949
6949
6949
6949
6949
6949
6949
6952
6949
6334
6334
6488
6488
6643
6643
6643
6643
6797
6797
6797
6797
6797
6797
6797
6797
6797
6952
6952
6952
6952
6952
6952
6952
6952
6952
6952
6952
6952
6952
6952
6952
6952
6952
6952
6952
6952
6952
6952
6952
6952
6952
6952
6952
6334
6334
6488
6488
6643
6643
6643
6643
6643
6797
6797
6797
6797
6797
6797
6797
6797
6952
6952
6952
6952
6952
6952
6952
6952
6952
6952
6952
6952
6952
6952
6952
6952
6952
6952
6952
6952
6952
6952
6952
6952
6952
6952
6952
6952
6334
6334
6488
6488
6488
6640
6640
6640
6640
6795
6795
6795
6795
6795
6795
6795
6795
6949
6949
6949
6949
6952
6949
6952
6952
6952
6952
6952
6952
6952
6952
6952
6952
6952
6952
6952
6952
6952
6952
6952
6952
6952
6952
6952
6952
6952
6334
6334
6488
6488
6488
6643
6643
6643
6643
6797
6797
6797
6797
6797
6797
6797
6797
6952
6952
6952
6952
6952
6952
6952
6952
6952
6952
6952
6952
6952
6952
6952
6952
6952
6952
6952
6952
6952
6952
6952
6952
6952
6952
6952
6952
6952
6334
6334
6488
6488
6488
6643
6643
6643
6643
6797
6797
6797
6797
6797
6797
6797
6797
6952
6952
6952
6952
6952
6952
6952
6949
6949
6949
6949
6949
6949
6949
6949
6949
6949
6949
6949
6949
6949
6949
6949
6949
6949
6949
6949
6949
6952
6952
8157
8465
8773
8923
9077
8311
8465
8773
8923
9077
8311
8619
8773
8923
9077
8311
8619
8773
8923
9077
8311
8465
8773
8923
9077
8311
8619
8769
9077
9231
8465
8615
8923
9077
9231
8465
8769
8923
9077
9227
8465
8769
8923
9077
9231
8465
8769
8923
9077
9231
8465
8619
8923
9077
9231
9385
8465
8773
8923
9077
9231
9385
8465
8773
8923
9077
9231
9385
8465
8773
8923
9077
9231
9385
8465
8773
8923
9077
9231
9385
8619
8769
8923
9231
9385
9385
8619
8923
9077
9231
9385
9539
8619
8773
8923
9077
9231
9385
9535
8619
8923
9077
9231
9385
9539
8619
8923
9077
9231
9385
9535
7246
7400
7554
7708
7708
7862
7862
8017
8017
7246
7400
7554
7708
7708
7862
8017
8017
8017
7246
7400
7554
7708
7708
7862
7862
8013
8013
7246
7400
7554
7708
7862
7859
8013
8013
8013
7246
7400
7554
7708
7708
7862
8017
8013
8013
8167
7400
7554
7554
7708
7862
7862
8017
8017
8017
8171
7400
7554
7554
7708
7862
7862
8017
8017
8171
8171
7400
7554
7554
7708
7862
7862
8017
8017
8171
8171
7400
7554
7708
7708
7862
7862
8017
8017
8171
8171
7400
7554
7708
7708
7862
7862
8017
8017
8171
8171
7400
7554
7708
7708
7862
7862
8017
8017
8171
8171
8171
7400
7554
7708
7708
7862
7862
8017
8017
8171
8167
8167
7400
7554
7708
7708
7862
7859
8013
8013
8167
8167
8167
7400
7554
7708
7708
7859
7859
8013
8013
8167
8167
8167
7400
7554
7708
7708
7859
7859
8013
8013
8167
8167
8167
7400
7554
7708
7708
7862
7859
8013
8013
8167
8167
8167
8167
7400
7554
7708
7708
7859
8013
8013
8013
8167
8167
8167
8322
7400
7554
7708
7708
7862
8017
8017
8017
8167
8167
8167
8322
7400
7554
7708
7708
7862
7862
8017
8017
8171
8171
8167
8167
7400
7554
7708
7708
7862
8017
8017
8017
8171
8171
8171
8322
