7228
7532
7840
8147
8297
7382
7689
7843
8147
8301
7385
7689
7997
8301
8455
7538
7689
7997
8301
8455
7538
7843
7997
8301
8455
7538
7843
7997
8301
8455
7538
7843
8150
8301
8455
7689
7843
8150
8301
8608
7689
7840
8147
8297
8451
7532
7840
7990
8297
8451
8605
7535
7840
8147
8301
8451
8605
7689
7993
8147
8455
8605
8758
7689
7997
8147
8455
8608
8758
7689
7997
8301
8455
8608
8758
7843
7997
8301
8455
8608
8758
7843
7997
8301
8455
8608
8762
7843
7997
8301
8455
8608
8762
7843
8150
8301
8455
8762
8758
7843
8150
8301
8608
8762
8912
7997
8147
8455
8608
8762
8912
