7083
7237
7391
7545
7699
7853
7853
8007
8007
7240
7394
7548
7548
7702
7856
7856
8010
8010
7243
7397
7551
7702
7702
7856
7856
8010
8010
7243
7397
7551
7705
7705
7856
7856
8010
8010
8164
7243
7397
7551
7705
7705
7856
8010
8010
8010
8164
7243
7397
7551
7705
7705
7856
8010
8010
8010
8164
7243
7397
7551
7705
7859
7856
8010
8010
8010
8164
7397
7397
7551
7705
7859
7856
8010
8010
8164
8164
7397
7397
7551
7705
7859
7856
8010
8010
8164
8164
8164
7397
7397
7548
7702
7856
7856
8010
8010
8164
8164
8164
7397
7548
7548
7702
7856
7856
8010
8010
8164
8164
8164
7397
7548
7548
7702
7856
7856
8010
8010
8164
8164
8164
7397
7551
7551
7702
7856
7856
8010
8010
8164
8164
8164
7397
7551
7705
7705
7859
7856
8010
8010
8164
8164
8164
8318
7397
7551
7705
7702
7856
7856
8010
8010
8164
8164
8164
8318
7397
7548
7702
7702
7856
7856
8010
8010
8164
8164
8164
8318
7397
7551
7705
7702
7856
7856
8010
8010
8164
8164
8164
8318
7397
7551
7705
7705
7856
7856
8010
8010
8164
8164
8164
8318
7397
7551
7705
7705
7859
7856
8010
8010
8164
8164
8164
8318
7397
7551
7705
7705
7859
8010
8010
8010
8164
8164
8164
8318
8318
8154
8304
8612
8766
9069
8154
8458
8612
8919
9073
8154
8458
8612
8919
9073
8154
8462
8766
8919
9073
8308
8462
8766
8919
9073
8308
8458
8766
8919
9073
8308
8615
8766
8919
9073
9377
8308
8615
8766
8919
9227
9377
8308
8612
8766
9073
9223
9377
8308
8612
8766
9073
9223
9377
8458
8612
8919
9069
9223
9377
8458
8612
8919
9069
9223
9377
8462
8612
8919
9073
9223
9377
8462
8612
8919
9069
9223
9377
8458
8766
8919
9069
9223
9377
8458
8766
8919
9069
9223
9377
8458
8766
8919
9069
9223
9377
9531
8458
8766
8919
9073
9223
9377
9531
8612
8766
8919
9073
9377
9377
9531
8615
8766
8919
9227
9377
9377
9531
7689
7993
8147
8455
8605
7689
7993
8147
8455
8605
7689
7686
7532
7375
7219
7065
6909
6909
6906
6906
6906
4299
4452
4606
4913
5066
5218
5371
5524
5676
4145
4759
5066
5220
5371
5524
5678
5829
5982
4302
4456
4761
4915
5066
5220
5373
5371
5524
5678
5678
5831
3377
3684
4145
4759
5220
5373
5524
5678
5831
3991
4299
4606
4911
5064
5218
5369
5522
5676
5829
4911
5064
5218
5369
5522
5676
5827
5827
5980
5980
6133
6287
3836
4143
4450
4602
5062
5524
5678
5829
5982
5982
3991
4452
4913
5064
5218
5369
5522
5676
5829
5827
5980
4606
4911
5064
5369
5522
5522
5676
5827
5827
5980
6133
6133
5524
5678
5676
5829
5982
5980
6133
6133
6133
6287
6287
6284
5678
5829
5829
5982
5982
6133
6133
6133
6287
6287
6287
6284
6437
5678
5829
5982
5982
6133
6133
6133
6287
6287
6287
6287
6437
6437
5829
5829
5982
5982
6133
6133
6287
6287
6287
6287
6437
6437
6437
4295
4602
4909
5060
5213
5367
5520
5980
6133
6287
6287
6287
4142
4448
4602
5062
5524
5676
5829
5982
5982
6133
6133
6133
4297
4911
5371
5987
6448
6909
7216
462
616
1078
1694
2308
2923
3383
3843
4148
4454
4759
5220
