7529
7836
7990
8297
8451
7532
7840
8144
8297
8605
7686
7993
8147
8451
8605
7840
7993
8301
8451
8605
7843
7993
8301
8451
8605
7843
8147
8301
8451
8605
7843
8147
8301
8455
8758
7843
8147
8301
8608
8758
7843
8147
8301
8608
8758
7843
8147
8301
8455
8608
8758
7843
8150
8301
8455
8608
8762
7843
8150
8301
8455
8762
8912
7997
8150
8301
8608
8762
8912
7997
8150
8455
8608
8762
8912
7997
8150
8455
8608
8762
8912
7997
8147
8455
8608
8762
8912
7997
8301
8455
8608
8758
8912
7997
8301
8455
8608
8758
8912
7997
8301
8455
8608
8758
8912
8150
8301
8455
8608
8758
8912
