7240
7394
7548
7702
7702
7856
7856
8010
8010
7243
7397
7548
7702
7702
7856
7856
8010
8010
7243
7397
7551
7705
7705
7856
7856
8010
8010
7243
7397
7551
7705
7705
7859
7856
8010
8010
8164
7243
7397
7551
7705
7705
7859
8010
8010
8010
8164
7243
7397
7551
7705
7705
7859
8010
8010
8010
8164
7243
7397
7551
7705
7705
7859
8010
8010
8010
8164
7397
7397
7551
7705
7859
7859
8010
8010
8010
8164
7397
7397
7551
7702
7856
7856
8010
8010
8164
8164
8164
7397
7551
7548
7702
7856
7856
8010
8010
8164
8164
8164
7397
7551
7548
7702
7856
7856
8010
8010
8164
8164
8164
7397
7551
7548
7702
7856
7856
8010
8010
8164
8164
8164
7397
7551
7551
7705
7859
7856
8010
8010
8164
8164
8164
7397
7551
7551
7705
7859
7856
8010
8010
8164
8164
8164
8318
7397
7551
7705
7705
7859
7856
8010
8010
8164
8164
8164
8318
7397
7551
7705
7705
7859
7859
8010
8010
8164
8164
8164
8318
7397
7551
7705
7705
7859
7859
8010
8010
8164
8164
8164
8318
7397
7551
7705
7705
7859
7856
8010
8010
8164
8164
8164
8318
7397
7551
7705
7705
7859
7856
8010
8010
8164
8164
8164
8318
7397
7551
7705
7702
7856
8010
8010
8010
8164
8164
8164
8318
8318
8154
8308
8612
8766
9073
8154
8462
8612
8919
9073
8154
8462
8612
8919
9073
8154
8462
8766
8919
9073
8308
8462
8766
8919
9073
8308
8462
8766
8919
9073
8308
8615
8766
8919
9073
9377
8308
8612
8766
8919
9223
9377
8308
8612
8766
9073
9223
9377
8304
8612
8766
9069
9223
9377
8458
8612
8919
9073
9223
9377
8462
8612
8919
9073
9223
9377
8462
8612
8919
9073
9227
9377
8462
8766
8919
9073
9227
9377
8462
8766
8919
9073
9227
9377
8462
8766
8919
9073
9227
9377
8462
8766
8919
9073
9227
9377
9531
8462
8766
8919
9073
9227
9377
9531
8462
8766
8919
9073
9223
9377
9531
8462
8766
8919
9073
9223
9377
9531
