6169
6323
6323
6478
6480
6480
6635
6635
6635
6635
6789
6789
6789
6789
6789
6789
6789
6792
6946
6946
6946
6946
6946
6946
6946
6946
6946
6946
6946
6946
6937
6935
6929
5233
5538
5690
5841
5995
5992
6144
6297
6294
6448
6448
6599
6599
6599
6752
6752
6749
6749
6749
6749
6903
6903
6903
6903
6903
6903
6903
6900
6900
6900
6903
6900
6900
4606
4917
5070
5378
5529
5683
5834
5987
6141
6138
6294
6448
6448
6445
6599
6599
6599
6749
6749
6749
6749
6749
6749
6903
6903
6900
6900
6900
6900
6900
6900
6900
6900
6900
6900
6138
6138
6292
6292
6443
6443
6596
6596
6596
6749
6749
6749
6749
6749
6749
6900
6900
6900
6900
6900
6900
6900
6900
6900
6900
6900
6900
6900
6900
6900
6900
6900
6900
6900
6900
5987
5987
6141
6292
6292
6445
6443
6596
6596
6599
6752
6749
6749
6749
6749
6749
6903
6903
6900
6900
6900
6900
6900
6900
6900
6900
6900
6900
6900
6900
6900
6900
6900
6900
6900
6900
5527
5680
5831
5985
6138
6138
6289
6289
6443
6443
6596
6596
6596
6749
6749
6749
6749
6747
6900
6903
6906
6912
6917
6920
6923
6926
6929
6932
6935
6937
6937
6940
6940
6943
6943
6943
6946
1382
1995
2609
3222
3681
3988
4293
4600
4907
5213
5364
5518
5824
5824
5977
6131
6281
6281
6435
6435
6588
6588
6588
6741
6741
6741
6741
6741
6894
6894
6894
6894
6894
6894
6894
6894
6894
5827
5827
5980
6133
6284
6284
6437
6437
6591
6591
6591
6741
6741
6741
6741
6741
6894
6894
6894
6894
6894
6894
6894
6894
6894
6894
6894
6894
6894
6894
6894
6894
6894
6894
6894
7047
7047
7047
4142
4604
4755
5062
5369
5520
5673
5827
5980
6133
6133
6284
6437
6437
6591
6591
6591
6593
6752
6758
6761
6766
6769
6772
6775
6932
6935
6937
6937
6940
6940
6943
6943
6943
6946
6946
6946
6946
6946
1535
2148
2762
3221
3681
3988
4446
4753
4907
5211
5364
5671
5824
5977
5975
6128
6281
6281
6435
6435
6588
6588
6588
6741
6741
6741
6741
6741
6894
6894
6894
6894
6894
6894
6894
6894
6894
6894
6894
4448
4759
4913
5218
5371
5676
5829
5982
5980
6133
6287
6287
6437
6437
6591
6591
6591
6744
6744
6744
6744
6744
6894
6894
6894
6894
6894
6894
6894
6894
6894
6894
6894
6894
6894
6894
6894
6894
6894
7047
4448
4753
5062
5218
5524
5676
5829
5982
6133
6133
6287
6287
6445
6451
6610
6613
6615
6621
6775
6778
6780
6783
6783
6786
6786
6943
6943
6943
6943
6946
6946
6946
6946
6946
6946
6946
6949
6949
6949
6949
6949
1227
1994
2453
3066
3525
3985
4290
4596
4902
5209
5362
5513
5666
5819
5972
6126
6279
6276
6429
6429
6582
6582
6582
6735
6735
6735
6735
6735
6888
6888
6888
6888
6888
6888
6888
6888
6888
6888
6888
6888
6888
6888
5671
5824
5975
6128
6281
6281
6432
6432
6585
6585
6585
6738
6738
6738
6735
6735
6888
6888
6888
6888
6888
6888
6888
6888
6888
6888
6888
6888
6888
6888
7042
7042
7042
7042
7042
7042
7042
7042
7042
7042
7042
7042
7042
4446
4753
5058
5211
5515
5668
5822
5972
6128
6126
6279
6432
6432
6432
6585
6585
6582
6735
6735
6735
6735
6888
6888
6888
6888
6888
6888
6888
6888
6888
6888
6888
6888
6888
6888
7042
7042
7042
7044
7050
7059
6909
6914
6305
6464
6467
6470
6624
6626
6629
6783
6786
6786
6789
6789
6789
6792
6792
6946
6946
6946
6949
6949
6949
6949
6949
6949
6949
6949
6949
6949
6949
6949
6949
6949
6949
6949
6949
6949
6949
6949
6949
6949
6949
6949
6949
6949
6331
6331
6486
6486
6640
6640
6640
6640
6795
6795
6795
6795
6795
6797
6797
6952
6952
6949
6949
6949
6949
6949
6949
6949
6949
6949
6949
6949
6949
6949
6949
6949
6949
6949
6949
6949
6949
6949
6949
6949
6949
6949
6952
6952
6952
6334
6334
6488
6488
6643
6643
6643
6643
6797
6797
6797
6797
6797
6797
6797
6797
6952
6952
6952
6952
6952
6952
6952
6952
6952
6952
6952
6952
6952
6952
6952
6952
6952
6952
6952
6952
6952
6952
6952
6952
6952
6952
6952
6952
6952
6952
6334
6334
6488
6488
6643
6643
6643
6643
6797
6797
6797
6797
6797
6797
6797
6797
6952
6952
6952
6952
6952
6952
6952
6952
6952
6952
6952
6952
6952
6949
6949
6949
6949
6949
6949
6949
6949
6949
6949
6949
6949
6949
6949
6949
6949
6949
6949
6331
6331
6486
6486
6640
6640
6640
6640
6795
6795
6795
6795
6795
6795
6795
6795
6949
6949
6949
6949
6949
6949
6949
6949
6949
6949
6949
6949
6949
6949
6949
6949
6949
6949
6952
6952
6952
6952
6952
6952
6952
6952
6952
6952
6952
6952
6952
