6169
6323
6326
6480
6480
6480
6635
6635
6635
6635
6789
6789
6789
6789
6789
6789
6789
6789
6943
6946
6946
6946
6946
6946
6946
6946
6946
6946
6946
6943
6937
6932
6926
5690
5841
5992
6141
6141
6292
6443
6443
6440
6591
6591
6591
6741
6741
6741
6738
6738
6891
6891
6891
6891
6888
6888
6888
6891
6891
6891
6891
6891
6891
6891
6891
6891
6891
5058
5211
5518
5668
5822
5975
6128
6128
6279
6279
6432
6432
6585
6585
6585
6738
6738
6738
6738
6738
6891
6891
6891
6888
6891
6891
6891
6888
6891
6891
6891
6891
6891
6891
6287
6287
6437
6437
6588
6588
6588
6741
6738
6738
6738
6738
6891
6891
6891
6891
6888
6888
6888
6888
6888
6888
6888
6888
6888
6888
6888
6888
7042
7042
7042
7042
7042
7042
7042
5824
5977
6128
6128
6281
6432
6432
6585
6585
6585
6738
6738
6738
6735
6735
6888
6888
6888
6888
6888
6888
6888
6888
6894
6900
6906
6912
6914
6920
6923
6926
6929
6932
6935
6935
6937
1383
1998
2612
3073
3532
3991
4299
4606
4911
5218
5371
5524
5678
5829
5982
6136
6289
6289
6443
6443
6596
6596
6596
6593
6747
6747
6749
6749
6749
6903
6903
6903
6900
6903
6903
6903
6903
4454
4763
4919
5224
5378
5529
5836
5987
5987
6141
6292
6294
6448
6445
6599
6599
6599
6749
6749
6749
6749
6749
6749
6903
6903
6903
6903
6903
6903
6903
6903
6903
6903
6903
6903
6903
6903
4452
4759
5066
5220
5529
5683
5834
5987
6138
6138
6292
6292
6443
6445
6596
6596
6596
6749
6749
6749
6749
6749
6903
6903
6903
6903
6903
6903
6903
6903
6903
6903
6903
6903
6903
6903
6903
6903
4915
5222
5376
5527
5834
5831
5985
6138
6292
6289
6445
6445
6599
6596
6596
6749
6749
6749
6749
6749
6903
6903
6903
6903
6903
6903
6903
6903
6900
6900
6903
6906
6912
6917
6920
6923
6929
6929
6932
1381
1995
2609
3068
3528
3988
4293
4600
4907
5213
5364
5518
5671
5824
5977
6128
6281
6281
6435
6435
6588
6588
6588
6741
6741
6741
6741
6741
6894
6894
6894
6894
6894
6894
6894
6894
6894
6894
6894
5215
5367
5673
5827
5977
5977
6131
6284
6284
6437
6437
6588
6588
6588
6741
6741
6741
6741
6741
6894
6894
6894
6894
6894
6894
6894
6894
6894
6894
6894
6894
6894
6894
6894
6894
6894
7047
7047
7047
7047
5369
5520
5673
5827
5977
6131
6284
6284
6437
6437
6588
6588
6588
6741
6741
6741
6741
6741
6894
6894
6894
6894
6894
6894
6894
6894
6894
6894
6894
6894
6894
6894
6894
6894
6894
7047
7047
7047
7047
7053
7059
6300
6456
6461
6464
6621
6624
6626
6780
6783
6783
6786
6786
6789
6789
6943
6943
6946
6946
6946
6946
6946
6946
6946
6949
6949
6949
6949
6949
6949
6949
6949
6949
6949
6949
6949
6949
6949
6949
6949
6949
6949
6952
6334
6488
6488
6488
6643
6643
6643
6643
6797
6797
6797
6797
6797
6797
6797
6952
6952
6952
6952
6952
6952
6952
6952
6952
6952
6952
6952
6952
6952
6952
6952
6952
6952
6952
6952
6952
6952
6952
6952
6952
6952
6952
6952
6334
6334
6488
6488
6643
6643
6643
6643
6797
6797
6797
6797
6797
6797
6797
6797
6952
6952
6952
6952
6952
6952
6952
6952
6952
6952
6952
6952
6952
6952
6952
6952
6952
6952
6952
6952
6952
6952
6952
6952
6952
6952
6952
6334
6334
6486
6486
6640
6640
6640
6640
6795
6795
6795
6795
6795
6795
6795
6795
6949
6949
6949
6952
6952
6952
6952
6952
6952
6952
6952
6952
6952
6952
6952
6952
6952
6952
6952
6952
6952
6952
6952
6952
6952
6952
6952
6952
6334
6334
6488
6488
6488
6643
6643
6643
6643
6797
6797
6797
6797
6797
6797
6797
6797
6952
6952
6952
6952
6952
6952
6952
6952
6952
6952
6952
6952
6952
6952
6952
6952
6952
6952
6952
6952
6952
6952
6952
6952
6952
6952
6952
6952
6334
6334
6488
6488
6643
6643
6643
6643
6797
6797
6797
6797
6797
6797
6797
6797
6952
6952
6952
6952
6952
6952
6952
6952
6952
6949
6949
6949
6949
6949
6949
6949
6949
6949
6949
6949
6949
6949
6949
6949
6949
6949
6949
6949
6949
6334
6334
6488
6488
6488
6643
6643
6643
6643
6797
6797
6797
6797
6797
6797
6797
6797
6952
6952
6952
6952
6949
6949
6949
6949
6949
6949
6949
6949
6949
6949
6949
6949
6949
6949
6949
6949
6949
6949
6949
6952
6952
6952
6952
6952
6952
6952
6334
6334
6488
6488
6643
6643
6643
6643
6797
6797
6797
6797
6797
6797
6797
6797
6952
6952
6952
6952
6952
6952
6952
6952
6952
6952
6952
6952
6952
6952
6952
6952
6952
6952
6952
6952
6952
6952
6952
6952
6952
6952
6952
6952
6952
6952
6952
8311
8465
8773
8923
9077
8311
8465
8773
8923
9077
8311
8619
8773
8923
9077
8311
8619
8773
8923
9077
8311
8465
8773
8923
9077
8311
8619
8773
9077
9231
8465
8619
8923
9077
9231
8465
8619
8923
9077
9231
8465
8773
8923
9077
9231
8465
8615
8923
9077
9231
8465
8615
8923
9077
9231
9381
8465
8769
8923
9077
9231
9381
8465
8769
8923
9077
9231
9381
8465
8769
8923
9077
9231
9385
8619
8769
9077
9231
9385
9539
8465
8773
8923
9077
9231
9385
8619
8773
9077
9231
9385
9539
8619
8927
9077
9231
9385
9539
8619
8923
9077
9231
9385
9539
8619
8923
9077
9231
9385
9539
