7843
8150
8455
8762
8916
7846
8150
8458
8766
8916
8000
8308
8458
8766
8919
8000
8308
8612
8766
8919
8154
8462
8612
8919
9073
8154
8308
8612
8766
9073
8154
8462
8612
8919
9073
9227
8154
8462
8612
8919
9073
9227
8308
8462
8766
8919
9073
9223
8308
8612
8766
8919
9227
9377
8308
8462
8766
8919
9073
9223
8308
8615
8766
8919
9073
9223
8308
8462
8766
8919
9073
9223
8308
8462
8766
8919
9073
9223
8308
8612
8766
9073
9227
9377
8308
8612
8766
9073
9227
9377
8462
8612
8919
9073
9223
9377
9531
8458
8612
8919
9069
9223
9377
9531
8308
8612
8766
9073
9223
9377
9531
8458
8612
8919
9073
9223
9377
9531
7089
7243
7397
7551
7705
7702
7856
7856
8010
7243
7397
7397
7551
7705
7859
7856
8010
8010
7089
7243
7397
7551
7705
7702
7856
8010
8010
7089
7243
7397
7551
7702
7702
7856
8010
8010
8010
7089
7243
7397
7548
7702
7702
7856
8010
8010
8010
7089
7397
7397
7551
7705
7859
7856
8010
8010
8010
7243
7397
7551
7705
7705
7859
7856
8010
8010
8164
7243
7397
7551
7705
7705
7859
7856
8010
8010
8164
7243
7397
7551
7705
7705
7856
8010
8010
8010
8164
8164
7243
7397
7551
7702
7702
7856
7856
8010
8010
8164
8164
7243
7397
7548
7702
7702
7856
7856
8010
8010
8164
8164
7243
7397
7551
7705
7705
7856
8010
8010
8010
8164
8164
7243
7397
7551
7705
7705
7859
7856
8010
8010
8164
8164
7397
7397
7551
7705
7859
7859
8010
8010
8164
8164
8164
8164
7243
7397
7551
7705
7705
7859
7856
8010
8010
8164
8164
8164
7397
7397
7551
7705
7859
7859
8010
8010
8010
8164
8164
8164
7243
7397
7551
7705
7859
7856
8010
8010
8010
8164
8164
8164
7243
7397
7548
7702
7702
7856
8010
8010
8010
8164
8164
8164
7397
7548
7548
7702
7856
7856
8010
8010
8164
8164
8164
8164
7243
7397
7548
7548
7702
7856
7856
8010
8010
8164
8164
8164
8318
6632
6786
6786
6940
7095
7095
7249
7249
7249
7403
7403
7403
7403
7403
7557
6632
6786
6940
6940
7095
7095
7249
7249
7249
7403
7403
7403
7403
7400
7554
6632
6786
6940
6940
7095
7095
7249
7246
7246
7400
7400
7400
7400
7554
7554
6632
6786
6940
6940
7095
7095
7249
7249
7249
7403
7403
7403
7403
7403
7557
6786
6786
6937
7086
7080
7231
7225
7222
7372
7369
7366
7366
7516
7513
7513
7510
4767
5231
5387
5695
6005
6161
6315
6472
6626
6780
6937
6937
7092
7092
7246
7249
6478
6635
6789
6789
6943
6943
7097
7097
7252
7252
7252
7406
7406
7406
7406
7560
6637
6792
6946
6946
7097
7097
7252
7252
7252
7406
7406
7406
7406
7560
7560
7560
7560
6792
6792
6946
7100
7100
7100
7255
7252
7406
7406
7406
7406
7406
7560
7560
7560
7560
6792
6789
6943
7097
7097
7097
7252
7252
7406
7406
7406
7406
7406
7560
7560
7560
7560
6792
6792
6946
6946
7100
7100
7255
7255
7252
7406
7406
7406
7406
7560
7560
7560
7560
7560
6792
6792
6946
7100
7100
7255
7255
7255
7409
7406
7406
7406
7406
7560
7560
7560
7560
7560
6792
6792
6946
7100
7100
7255
7255
7255
7406
7406
7406
7406
7406
7560
7560
7560
7560
7560
6792
6792
6946
7100
7100
7255
7255
7255
7409
7406
7406
7406
7406
7560
7560
7560
7560
7560
7560
6792
6946
6946
7100
7100
7255
7255
7255
7406
7406
7406
7406
7406
7560
7560
7560
7560
7560
7557
5079
5231
5536
5841
5992
6144
6448
6599
6749
6749
6900
7053
7050
7204
7201
7201
7354
7354
7351
4753
5060
5367
5671
5824
6131
6281
6435
6588
6741
6891
6891
7044
7044
7198
7198
7351
7351
7351
4598
4907
5213
5520
5824
5977
6284
6435
6588
6741
6741
6894
7044
7044
7198
7198
7351
7351
7351
7351
4140
4297
4448
4909
5213
5520
5824
5977
6281
6435
6588
6741
6741
6891
7044
7044
7198
7198
7351
7351
4291
4446
4753
5211
5364
5671
5975
6128
6281
6435
6585
6738
6891
7044
7044
7198
7195
7195
7348
7348
