7375
7683
8144
8297
8605
7840
8147
8301
8608
8912
7997
8304
8608
8762
8916
8150
8458
8612
8919
9069
8154
8458
8766
8919
9069
8308
8458
8766
8919
9073
8308
8458
8766
8919
9073
9223
8308
8612
8766
8919
9227
9377
8308
8615
8766
9073
9227
9377
8308
8612
8766
9073
9227
9377
8462
8612
8919
9073
9227
9377
8462
8612
8919
9073
9227
9377
8462
8612
8919
9073
9227
9377
8462
8612
8919
9073
9227
9377
8462
8766
8919
9073
9223
9377
8462
8766
8919
9073
9223
9377
8462
8766
8919
9073
9223
9373
9527
8455
8608
8912
9066
9219
9373
9527
8458
8762
8916
9069
9223
9377
9527
8612
8766
8916
9069
9223
9377
9531
7243
7397
7551
7702
7702
7856
7856
8010
8010
7243
7397
7551
7705
7705
7856
7856
8010
8010
7243
7397
7551
7705
7705
7859
7856
8010
8010
7243
7397
7551
7705
7705
7859
8010
8010
8010
8164
7243
7397
7551
7705
7705
7856
8010
8010
8010
8164
7243
7397
7551
7705
7859
7859
8010
8010
8010
8164
7397
7397
7551
7705
7859
7859
8010
8010
8164
8164
7397
7397
7551
7705
7859
7859
8010
8010
8164
8164
7397
7551
7551
7705
7859
7859
8010
8010
8164
8164
8164
7397
7551
7551
7705
7856
7856
8010
8010
8164
8164
8164
7397
7551
7548
7702
7856
7856
8010
8010
8164
8164
8164
7397
7551
7551
7705
7856
7856
8010
8010
8164
8164
8164
7397
7551
7705
7705
7856
7856
8010
8010
8164
8164
8164
7397
7551
7705
7705
7859
7856
8010
8010
8164
8164
8161
8157
5382
5687
5841
6149
6453
6604
6755
6909
7059
7213
7210
7363
7516
4450
4757
5220
5527
5831
6138
6289
6596
6749
6900
7053
7053
7207
3840
3995
3996
3998
4306
4765
5070
5529
5836
5987
6292
6445
6599
6749
6141
6294
6448
6599
6752
6903
7056
7207
7207
7360
7360
7513
7513
7664
4911
5218
5524
5834
5985
6292
6443
6749
6903
7053
7053
7207
7360
7360
6596
6749
6903
7053
7207
7207
7360
7357
7510
7510
7664
7664
7664
7817
7542
7846
8154
8308
8458
7542
7846
8154
8308
8458
7696
7846
8154
8304
8612
7696
8000
8154
8458
8612
7692
8000
8154
8458
8612
7692
7535
7378
7225
7068
7068
6912
6758
6755
6755
6752
6752
5836
5987
5987
6138
6138
6136
6289
6289
6287
6440
6440
5524
5524
5678
5678
5829
5829
5982
5982
6133
6133
6287
6287
5524
5985
6448
6909
7216
6761
7068
7375
7683
7990
8144
7382
7689
7840
8147
8301
8455
7538
7843
8150
8304
8458
8762
7846
8000
8304
8458
8612
8766
7846
8154
8304
8458
8612
8766
7846
8154
8304
8458
8766
8916
7846
8154
8304
8612
8766
8916
8000
8154
8304
8612
8766
8916
8000
8150
8458
8612
8766
8916
8000
8154
8458
8612
8766
8916
8000
8150
8458
8612
8766
8916
6179
6334
6334
6488
6488
6488
6643
6643
6643
6643
6797
6797
6797
6797
6797
6797
6797
6797
6797
6952
6952
6952
6952
6952
6952
6952
6952
6952
6952
6952
6952
6952
6952
6952
6179
6334
6334
6488
6488
6488
6643
6643
6643
6643
6797
6797
6797
6797
6797
6797
6797
6797
6797
6952
6952
6952
6952
6952
6952
6952
6952
6952
6952
6952
6952
6952
6952
6952
6179
6334
6334
6488
6488
6488
6643
6643
6643
6643
6797
6797
6797
6797
6797
6797
6797
6797
6797
6952
6946
6940
6935
6929
6926
6923
6917
6914
6917
6914
6912
6909
6909
6906
6906
5527
5678
5831
5982
6136
6133
6287
6440
6440
6440
6591
6591
6591
6744
6744
6744
6741
6741
6897
6897
6897
6894
6894
6894
6894
6894
6894
6894
6894
6894
6894
6894
6894
6894
6894
6136
6294
6297
6456
6459
6464
6621
6624
6624
6626
6783
6783
6786
6786
6789
6789
6789
6792
6946
6946
6946
6949
6949
6949
6949
6949
6949
6949
6949
6949
6949
6949
6952
6952
6952
6952
6952
6179
6334
6334
6488
6488
6643
6643
6643
6643
6797
6797
6797
6797
6797
6797
6797
6797
6797
6952
6952
6952
6952
6952
6952
6952
6952
6952
6952
6952
6952
6952
6952
6952
6952
6952
6952
6952
6179
6334
6334
6488
6488
6488
6643
6643
6643
6643
6797
6797
6797
6797
6797
6797
6797
6797
6952
6952
6952
6952
6952
6952
6952
6952
6952
6952
6952
6952
6952
6952
6952
6952
6952
6952
6952
6952
6179
6334
6334
6488
6488
6488
6643
6643
6643
6643
6797
6797
6797
6797
6797
6797
6797
6797
6952
6952
6952
6952
6952
6952
6952
6952
6952
6952
6952
6952
6952
6952
6952
6952
6952
6952
6952
6952
6952
6179
6334
6334
6488
6488
6488
6643
6643
6643
6643
6797
6797
6797
6797
6797
6797
6797
6797
6797
6952
6952
6952
6952
6952
6952
6952
6952
6952
6952
6952
6952
6952
6952
6952
6952
6952
6952
6952
6952
6179
6334
6334
6488
6488
6488
6643
6643
6643
6643
6797
6797
6797
6797
6797
6797
6797
6797
6797
6952
6952
6952
6952
6952
6952
6952
6952
6952
6952
6952
6952
6952
6952
6952
6952
6952
6952
6952
6952
6952
6179
6334
6334
6488
6488
6643
6643
6643
6643
6643
6797
6797
6797
6797
6797
6797
6797
6797
6797
6952
6952
6952
6952
6952
6952
6952
6952
6952
6952
6952
6952
6952
6952
6952
6952
6952
6952
6952
6952
6952
6952
6179
6334
6334
6488
6488
6643
6643
6643
6643
6643
6797
6797
6797
6797
6797
6797
6797
6797
6952
6952
6952
6952
6952
6952
6952
6952
6952
6952
6952
6952
6952
6952
6952
6952
6952
6952
6952
6952
6952
6952
6952
6952
6179
6334
6334
6488
6488
6488
6643
6643
6643
6643
6797
6797
6797
6797
6797
6797
6797
6797
6797
6952
6952
6952
6952
6952
6952
6952
6952
6952
6952
6952
6952
6952
6952
6952
6952
6952
6949
6952
6949
6952
6952
6952
6179
6334
6334
6488
6488
6488
6643
6643
6643
6643
6797
6797
6797
6797
6797
6797
6797
6797
6952
6952
6952
6952
6952
6952
6952
6952
6952
6952
6952
6952
6952
6952
6952
6952
6952
6952
6952
6952
6952
6952
6952
6952
6952
6179
6334
6334
6488
6488
6643
6643
6643
6643
6643
6797
6797
6797
6797
6797
6797
6797
6797
6797
6952
6952
6952
6952
6952
6952
6952
6952
6952
6952
6952
6952
6952
6952
6952
6952
6952
6952
6952
6952
6952
6952
6952
6952
6952
6179
6334
6334
6488
6488
6488
6643
6643
6643
6643
6797
6797
6797
6797
6797
6797
6797
6797
6952
6949
6949
6949
6952
6952
6952
6952
6952
6952
6952
6952
6952
6952
6952
6952
6952
6952
6952
6952
6952
6952
6952
6952
6952
6952
6952
6179
6334
6334
6488
6488
6643
6643
6643
6643
6643
6797
6797
6797
6797
6797
6797
6797
6797
6952
6952
6952
6952
6952
6952
6952
6952
6952
6952
6952
6952
6952
6952
6952
6952
6952
6952
6952
6952
6952
6952
6952
6952
6952
6952
6952
6179
6334
6334
6488
6488
6488
6643
6643
6643
6643
6797
6797
6797
6797
6797
6797
6797
6797
6797
6952
6952
6952
6952
6952
6952
6952
6952
6952
6952
6952
6952
6952
6952
6952
6952
6952
6952
6952
6952
6952
6952
6952
6952
6952
6952
6952
6179
6334
6334
6488
6488
6488
6643
6643
6643
6643
6797
6797
6797
6797
6797
6797
6797
6797
6797
6952
6952
6952
6952
6952
6952
6952
6952
6952
6952
6952
6952
6952
6952
6952
6952
6952
6952
6952
6952
6952
6952
6952
6952
6952
6952
6952
6952
6179
6334
6334
6488
6488
6488
6643
6643
6643
6643
6797
6797
6797
6797
6797
6797
6797
6797
6797
6952
6952
6952
6952
6952
6952
6952
6952
6952
6952
6952
6952
6952
6952
6952
6952
6952
6952
6952
6952
6952
6952
6952
6952
6952
6952
6952
6952
