462
616
1078
1847
2461
2922
3382
3996
3998
4611
4917
5068
5376
5527
5680
5831
4454
4759
5066
5218
5678
5985
6136
6136
4913
5066
5218
5371
5676
5829
5982
5982
6289
5680
5985
6138
6138
6289
6289
6443
6440
6593
4913
5064
5371
5831
5985
6136
6289
6289
6440
4759
5066
5218
5524
5676
5829
5982
6443
6596
4608
4761
5066
5220
5524
5678
5829
5982
5982
6136
5680
6141
6292
6292
6445
6443
6443
6596
6593
4913
5066
5371
5524
5678
6138
6292
6443
6443
4913
5220
5371
5524
5676
5829
5982
6136
6133
6443
5834
6138
6138
6289
6289
6443
6443
6593
6593
6593
6747
4913
5218
5524
5985
5982
6136
6289
6289
6440
6440
4913
5064
5371
5524
5676
5829
5982
6443
6596
6596
4608
4913
5066
5371
5524
5678
5829
5982
6136
6133
6287
5834
6141
6292
6292
6443
6443
6596
6596
6593
6593
6747
4913
5064
5371
5678
6138
6292
6443
6443
6443
6596
4913
5066
5218
5524
5678
5829
5982
5982
6289
6596
6749
5220
5371
5678
5831
5829
5982
6136
6287
6287
6440
6440
6593
5524
5831
5985
5982
6136
6289
6287
6440
6440
6593
6593
6591
6635
6789
6943
6943
7097
7097
7252
7252
7252
7406
7406
7406
7406
7560
7560
6637
6792
6940
6935
7086
7083
7234
7231
7382
7378
7375
7375
7526
7526
7523
5685
5839
6146
6300
6451
6604
6755
6755
6909
7059
7059
7213
7213
7366
7366
5529
5680
5987
6144
6297
6448
6602
6755
6906
7059
7059
7213
7210
7210
7363
5376
5680
5987
6141
6297
6456
6613
6769
6926
6926
7083
7083
7240
7240
7243
7397
6475
6629
6786
6940
6940
7095
7095
7249
7249
7249
7406
7406
7406
7406
7560
7560
6792
6792
6943
6943
7097
7097
7252
7252
7252
7406
7406
7406
7406
7560
7560
7560
6792
6792
6946
7100
7100
7255
7255
7255
7406
7406
7406
7406
7406
7560
7560
7560
7560
6792
6792
6946
7100
7100
7255
7255
7255
7409
7406
7406
7406
7406
7560
7560
7560
7560
6792
6792
6943
7097
7097
7252
7252
7252
7406
7406
7406
7406
7406
7560
7560
7560
7560
6792
6789
6943
7097
7097
7252
7252
7252
7406
7406
7406
7406
7406
7560
7560
7560
7560
7560
6792
6789
6943
7097
7097
7252
7252
7252
7406
7406
7406
7406
7406
7560
7560
7560
7560
7560
6792
6792
6946
7100
7100
7255
7255
7255
7406
7406
7406
7406
7406
7560
7560
7560
7560
7560
6792
6946
6946
7100
7100
7255
7255
7255
7409
7406
7406
7406
7560
7560
7560
7560
7560
7560
6792
6946
6946
7100
7100
7255
7255
7255
7406
7406
7406
7406
7406
7560
7560
7560
7560
7560
7560
6792
6946
6946
7100
7100
7255
7255
7255
7406
7406
7406
7406
7406
7560
7560
7560
7560
7560
7560
6792
6946
6946
7097
7097
7252
7252
7252
7406
7406
7406
7406
7560
7560
7560
7560
7560
7560
7560
6792
6946
6946
7100
7100
7255
7252
7252
7406
7406
7406
7406
7560
7560
7560
7560
7560
7560
7560
7560
6792
6946
6946
7100
7100
7255
7255
7255
7406
7406
7406
7406
7406
7560
7560
7560
7560
7560
7560
7560
6792
6946
6946
7100
7100
7255
7255
7255
7406
7406
7406
7406
7560
7560
7560
7560
7560
7560
7560
7560
7095
7249
7400
7554
7708
7862
7862
8017
8017
7095
7249
7403
7554
7708
7862
7862
8017
8017
7249
7403
7400
7554
7708
7862
7862
8017
8017
7249
7403
7400
7554
7708
7862
7862
8017
8017
8017
7246
7400
7554
7554
7708
7862
7862
8017
8017
8171
7246
7400
7554
7554
7708
7862
7862
8017
8017
8171
7249
7400
7554
7708
7708
7862
7862
8017
8017
8171
7249
7403
7554
7708
7708
7862
7862
8017
8017
8171
7249
7403
7554
7708
7708
7862
7862
8017
8017
8171
8171
7249
7403
7554
7708
7708
7862
7862
8017
8017
8171
8171
7249
7403
7554
7708
7708
7862
7862
8017
8017
8171
8171
7249
7403
7554
7708
7708
7862
7862
8017
8017
8171
8171
7249
7403
7554
7708
7708
7862
8017
8017
8017
8171
8171
7249
7403
7554
7708
7862
7862
8017
8017
8017
8171
8171
7246
7400
7554
7708
7862
7862
8017
8017
8017
8167
8167
8167
7400
7400
7554
7708
7862
7862
8017
8017
8017
8171
8171
8171
7403
7400
7554
7708
7862
7862
8017
8017
8017
8171
8171
8171
7403
7554
7554
7708
7862
7862
8017
8017
8017
8171
8171
8171
7403
7403
7554
7708
7862
7862
8017
8017
8171
8171
8171
8171
7403
7557
7554
7708
7862
7862
8017
8017
8171
8171
8171
8171
8325
8007
8311
8465
8773
8923
8007
8311
8619
8773
8927
8007
8315
8619
8773
8927
8007
8311
8619
8773
9077
8007
8311
8619
8773
9077
8003
8308
8615
8766
8919
8157
8308
8615
8769
9077
9227
8157
8465
8615
8923
9077
9231
8157
8465
8615
8923
9077
9231
8157
8465
8773
8923
9077
9231
8311
8465
8769
8923
9077
9231
8311
8619
8769
8923
9077
9231
8311
8619
8769
8923
9231
9385
8311
8619
8773
9077
9231
9385
8311
8619
8773
9077
9231
9385
8311
8619
8769
9077
9231
9385
8465
8619
8769
9077
9231
9385
8465
8619
8923
9077
9231
9385
9539
8465
8619
8927
9077
9231
9385
9539
8465
8619
8927
9077
9231
9385
9535
