6172
6326
6326
6480
6480
6480
6635
6635
6635
6635
6789
6789
6789
6792
6792
6792
6789
6789
6943
6943
6940
6940
6940
6943
6943
6943
6943
6943
6943
6937
6932
6929
6923
5387
5538
5690
5839
5992
6144
6294
6294
6445
6445
6596
6596
6593
6593
6747
6744
6744
6744
6744
6897
6897
6897
6894
6894
6894
6894
6894
6894
6894
6894
6894
6894
6894
6894
4907
5215
5369
5520
5673
5827
5980
6131
6284
6284
6437
6437
6588
6588
6588
6741
6741
6741
6741
6741
6741
6894
6894
6894
6894
6894
6894
6894
6894
6894
6894
6894
6894
6894
6894
6133
6287
6287
6440
6437
6591
6591
6591
6591
6744
6744
6744
6741
6741
6894
6894
6894
6894
6894
6894
6894
6894
6894
6894
6894
6894
6894
6894
6894
6894
6894
6894
6894
6894
6894
5369
5673
5827
5980
5977
6131
6284
6284
6437
6435
6588
6588
6588
6741
6741
6741
6741
6741
6894
6894
6894
6894
6894
6894
6900
6906
6912
6917
6920
6923
6926
6929
6932
6935
6937
6937
1075
1842
2455
3069
3528
3835
4293
4600
4907
5058
5364
5518
5671
5824
5977
6128
6128
6281
6435
6435
6588
6588
6588
6588
6741
6741
6741
6741
6741
6894
6894
6894
6894
6894
6894
6894
6894
4448
4755
5060
5213
5520
5671
5824
5977
6131
6131
6284
6284
6437
6437
6591
6588
6588
6741
6741
6741
6741
6741
6894
6894
6894
6894
6894
6894
6894
6894
6894
6894
6894
6894
6894
6894
6894
5062
5369
5520
5673
5827
5977
6131
6131
6284
6437
6435
6435
6588
6588
6588
6741
6741
6741
6741
6741
6894
6894
6894
6894
6894
6894
6894
6894
6894
6894
6894
6894
6894
6894
6894
6894
6894
6894
4446
4753
5062
5215
5522
5676
5827
5980
6133
6131
6284
6292
6451
6453
6613
6615
6618
6621
6778
6780
6780
6783
6786
6786
6786
6943
6943
6943
6946
6946
6946
6946
6946
6949
6949
6949
6949
6949
6949
1383
1998
2612
3225
3686
3991
4299
4606
4911
5218
5371
5522
5829
5829
5982
6136
6289
6289
6443
6440
6593
6593
6593
6747
6747
6747
6747
6747
6747
6900
6900
6903
6900
6900
6900
6900
6900
6900
6900
4452
4759
5064
5222
5531
5685
5836
5990
6141
6141
6294
6292
6445
6445
6599
6599
6596
6749
6749
6749
6749
6749
6903
6903
6903
6903
6903
6903
6900
6900
6903
6903
6903
6903
6903
6900
6900
6900
6903
6903
4606
4913
5066
5373
5529
5685
5836
5990
6141
6294
6294
6445
6445
6599
6599
6596
6596
6749
6749
6749
6749
6749
6900
6903
6903
6903
6900
6900
6900
6900
6900
6900
6900
6903
6903
6903
6900
6900
6900
6900
6900
5834
5985
6138
6292
6292
6443
6443
6596
6596
6596
6749
6749
6747
6747
6747
6900
6900
6900
6900
6900
6900
6900
6900
6900
6900
6900
6900
6900
6900
6900
6906
6912
6917
6920
6923
6929
6929
6932
6935
6937
6937
6940
1074
1840
2454
2913
3526
3832
4291
4596
4902
5056
5362
5515
5666
5819
5972
6126
6279
6279
6432
6432
6585
6585
6585
6738
6738
6738
6738
6738
6891
6891
6891
6891
6891
6891
6891
6891
6891
6891
6891
6891
6891
6891
6891
4753
4907
5211
5364
5668
5822
5975
5975
6128
6281
6279
6432
6432
6585
6585
6585
6738
6738
6738
6738
6738
6891
6891
6891
6891
6891
6891
6888
6888
6891
6891
6891
6888
6888
6888
7044
7044
7044
7044
7042
7042
7042
7042
5977
6131
6284
6281
6435
6435
6585
6585
6585
6738
6738
6738
6738
6738
6891
6891
6894
6900
6906
6912
6914
6920
6923
6926
6929
6932
6935
6935
6937
6937
6940
6940
6943
6943
6943
6946
6946
6946
6946
6946
6949
6949
6949
6949
6331
6331
6486
6486
6640
6640
6640
6640
6797
6797
6797
6797
6797
6797
6797
6952
6952
6952
6952
6952
6952
6952
6952
6952
6952
6952
6952
6952
6952
6952
6952
6952
6952
6952
6952
6952
6952
6949
6949
6949
6946
6946
6946
6946
6946
6329
6329
6486
6486
6640
6640
6640
6640
6795
6795
6795
6795
6795
6795
6795
6949
6949
6949
6949
6949
6949
6949
6949
6949
6952
6952
6952
6952
6952
6952
6952
6952
6952
6952
6952
6952
6949
6949
6949
6949
6949
6949
6949
6949
6949
6949
6334
6331
6486
6486
6640
6640
6640
6640
6795
6795
6797
6797
6797
6797
6797
6797
6952
6952
6952
6952
6952
6952
6952
6952
6952
6952
6952
6952
6952
6952
6952
6952
6952
6952
6952
6952
6952
6952
6952
6952
6952
6952
6952
6952
6952
6952
6334
6334
6488
6486
6486
6640
6640
6640
6795
6795
6795
6795
6795
6795
6795
6795
6949
6949
6949
6949
6949
6949
6949
6952
6952
6949
6949
6952
6952
6952
6952
6952
6952
6952
6952
6952
6952
6952
6952
6952
6952
6952
6952
6952
6952
6952
6952
