6172
6172
6326
6326
6480
6480
6635
6635
6635
6635
6789
6789
6792
6792
6792
6792
6792
6792
6946
6946
6946
6946
6946
6946
6946
6943
6940
6935
6929
6926
6920
6920
6917
4919
5224
5376
5527
5834
5831
5985
6138
6289
6289
6443
6440
6593
6593
6593
6593
6744
6744
6744
6744
6744
6894
6894
6894
6894
6894
6894
6894
6894
6894
6894
6894
6894
6894
4753
4911
5215
5369
5520
5827
5827
5980
6133
6284
6284
6437
6437
6591
6591
6591
6744
6741
6741
6741
6741
6894
6894
6894
6894
6894
6894
6894
6894
6894
6894
6894
6894
6894
6894
5827
5980
6131
6131
6284
6437
6437
6437
6591
6588
6588
6741
6741
6741
6741
6741
6894
6894
6894
6894
6894
6894
6894
6894
6894
6894
6894
6894
6894
6894
6894
6894
6894
6894
6894
5367
5520
5673
5827
5977
6131
6284
6284
6437
6437
6588
6588
6588
6741
6741
6741
6744
6749
6755
6914
6917
6923
6926
6929
6932
6935
6935
6937
6940
6940
6940
6943
6943
6943
6946
6946
1384
1998
2612
3226
3686
3991
4299
4606
4911
5218
5371
5524
5829
5829
5982
6136
6289
6289
6443
6443
6596
6593
6593
6596
6749
6749
6749
6747
6747
6900
6900
6900
6900
6900
6900
6903
6900
4761
5070
5376
5529
5680
5834
5987
6141
6138
6292
6445
6445
6445
6599
6596
6596
6749
6749
6749
6749
6749
6903
6903
6900
6900
6900
6900
6900
6900
6900
6900
6900
6900
6900
6900
6900
6900
6900
4606
4913
5068
5376
5529
5680
5834
5987
6138
6292
6292
6445
6445
6599
6599
6596
6596
6749
6749
6749
6749
6749
6903
6903
6903
6903
6903
6903
6900
6900
6903
6903
6903
6903
6903
6900
6900
6900
5527
5680
5831
5985
6138
6292
6292
6443
6443
6596
6599
6599
6596
6749
6749
6749
6749
6749
6903
6903
6903
6903
6903
6900
6900
6900
6900
6900
6900
6903
6903
6903
6903
6903
6903
6900
6900
6900
7053
1381
2147
2607
3220
3680
3985
4445
4751
4902
5209
5362
5668
5819
5972
5972
6126
6279
6279
6432
6432
6585
6585
6585
6735
6738
6738
6738
6738
6891
6894
6894
6894
6894
6894
6894
6894
6894
6894
6894
4297
4602
4909
5213
5367
5518
5671
5824
5975
6128
6281
6281
6432
6432
6585
6585
6585
6738
6738
6738
6738
6738
6891
6891
6891
6891
6891
6891
6891
6891
6891
6891
6891
6891
6891
6891
6888
6888
7042
7042
5980
6133
6133
6284
6284
6435
6435
6588
6588
6588
6741
6738
6738
6738
6738
6891
6891
6891
6891
6891
6888
6888
6888
6888
6888
6888
6888
6888
6888
7042
7042
7042
7042
7042
7042
7042
7042
7042
7042
7042
7042
4904
5211
5362
5515
5668
5822
5972
6126
6284
6289
6448
6453
6456
6613
6615
6621
6775
6778
6780
6783
6783
6786
6786
6943
6943
6943
6943
6946
6946
6946
6946
6946
6949
6949
6949
6949
6949
6949
6949
6949
6949
6949
6331
6334
6488
6488
6488
6643
6643
6643
6797
6797
6797
6797
6797
6797
6797
6797
6952
6952
6952
6952
6952
6952
6952
6952
6952
6952
6952
6952
6952
6952
6952
6952
6952
6952
6952
6952
6952
6952
6952
6952
6952
6952
6952
6334
6334
6488
6488
6488
6643
6643
6640
6795
6795
6795
6795
6795
6795
6795
6795
6949
6949
6949
6949
6949
6949
6949
6949
6949
6949
6949
6952
6952
6949
6949
6952
6949
6952
6952
6952
6952
6952
6952
6952
6952
6952
6952
6952
6334
6334
6488
6488
6643
6643
6643
6643
6797
6797
6797
6797
6797
6797
6797
6797
6952
6952
6952
6952
6952
6952
6952
6952
6952
6952
6952
6952
6952
6952
6952
6952
6952
6952
6952
6952
6952
6952
6952
6952
6952
6952
6952
6952
6334
6334
6488
6488
6643
6643
6643
6643
6797
6797
6797
6797
6797
6797
6797
6797
6952
6952
6952
6952
6952
6952
6952
6952
6952
6952
6952
6952
6952
6952
6952
6952
6949
6949
6949
6949
6949
6949
6949
6949
6949
6949
6949
6949
6949
6331
6331
6486
6486
6486
6643
6643
6643
6797
6797
6797
6797
6797
6797
6797
6797
6797
6952
6952
6952
6952
6952
6952
6952
6952
6952
6952
6952
6952
6952
6952
6952
6952
6952
6952
6952
6952
6952
6952
6952
6952
6952
6952
6952
6952
6952
6334
6334
6488
6488
6488
6643
6643
6643
6643
6797
6797
6797
6797
6797
6797
6797
6797
6952
6952
6952
6952
6952
6952
6952
6952
6952
6952
6952
6952
6952
6952
6952
6952
6952
6952
6952
6952
6952
6952
6952
6952
6952
6952
6952
6952
6952
6952
6334
6334
6488
6488
6643
6643
6643
6643
6797
6797
6797
6795
6795
6795
6795
6795
6949
6949
6949
6949
6949
6949
6949
6949
6949
6949
6949
6949
6949
6952
6949
6952
6952
6952
6952
6952
6952
6952
6952
6952
6952
6952
6952
6952
6952
6952
6952
8157
8465
8619
8923
9077
8157
8465
8769
8923
9077
8157
8465
8769
8923
9077
8311
8615
8769
9077
9231
8311
8615
8769
8923
9231
8465
8615
8923
9077
9227
8311
8615
8769
9077
9231
8311
8619
8769
9077
9231
8465
8619
8923
9077
9231
9385
8465
8773
8923
9077
9231
8465
8773
8923
9077
9231
9385
8465
8773
8923
9077
9231
9385
8465
8773
8923
9077
9231
9381
8465
8769
8923
9077
9227
9381
8465
8769
8923
9077
9227
9381
8615
8769
9077
9231
9381
9535
8465
8769
8923
9077
9231
9381
8619
8769
8923
9231
9385
9385
8619
8769
9077
9231
9385
9539
9535
8619
8923
9077
9231
9385
9535
