462
616
1078
1847
2616
3230
3691
4152
4615
4923
5233
5538
5844
5995
6300
4611
4919
5224
5529
5836
5990
6294
6448
6604
6758
6758
6909
7062
7062
7213
5378
5683
5836
6141
6294
6448
6602
6758
6912
6909
7062
7062
7213
7213
7366
5529
5680
5987
6141
6292
6448
6604
6758
6909
6909
7062
7213
7213
7213
7366
4763
5068
5376
5683
5839
6149
6302
6453
6607
6758
6912
6909
7062
7062
7213
7213
5376
5683
5836
6144
6300
6451
6604
6758
6909
6909
7062
7059
7213
7213
7366
7366
5376
5683
5836
6146
6297
6451
6604
6755
6909
6909
7059
7059
7213
7213
7366
7363
5376
5685
5839
6144
6297
6448
6602
6755
6906
6906
7059
7059
7213
7213
7363
7363
7363
5990
6141
6294
6448
6599
6752
6906
6906
7056
7210
7210
7210
7363
7363
7363
7516
7516
6602
6755
6752
6906
7059
7059
7210
7210
7363
7363
7363
7363
7516
7516
7516
7513
7513
6602
6602
6752
6906
7059
7059
7210
7210
7210
7363
7363
7363
7516
7516
7516
7516
7513
6755
6752
6906
7059
7059
7210
7210
7210
7363
7363
7363
7516
7516
7513
7513
7513
7513
7513
460
614
1074
1688
2455
3068
3680
4140
4598
4904
5211
5515
5822
5975
6281
6432
6585
6738
6738
4753
5213
5518
5671
5977
6128
6281
6435
6588
6741
6891
7044
7044
7198
7198
7198
7351
7351
4446
4753
5060
5364
5671
5977
6128
6281
6435
6588
6741
6894
6894
7044
7198
7198
7198
7351
7351
6133
6287
6440
6591
6744
6894
7047
7047
7201
7198
7198
7351
7351
7351
7504
7504
7504
7501
7501
6591
6744
6894
6894
7047
7047
7198
7198
7351
7351
7351
7351
7504
7504
7504
7501
7501
7501
7654
6593
6752
6755
6914
7071
7074
7231
7234
7234
7391
7394
7394
7394
7551
7551
7554
7554
7554
7554
7554
6786
6786
6940
7095
7095
7252
7252
7252
7406
7406
7406
7406
7560
7560
7557
7551
7545
7542
7535
7686
5839
5990
6141
6445
6596
6749
6747
6900
7050
7050
7201
7201
7354
7354
7354
7354
7504
7504
7504
7504
8007
8311
8619
8773
8923
8007
8311
8619
8769
9077
8007
8311
8619
8769
9077
8007
8311
8619
8769
9077
8157
8311
8619
8769
9077
8157
8465
8619
8923
9077
8161
8465
8619
8927
9077
9231
8161
8465
8773
8927
9077
9231
8161
8465
8773
8927
9077
9231
8315
8465
8773
8927
9077
9231
8315
8465
8773
8927
9077
9231
8315
8619
8773
8927
9077
9385
8315
8619
8773
8927
9231
9385
8315
8619
8773
8927
9231
9385
8315
8154
7997
7993
7836
7680
7676
7520
7520
7516
7363
7360
7360
6445
6909
7369
7676
7987
8294
7532
7993
8147
8455
8762
8916
9069
8154
8308
8612
8766
9073
9227
9381
8311
8615
8769
8923
9227
9381
9535
8465
8615
8923
9077
9231
9381
9535
7095
7246
7400
7554
7708
7708
7862
8017
8017
7095
7249
7400
7554
7708
7862
7862
8017
8017
7249
7403
7400
7554
7708
7862
7862
8017
8017
7249
7403
7554
7554
7708
7862
7862
8017
8017
8171
7249
7403
7557
7554
7708
7862
7862
8017
8017
8171
7249
7403
7554
7554
7708
7862
7862
8017
8017
8171
7249
7403
7554
7554
7708
7862
7862
8017
8017
8171
7249
7403
7554
7708
7708
7862
7862
8017
8017
8171
7249
7403
7554
7708
7708
7862
7862
8017
8017
8171
8171
7246
7400
7554
7708
7708
7862
7862
8017
8017
8167
8167
7246
7400
7554
7708
7708
7862
7862
8017
8017
8171
8171
7249
7400
7554
7708
7708
7862
7862
8017
8017
8171
8171
7249
7403
7554
7708
7708
7862
7862
8017
8017
8171
8171
7249
7403
7554
7708
7708
7862
8017
8017
8017
8171
8171
7249
7403
7554
7708
7708
7862
8017
8017
8017
8171
8171
8171
7249
7403
7554
7708
7708
7862
8017
8017
8017
8171
8171
8171
7249
7403
7554
7708
7862
7862
8017
8017
8017
8171
8171
8171
7249
7403
7554
7708
7708
7862
8017
8017
8017
8171
8171
8171
7403
7400
7554
7708
7862
7862
8017
8017
8017
8167
8167
8167
7400
7554
7554
7708
7862
7862
8017
8017
8171
8171
8171
8171
8322
