6172
6326
6326
6480
6480
6637
6637
6637
6637
6792
6792
6792
6792
6792
6786
6783
6932
6926
6923
6920
6917
6914
6912
6909
6909
6906
6906
6903
6903
6900
6900
6900
6897
6897
4911
5215
5369
5522
5827
5827
5980
6133
6284
6284
6437
6437
6591
6591
6591
6744
6741
6741
6741
6741
6741
6894
6894
6894
6894
6894
6894
6894
6894
6894
6894
6894
6894
6894
4757
5062
5215
5369
5673
5827
5980
5980
6131
6284
6284
6437
6437
6591
6591
6591
6741
6744
6741
6741
6741
6741
6894
6894
6894
6894
6894
6894
6894
6894
6894
6894
6894
6894
5827
5980
5977
6131
6284
6284
6437
6437
6591
6588
6588
6741
6741
6741
6741
6741
6741
6894
6894
6894
6894
6894
6894
6894
6894
6894
6894
6894
6894
6894
6894
6894
6894
6894
6891
5215
5373
5529
5687
5844
6002
6159
6161
6315
6318
6475
6475
6632
6632
6635
6635
6789
6792
6792
6792
6792
6792
6795
6795
6949
6949
6949
6949
6949
6949
6949
6949
6949
6949
6949
6949
1381
1995
2609
3069
3528
3988
4293
4600
4907
5213
5364
5518
5671
5824
5975
6128
6281
6281
6435
6435
6588
6588
6588
6741
6741
6741
6741
6741
6741
6894
6894
6894
6894
6894
6894
6894
6894
4909
5215
5369
5520
5673
5827
5977
6131
6284
6284
6437
6437
6591
6588
6588
6741
6741
6741
6741
6741
6894
6894
6894
6894
6894
6894
6894
6894
6894
6894
6894
6894
6894
6894
6894
6894
6894
4448
4757
5064
5218
5522
5676
5829
5980
6133
6133
6287
6440
6437
6437
6591
6591
6591
6744
6744
6744
6744
6741
6894
6894
6897
6897
6897
6894
6894
6894
6894
6894
6894
6894
6894
6894
6894
6894
5673
5827
5980
5977
6131
6284
6284
6437
6440
6599
6604
6607
6613
6769
6772
6775
6778
6780
6780
6783
6937
6940
6940
6943
6943
6943
6943
6946
6946
6946
6946
6946
6946
6946
6949
6949
6949
6949
6949
1381
1995
2607
3066
3526
3986
4291
4598
4904
5209
5362
5515
5668
5822
5972
6126
6279
6279
6432
6432
6585
6585
6585
6738
6738
6738
6738
6738
6891
6891
6891
6891
6891
6891
6891
6891
6891
6891
6891
5829
5982
6133
6133
6284
6284
6437
6437
6588
6588
6588
6741
6741
6741
6738
6738
6891
6891
6891
6891
6891
6891
6891
6891
6891
6891
6891
6891
6891
6891
6891
6891
7044
7044
7044
7044
7044
7044
7044
7044
4140
4448
4755
5060
5213
5518
5671
5824
5975
6128
6128
6281
6435
6432
6432
6585
6585
6585
6738
6738
6738
6738
6738
6891
6891
6891
6891
6891
6891
6891
6891
6894
6894
6894
6894
6894
6894
6894
6894
6894
7047
5982
6136
6287
6287
6440
6440
6593
6593
6591
6747
6749
6755
6761
6764
6769
6926
6929
6932
6932
6935
6937
6937
6940
6940
6940
6943
6943
6943
6946
6946
6946
6946
6946
6949
6949
6949
6949
6949
6949
6949
6949
6949
1384
1998
2612
3226
3686
3991
4299
4606
4911
5218
5371
5524
5829
5829
5982
6136
6289
6289
6443
6440
6593
6593
6596
6749
6749
6749
6747
6747
6747
6900
6900
6900
6900
6900
6900
6900
6900
6900
6903
6900
6900
6900
5064
5373
5529
5680
5834
5987
6138
6138
6292
6445
6443
6445
6596
6596
6596
6749
6749
6749
6749
6749
6903
6903
6903
6903
6903
6903
6900
6900
6903
6900
6900
6900
6900
6900
6900
6900
6900
6900
6900
6900
6900
7053
7053
4915
5220
5373
5524
5678
5831
5982
6136
6289
6289
6443
6443
6596
6596
6596
6747
6747
6747
6747
6749
6903
6903
6903
6900
6900
6900
6900
6900
6900
6900
6900
6900
6900
6900
6900
6900
6900
6900
6903
6900
6900
7053
7053
7053
4761
4917
5226
5384
5541
5697
5853
6010
6164
6167
6321
6323
6478
6480
6635
6635
6637
6637
6792
6792
6792
6795
6795
6795
6795
6949
6949
6949
6949
6949
6949
6949
6949
6949
6949
6949
6952
6952
6952
6952
6952
6952
6952
6952
6952
6334
6334
6488
6488
6643
6643
6643
6643
6797
6797
6797
6797
6797
6797
6797
6797
6952
6952
6952
6949
6949
6949
6949
6949
6949
6949
6949
6949
6949
6949
6949
6949
6949
6949
6949
6949
6949
6949
6949
6949
6952
6952
6949
6952
6952
6952
6334
6334
6488
6488
6643
6643
6643
6643
6797
6797
6797
6797
6797
6797
6797
6797
6952
6952
6952
6952
6952
6952
6952
6952
6952
6952
6952
6952
6952
6952
6952
6952
6952
6952
6952
6952
6952
6952
6952
6952
6952
6952
6952
6952
6952
6952
6334
6334
6488
6488
6643
6643
6643
6643
6797
6797
6797
6797
6797
6797
6797
6797
6952
6952
6952
6952
6952
6952
6952
6949
6949
6949
6949
6949
6949
6949
6949
6949
6949
6949
6949
6949
6949
6949
6949
6949
6949
6949
6949
6949
6949
6949
6949
