6783
6937
6937
7092
7092
7246
7246
7246
7400
7400
7400
7400
7400
7554
7554
6786
6940
6940
7095
7095
7246
7246
7246
7400
7400
7400
7400
7400
7554
7554
6786
6940
6940
7095
7095
7249
7249
7249
7403
7403
7403
7403
7403
7557
7557
6786
6940
6940
7095
7095
7249
7249
7249
7403
7403
7403
7403
7403
7557
7557
6786
6940
6940
7095
7095
7249
7249
7249
7403
7403
7403
7403
7557
7557
7557
7557
6786
6940
6940
7095
7095
7249
7249
7249
7403
7403
7403
7403
7403
7557
7557
7557
6786
6940
6940
7095
7095
7249
7249
7249
7403
7403
7403
7403
7403
7557
7557
7557
6786
6940
6940
7095
7095
7249
7249
7249
7403
7403
7403
7403
7403
7557
7557
7557
7557
6786
6940
6940
7095
7095
7249
7249
7249
7403
7403
7403
7400
7554
7554
7554
7554
7554
6786
6940
6940
7095
7095
7249
7249
7249
7403
7403
7403
7403
7557
7557
7557
7557
7557
6786
6940
6940
7095
7095
7249
7249
7249
7403
7403
7403
7403
7557
7557
7557
7557
7557
7557
6786
6940
6940
7095
7095
7249
7249
7249
7403
7403
7403
7403
7557
7557
7557
7557
7557
7557
6786
6940
6940
7095
7095
7249
7249
7249
7403
7403
7403
7403
7557
7557
7557
7557
7557
7557
6786
6940
6940
7095
7095
7249
7249
7249
7403
7403
7403
7403
7557
7557
7557
7557
7557
7557
7557
6786
6940
6940
7095
7095
7249
7249
7249
7403
7403
7403
7403
7557
7557
7554
7554
7554
7554
7554
6786
6940
7095
7095
7095
7249
7249
7403
7403
7403
7403
7403
7557
7557
7557
7557
7557
7557
7557
6786
6940
6940
7095
7095
7246
7240
7388
7385
7378
7375
7526
7526
7523
7520
7516
7516
7516
7667
5985
6292
6443
6596
6747
6900
6900
7050
7050
7204
7204
7357
7357
7354
7354
7507
7507
7507
7507
3991
4299
4757
5062
5369
5673
5824
6131
6284
6437
6588
6741
6894
6894
7047
7044
7198
7198
7351
7351
4907
5213
5518
5671
5975
6128
6281
6435
6585
6738
6891
7044
7044
7198
7198
7198
7351
7351
7351
7504
8007
8315
8465
8773
8927
8007
8311
8619
8773
8923
8007
8311
8619
8773
8923
8007
8311
8619
8773
8927
8161
8311
8619
8773
9077
8161
8465
8619
8927
9077
8161
8465
8619
8927
9077
9231
8161
8465
8619
8923
9077
9231
8157
8465
8773
8923
9077
9231
8311
8465
8773
8923
9077
9231
8157
8465
8773
8923
9077
9231
8311
8465
8773
8923
9077
9231
8311
8619
8773
8923
9231
9385
8311
8619
8773
8923
9231
9385
8311
8619
8773
9077
9231
9385
8311
8619
8773
9077
9231
9385
8311
8619
8773
9077
9231
9385
9539
8465
8311
8150
7993
7836
7833
7676
7673
7520
7516
7516
7360
7513
4143
4450
4757
5064
5215
5522
5673
5827
5980
6131
6284
6284
6437
5676
5829
5980
6133
6133
6284
6437
6437
6588
6588
6741
6741
6894
6894
7092
7243
7391
7385
7535
7529
7680
7676
7673
7823
6138
6292
6443
6596
6747
6900
7050
7204
7354
7354
7507
5829
6138
6448
6604
6914
7071
7228
7382
7538
6775
7083
7237
7394
7545
7542
7689
7686
7680
7676
5220
5527
5831
6136
6289
6593
6744
6897
7050
7201
7201
463
617
772
1388
2158
2926
3541
4154
4767
5073
5531
4458
4763
5068
5527
5834
6141
6451
6755
6909
7059
5529
5834
6141
6445
6752
6903
7056
7207
7360
7513
6445
6755
6909
7213
7366
7516
7516
7667
7820
7820
7973
5834
6138
6445
6596
6903
7053
7210
7366
7516
7670
7670
5834
6138
6445
6596
6903
7056
7207
7360
7513
7667
7817
6599
6909
7065
7222
7378
7535
7689
7692
7846
7849
8003
7086
7240
7394
7548
7702
7705
7859
8013
8013
8013
8167
7246
7400
7554
7708
7708
7859
7859
8013
8013
8167
8167
7246
7400
7554
7708
7862
7862
8017
8017
8017
8171
8167
8167
7246
7400
7554
7708
7862
7862
8017
8017
8017
8171
8171
8171
7403
7400
7554
7708
7862
7862
8017
8017
8017
8171
8171
8171
7403
7400
7554
7708
7862
7862
8017
8017
8017
8171
8167
8167
7400
7400
7554
7708
7862
7862
8017
8017
8017
8171
8171
8171
7400
7554
7554
7708
7862
7862
8017
8017
8171
8171
8171
8171
8325
