6172
6326
6326
6480
6480
6635
6635
6635
6635
6789
6789
6789
6789
6789
6792
6792
6792
6792
6946
6946
6946
6946
6946
6946
6946
6946
6946
6946
6946
6946
6946
6943
6937
6932
5079
5233
5541
5692
5844
5995
5992
6146
6297
6297
6448
6448
6599
6599
6599
6752
6752
6752
6749
6749
6749
6903
6903
6903
6903
6903
6903
6903
6903
6903
6903
6903
6903
6903
4452
4761
4917
5224
5376
5683
5834
5987
5987
6138
6292
6292
6445
6445
6599
6596
6596
6749
6749
6749
6749
6749
6749
6903
6903
6903
6903
6903
6903
6903
6903
6903
6903
6903
6900
5836
5987
5987
6138
6292
6292
6445
6443
6596
6599
6599
6749
6749
6749
6749
6749
6749
6900
6903
6903
6900
6900
6900
6900
6900
6900
6900
6903
6900
6903
6903
6900
6900
6900
6900
6138
6292
6292
6445
6443
6596
6596
6596
6596
6749
6749
6749
6749
6749
6900
6900
6900
6900
6900
6900
6900
6900
6900
6900
6900
6900
6900
6900
6903
6900
6900
6900
6900
6900
6900
6900
5373
5680
5834
5985
5985
6138
6292
6289
6443
6443
6599
6599
6599
6749
6749
6749
6749
6749
6749
6903
6903
6909
6912
6917
6920
6926
6929
6932
6932
6935
6937
6937
6940
6940
6943
6943
6943
1227
1994
2607
3066
3526
3985
4291
4598
4902
5209
5362
5515
5666
5819
5972
6126
6279
6279
6432
6432
6585
6585
6585
6735
6735
6735
6735
6735
6888
6888
6888
6888
6888
6888
6888
6888
6888
4138
4600
4904
5058
5364
5515
5668
5822
5975
6128
6279
6279
6432
6432
6585
6585
6585
6738
6738
6738
6735
6735
6735
6888
6888
6888
6888
6888
6888
6888
6888
6888
6888
6888
6888
6888
6888
6888
4291
4598
4904
5060
5371
5529
5687
5844
6000
6156
6159
6315
6318
6472
6475
6629
6632
6632
6635
6789
6789
6789
6792
6792
6792
6792
6946
6946
6946
6949
6949
6949
6949
6949
6949
6949
6949
6949
6949
1535
2148
2762
3221
3681
4142
4446
4753
5060
5211
5364
5671
5824
5977
5975
6128
6281
6281
6435
6435
6588
6588
6588
6741
6741
6741
6741
6741
6894
6894
6894
6894
6894
6894
6894
6894
6894
6894
6894
4909
5062
5369
5520
5673
5827
5977
6131
6131
6284
6437
6437
6588
6588
6588
6588
6741
6741
6741
6741
6741
6894
6894
6894
6894
6894
6894
6894
6894
6894
6894
6894
6894
6894
6891
6894
6894
7044
7044
7044
5367
5520
5671
5824
5977
6131
6284
6284
6435
6435
6588
6588
6588
6741
6741
6741
6741
6741
6894
6894
6894
6894
6894
6894
6894
6894
6894
6894
6894
6894
6894
6894
6894
6894
7047
7047
7047
7047
7050
7059
6912
1536
2149
2762
3222
3681
4142
4446
4753
5060
5213
5364
5671
5824
5977
5977
6131
6284
6281
6435
6435
6588
6588
6588
6741
6741
6741
6741
6741
6894
6894
6894
6894
6894
6894
6894
6894
6894
6894
6894
6894
6894
4448
4757
5064
5215
5522
5676
5827
5980
6133
6133
6287
6287
6437
6437
6591
6591
6591
6744
6744
6744
6741
6741
6897
6894
6894
6894
6894
6894
6894
6894
6894
6894
6894
6894
6894
6894
6894
7047
7047
7047
7047
7047
5520
5673
5827
5977
6131
6284
6284
6435
6437
6588
6588
6588
6741
6741
6741
6741
6741
6894
6894
6894
6894
6894
6894
6894
6894
6894
6894
6894
6894
6894
6891
6894
6894
7047
7047
7047
7047
7047
7047
7050
7056
7062
6914
6308
6464
6467
6624
6626
6626
6629
6786
6786
6789
6789
6789
6792
6792
6946
6946
6946
6946
6949
6949
6949
6949
6949
6949
6949
6949
6949
6949
6949
6949
6949
6949
6949
6949
6952
6952
6952
6952
6952
6952
6952
6952
6952
6952
6334
6488
6488
6488
6643
6643
6643
6643
6797
6797
6797
6797
6797
6797
6797
6952
6952
6952
6952
6952
6952
6952
6952
6952
6952
6952
6952
6952
6952
6952
6952
6952
6952
6952
6952
6952
6952
6952
6952
6952
6952
6952
6952
6952
6952
6334
6334
6488
6488
6640
6640
6640
6640
6795
6795
6795
6795
6795
6795
6795
6795
6949
6949
6949
6949
6949
6949
6949
6949
6952
6952
6952
6952
6952
6952
6952
6952
6952
6952
6952
6952
6952
6952
6952
6952
6952
6952
6952
6952
6952
6952
6334
6334
6488
6488
6643
6643
6643
6643
6797
6797
6797
6797
6797
6797
6797
6797
6952
6952
6952
6952
6952
6952
6952
6952
6952
6952
6952
6952
6952
6952
6952
6952
6952
6952
6952
6952
6952
6952
6952
6952
6952
6952
6952
6952
6952
6952
6334
6334
6488
6488
6643
6643
6643
6643
6797
6797
6797
6797
6797
6797
6797
6797
6952
6952
6952
6952
6952
6952
6952
6952
6952
6952
6949
6949
6949
6949
6949
6949
6949
6949
6949
6949
6949
6949
6949
6949
6949
6949
6949
6949
6949
6949
6952
