6453
6453
6607
6758
6912
6912
7062
7216
7216
7213
7366
7366
7366
7366
5529
5836
5990
6294
6448
6602
6752
6752
6906
7059
7062
7219
7216
7216
7369
5378
5683
5836
6141
6294
6448
6599
6755
6758
6909
7062
7062
7213
7213
7213
4609
4917
5224
5534
5844
5997
6149
6300
6607
6604
6758
6909
7062
7062
7216
5376
5685
5839
6146
6297
6451
6602
6755
6909
6909
7059
7059
7213
7213
7366
7363
6451
6604
6755
6909
6906
7059
7059
7213
7213
7366
7366
7366
7366
7520
7516
7516
6448
6602
6755
6906
6906
7059
7059
7213
7210
7363
7363
7363
7363
7516
7516
7520
5683
5987
6141
6294
6445
6599
6752
6906
6906
7056
7056
7213
7216
7369
7369
7366
7366
5683
5836
6141
6294
6448
6602
6752
6906
6906
7062
7062
7216
7216
7366
7366
7366
7366
5683
5987
6141
6292
6445
6599
6752
6909
6909
7062
7062
7213
7213
7366
7366
7366
7363
5834
5987
6294
6448
6602
6755
6755
6909
7059
7059
7213
7213
7213
7363
7363
7363
7516
5527
5836
5990
6144
6448
6602
6602
6755
6906
7059
7059
7213
7213
7210
7363
7363
7363
7516
6451
6604
6755
6909
6906
7059
7059
7213
7213
7363
7363
7363
7363
7516
7516
7516
7516
7516
5529
5834
5987
6141
6445
6599
6599
6752
6906
7059
7056
7210
7213
7216
7369
7369
7366
7520
5376
5683
5990
6141
6294
6448
6599
6752
6906
6906
7062
7062
7216
7213
7366
7366
7366
7366
7516
5376
5680
5987
6141
6292
6445
6599
6755
6909
6909
7062
7059
7213
7213
7366
7366
7366
7363
7516
5376
5683
5987
6141
6297
6451
6604
6755
6909
6909
7059
7059
7213
7213
7366
7366
7363
7363
7516
5529
5839
5995
6305
6461
6618
6621
6775
6932
7086
7089
7089
7246
7246
7400
7400
7403
7403
7403
7557
461
614
768
1536
2150
2917
3377
3990
4450
4755
5062
5367
5673
5980
6131
6284
6437
6591
6744
6897
6894
4448
4755
5215
5369
5676
5980
6133
6287
6440
6591
6744
6897
7050
7050
7204
7204
7204
7357
7354
7354
