6174
6323
6318
6467
6464
6461
6613
6610
6607
6758
6758
6755
6752
6752
6752
6903
6903
6903
6900
6900
6900
6897
6897
6897
6894
6894
6894
6894
6891
6891
6891
6891
6891
4291
4600
4907
5058
5364
5518
5668
5822
5975
6128
6128
6279
6432
6432
6432
6585
6585
6585
6735
6735
6738
6738
6735
6888
6888
6888
6888
6888
6888
6888
6888
6891
6891
6888
4291
4598
4753
5060
5364
5518
5671
5822
5975
6128
6128
6281
6432
6432
6432
6585
6585
6585
6738
6738
6738
6738
6738
6891
6891
6891
6888
6888
6888
6888
6888
6888
6888
6888
6888
4904
5211
5515
5668
5822
5972
6126
6126
6279
6279
6432
6432
6585
6585
6582
6735
6735
6735
6735
6735
6888
6888
6888
6894
6900
6906
6912
6917
6920
6923
6926
6929
6932
6935
6937
461
614
921
1536
2303
2763
3377
3683
4142
4448
4753
5060
5213
5520
5678
5836
5995
5997
6154
6310
6313
6470
6472
6475
6629
6632
6632
6635
6789
6789
6792
6792
6792
6792
6795
6795
6795
462
616
923
1539
2153
2767
3226
3687
4147
4454
4759
5064
5218
5369
5676
5829
5982
5980
6133
6287
6287
6440
6437
6593
6591
6591
6591
6744
6744
6744
6744
6744
6897
6897
6897
6897
6897
6897
5522
5676
5829
5980
5980
6133
6287
6284
6437
6437
6591
6591
6591
6744
6744
6744
6744
6744
6744
6897
6897
6897
6897
6897
6897
6894
6897
6897
6897
6897
6894
6894
6894
6894
6894
6897
6897
6897
4295
4450
4452
4609
4915
5220
5373
5524
5678
5829
5982
6133
6289
6289
6443
6440
6593
6593
6593
6591
6744
6747
6752
6758
6764
6766
6769
6926
6929
6932
6935
6937
6937
6940
6940
6943
6943
6943
6943
6174
6329
6329
6483
6486
6486
6640
6640
6640
6640
6795
6795
6795
6795
6795
6795
6797
6797
6952
6952
6952
6952
6952
6952
6952
6952
6952
6952
6952
6952
6952
6952
6952
6952
6952
6952
6952
6952
6952
6179
6334
6334
6488
6488
6643
6643
6643
6643
6797
6797
6797
6797
6797
6797
6797
6795
6795
6952
6952
6952
6952
6949
6952
6949
6952
6952
6952
6952
6949
6952
6952
6952
6952
6952
6952
6952
6952
6952
6952
6179
6334
6334
6488
6488
6643
6643
6643
6643
6797
6797
6797
6797
6797
6797
6797
6797
6797
6952
6952
6952
6952
6952
6952
6952
6952
6952
6952
6952
6952
6952
6952
6952
6952
6952
6952
6952
6952
6952
6952
6952
6179
6334
6334
6488
6488
6488
6643
6643
6643
6643
6797
6797
6797
6797
6797
6797
6797
6797
6797
6952
6952
6952
6952
6952
6952
6952
6952
6952
6952
6952
6952
6952
6952
6952
6952
6952
6952
6952
6952
6952
6952
6952
6179
6334
6334
6488
6488
6488
6643
6643
6643
6643
6797
6797
6797
6797
6797
6797
6797
6797
6797
6952
6952
6952
6952
6952
6952
6952
6952
6952
6952
6952
6952
6952
6952
6952
6952
6952
6952
6952
6952
6952
6952
6952
6179
6334
6334
6488
6488
6488
6643
6643
6643
6643
6797
6797
6797
6797
6797
6797
6797
6797
6797
6952
6952
6952
6952
6952
6952
6952
6952
6952
6952
6952
6952
6952
6952
6952
6952
6952
6952
6952
6952
6952
6952
6952
6952
6179
6334
6334
6488
6488
6488
6643
6643
6643
6643
6797
6797
6797
6797
6797
6797
6797
6797
6797
6952
6952
6952
6952
6952
6952
6952
6952
6952
6952
6952
6952
6952
6952
6952
6952
6952
6952
6952
6952
6952
6952
6952
6952
6952
6179
6334
6334
6488
6488
6488
6643
6643
6643
6643
6797
6795
6795
6795
6795
6795
6795
6792
6792
6949
6949
6949
6949
6949
6949
6949
6949
6949
6949
6949
6949
6949
6949
6949
6949
6949
6949
6949
6949
6952
6952
6952
6952
6952
6952
6179
6334
6334
6488
6488
6488
6643
6643
6643
6643
6797
6797
6797
6797
6797
6797
6797
6797
6797
6952
6952
6952
6952
6952
6952
6952
6952
6952
6952
6952
6952
6952
6952
6952
6952
6952
6952
6952
6952
6952
6952
6952
6952
6952
6952
6179
6334
6334
6488
6488
6488
6643
6643
6643
6643
6797
6797
6797
6797
6797
6797
6797
6797
6797
6952
6952
6952
6952
6952
6952
6952
6952
6952
6952
6952
6952
6952
6952
6952
6952
6952
6952
6952
6952
6952
6952
6952
6952
6952
6952
6952
6179
6334
6334
6488
6488
6488
6643
6643
6643
6643
6797
6797
6797
6797
6797
6797
6797
6797
6797
6952
6952
6952
6952
6952
6952
6952
6952
6952
6952
6952
6952
6952
6952
6952
6952
6952
6952
6952
6952
6952
6952
6952
6952
6952
6952
6952
6952
6179
6334
6334
6488
6488
6488
6643
6643
6643
6643
6797
6797
6797
6797
6797
6797
6797
6797
6797
6797
6952
6952
6952
6952
6952
6952
6952
6952
6952
6952
6952
6952
6952
6952
6952
6952
6952
6952
6952
6952
6952
6952
6952
6952
6952
6952
6952
