7840
8147
8455
8762
8916
7997
8304
8612
8762
8916
8154
8458
8612
8919
9073
8154
8462
8612
8919
9073
8308
8462
8766
8919
9073
8308
8462
8766
8919
9073
8308
8612
8766
8919
9069
9223
8308
8612
8766
8919
9223
9377
8308
8612
8766
8919
9223
9377
8308
8612
8766
9073
9227
9377
8462
8612
8766
9073
9227
9377
8462
8612
8919
9073
9227
9377
8462
8612
8919
9073
9227
9377
8462
8612
8919
9073
9227
9377
8462
8766
8919
9073
9227
9377
8462
8766
8919
9073
9227
9377
8462
8766
8919
9073
9227
9377
9531
8462
8766
8919
9073
9227
9377
9531
8615
8766
8919
9073
9227
9377
9531
8615
8766
8919
9227
9381
9377
9531
6329
6329
6483
6483
6486
6640
6640
6637
6640
6792
6795
6792
6792
6792
6792
6792
6792
6946
6946
6946
6946
6946
6946
6946
6946
6946
6946
6946
6946
6946
6946
6946
6946
6946
6329
6329
6483
6483
6483
6637
6637
6637
6637
6792
6792
6792
6792
6792
6792
6792
6792
6792
6946
6946
6946
6946
6946
6946
6946
6946
6946
6946
6946
6946
6946
6946
6946
6946
6331
6331
6486
6486
6486
6640
6640
6637
6637
6795
6792
6795
6792
6792
6792
6792
6792
6946
6946
6946
6946
6946
6946
6946
6946
6946
6946
6946
6946
6946
6946
6946
6946
6946
6946
6177
6331
6331
6486
6486
6640
6640
6640
6640
6795
6795
6795
6795
6795
6795
6792
6792
6946
6946
6946
6946
6946
6946
6946
6946
6946
6946
6946
6946
6946
6946
6946
6946
6946
6946
6946
6331
6329
6483
6483
6483
6637
6637
6637
6637
6792
6792
6792
6792
6792
6792
6792
6792
6946
6946
6946
6946
6946
6946
6946
6946
6946
6946
6946
6946
6946
6946
6946
6946
6946
6946
6946
6946
6331
6331
6486
6486
6486
6640
6640
6640
6640
6795
6792
6792
6792
6795
6792
6792
6792
6946
6946
6946
6946
6946
6946
6946
6946
6946
6949
6949
6949
6949
6949
6946
6946
6946
6946
6946
6946
6331
6331
6486
6486
6486
6640
6640
6640
6637
6792
6795
6795
6792
6786
6780
6932
6926
6923
6923
6920
6917
6914
6912
6912
6909
6909
6906
6906
6906
6906
6906
6903
6903
6903
6903
6903
6900
4145
4454
4763
5068
5222
5527
5678
5831
5985
6138
6136
6289
6289
6443
6440
6596
6593
6593
6747
6747
6747
6747
6747
6747
6900
6900
6900
6900
6900
6900
6900
6900
6900
6900
6900
6900
6900
6900
4452
4608
4915
5220
5373
5524
5678
5831
5985
6136
6289
6289
6443
6443
6596
6593
6593
6747
6747
6747
6747
6747
6747
6900
6900
6900
6900
6900
6900
6900
6900
6900
6900
6900
6900
6900
6900
6900
6900
4299
4606
4759
5068
5376
5529
5680
5834
5985
6138
6138
6292
6445
6445
6445
6596
6596
6596
6749
6749
6749
6747
6747
6900
6900
6900
6900
6900
6903
6909
6912
6917
6920
6923
6929
6929
6932
6935
6937
6937
460
460
768
1381
1995
2609
3068
3526
3986
4291
4598
4904
5209
5362
5515
5668
5819
5972
6126
6279
6279
6432
6432
6585
6585
6585
6738
6738
6738
6738
6738
6738
6888
6888
6891
6891
6891
6891
6891
6891
6891
6888
4445
4753
5060
5211
5364
5671
5822
5975
5975
6128
6281
6279
6432
6432
6585
6585
6585
6738
6738
6735
6735
6735
6888
6888
6888
6888
6888
6888
6888
6888
6888
6888
6888
6888
6888
6888
6888
6888
7042
7042
7042
5066
5371
5522
5676
5827
5980
6133
6284
6284
6435
6435
6588
6588
6585
6738
6738
6738
6738
6738
6891
6891
6891
6891
6891
6891
6891
6888
6888
6888
6888
6888
6888
6888
6891
7042
7042
7042
7042
7042
7042
7042
4904
5215
5373
5531
5690
5846
6002
6159
6161
6318
6318
6475
6475
6632
6632
6635
6635
6789
6792
6792
6792
6792
6792
6795
6949
6949
6949
6949
6949
6949
6949
6949
6949
6949
6952
6952
6952
6952
6952
6952
6952
6952
6952
465
465
775
930
1085
1239
1394
1858
2478
2941
3404
3868
4176
4485
4793
5102
5257
5566
5718
5873
6027
6027
6182
6336
6334
6488
6488
6488
6643
6643
6643
6643
6797
6797
6797
6797
6797
6797
6797
6797
6952
6952
6952
6952
6952
6952
6952
6179
6334
6334
6334
6488
6488
6643
6643
6643
6643
6797
6797
6797
6797
6797
6797
6797
6797
6797
6952
6952
6952
6952
6952
6952
6952
6952
6952
6952
6952
6952
6952
6952
6952
6952
6952
6952
6952
6952
6952
6952
6952
6952
6952
6952
6179
6334
6334
6488
6488
6643
6643
6643
6643
6643
6797
6797
6797
6797
6797
6797
6797
6797
6952
6952
6952
6952
6952
6952
6952
6952
6952
6952
6952
6952
6952
6952
6952
6952
6952
6952
6952
6952
6952
6952
6952
6952
6952
6952
6952
6179
6334
6334
6488
6488
6488
6643
6643
6643
6643
6797
6797
6797
6797
6797
6797
6797
6797
6952
6952
6952
6952
6952
6952
6952
6952
6952
6952
6952
6952
6952
6952
6952
6952
6952
6952
6952
6952
6952
6952
6952
6952
6952
6952
6952
6952
6179
6334
6334
6488
6488
6488
6643
6643
6643
6643
6797
6797
6797
6797
6797
6797
6797
6797
6952
6952
6952
6952
6952
6952
6952
6952
6952
6952
6952
6952
6952
6952
6952
6952
6952
6952
6952
6952
6952
6952
6952
6952
6952
6952
6952
6952
6952
6179
6334
6334
6488
6488
6488
6643
6643
6643
6643
6797
6797
6797
6797
6797
6797
6797
6797
6797
6952
6952
6952
6952
6952
6952
6952
6952
6952
6952
6952
6952
6952
6952
6952
6952
6952
6952
6952
6952
6952
6952
6952
6952
6952
6952
6952
6952
