7686
7993
8301
8605
8758
7997
8150
8455
8762
8916
8150
8304
8612
8766
9069
8154
8458
8612
8919
9073
8154
8458
8766
8919
9073
8308
8462
8766
8919
9073
8308
8458
8766
8919
9073
9223
8308
8612
8766
8919
9227
9377
8308
8612
8766
9073
9227
9377
8308
8612
8766
9073
9227
9377
8462
8612
8919
9073
9227
9377
8462
8612
8919
9073
9227
9377
8462
8612
8919
9073
9227
9377
8462
8612
8919
9073
9227
9377
8462
8766
8919
9073
9223
9377
8458
8766
8919
9069
9223
9377
8458
8766
8919
9069
9223
9377
9531
8458
8766
8919
9069
9223
9377
9531
8612
8766
8919
9069
9223
9377
9531
8612
8766
8916
9069
9223
9377
9531
7089
7243
7397
7551
7705
7705
7856
7856
8010
7089
7243
7397
7551
7705
7702
7856
8010
8010
7243
7397
7551
7548
7702
7856
7856
8010
8010
7089
7243
7397
7551
7705
7705
7856
7856
8010
8010
7089
7397
7397
7551
7705
7859
7859
8010
8010
8010
7243
7397
7551
7705
7705
7859
7859
8010
8010
8164
7243
7397
7551
7551
7705
7859
7859
8010
8010
8164
7243
7397
7551
7705
7705
7859
7859
8010
8010
8164
7243
7397
7551
7551
7705
7859
7859
8010
8010
8164
8164
7243
7397
7551
7705
7702
7856
8010
8010
8010
8164
8164
7243
7397
7551
7702
7702
7856
7856
8010
8010
8164
8164
7243
7397
7551
7705
7705
7859
8010
8010
8010
8164
8164
7243
7397
7551
7705
7705
7859
7859
8010
8010
8164
8164
7243
7397
7551
7705
7705
7859
7859
8010
8010
8164
8164
8164
7243
7397
7551
7705
7705
7859
7859
8010
8010
8164
8164
8164
7243
7397
7551
7705
7705
7859
8010
8010
8010
8164
8164
8164
7397
7397
7551
7705
7859
7859
8013
8010
8010
8164
8164
8164
7243
7397
7551
7705
7859
7856
7849
7846
7843
7840
7836
7833
7833
6607
6758
6909
7059
7213
7210
7363
7363
7513
7513
7667
7667
7667
7817
5218
5524
5831
6136
6289
6443
6747
6900
6900
7053
7204
7357
7357
7510
6177
6331
6331
6486
6486
6486
6640
6640
6640
6640
6795
6795
6797
6797
6797
6797
6797
6797
6797
6797
6952
6952
6952
6952
6952
6952
6952
6952
6952
6952
6952
6952
6952
6952
6179
6334
6329
6478
6472
6467
6618
6613
6613
6764
6761
6758
6755
6752
6752
6906
6903
6903
6900
6900
6900
6900
6897
6900
6897
6897
6897
6897
6897
6897
6897
6897
6897
6897
4757
5066
5218
5524
5676
5829
5980
5980
6133
6287
6287
6440
6437
6591
6591
6591
6741
6744
6741
6741
6741
6741
6894
6894
6894
6894
6894
6894
6894
6894
6894
6894
6894
6894
6894
4295
4297
4452
4761
5066
5220
5524
5676
5829
5982
6133
6136
6289
6287
6440
6440
6593
6593
6591
6744
6744
6744
6744
6744
6897
6897
6897
6897
6897
6897
6897
6894
6894
6894
6894
6894
5829
5982
6133
6133
6287
6284
6437
6437
6591
6591
6596
6755
6761
6764
6769
6772
6775
6778
6778
6935
6937
6937
6940
6940
6943
6943
6943
6946
6946
6946
6946
6949
6949
6949
6949
6949
6177
6334
6334
6488
6488
6488
6643
6643
6643
6643
6797
6797
6797
6797
6797
6797
6797
6797
6952
6952
6952
6952
6952
6952
6952
6952
6952
6952
6952
6952
6952
6952
6952
6952
6952
6952
6952
6179
6334
6334
6488
6488
6643
6643
6643
6643
6797
6797
6797
6797
6797
6797
6797
6797
6797
6952
6952
6952
6952
6952
6952
6952
6952
6952
6952
6952
6952
6952
6952
6952
6952
6952
6952
6952
6952
6179
6334
6334
6488
6488
6488
6643
6643
6643
6643
6797
6797
6797
6797
6797
6797
6795
6795
6949
6949
6949
6949
6949
6949
6949
6949
6949
6949
6949
6949
6949
6949
6949
6949
6949
6949
6949
6949
6949
6179
6334
6334
6488
6488
6488
6643
6643
6643
6643
6797
6797
6797
6797
6797
6797
6797
6797
6952
6952
6952
6952
6952
6952
6952
6952
6952
6952
6952
6952
6952
6952
6952
6952
6952
6952
6949
6952
6949
6179
6334
6334
6488
6488
6488
6643
6643
6643
6643
6797
6797
6797
6797
6797
6797
6797
6797
6797
6952
6952
6952
6952
6952
6952
6952
6952
6952
6952
6952
6952
6952
6952
6952
6952
6952
6952
6952
6952
6952
6179
6334
6334
6488
6488
6488
6643
6643
6643
6643
6797
6797
6797
6797
6797
6797
6797
6797
6797
6952
6952
6952
6952
6952
6952
6952
6952
6952
6952
6952
6952
6952
6952
6952
6952
6952
6952
6952
6952
6952
6952
6179
6334
6334
6488
6488
6488
6643
6643
6643
6643
6797
6797
6797
6797
6797
6797
6797
6797
6797
6952
6952
6952
6952
6952
6952
6952
6952
6952
6952
6952
6952
6952
6952
6952
6952
6952
6952
6952
6952
6952
6952
6952
6179
6334
6334
6488
6488
6488
6643
6643
6643
6643
6797
6797
6797
6797
6797
6797
6797
6797
6797
6952
6952
6952
6952
6952
6952
6952
6952
6952
6952
6952
6952
6952
6952
6952
6952
6952
6952
6952
6952
6952
6952
6952
6179
6334
6334
6488
6488
6488
6643
6643
6643
6643
6797
6797
6797
6797
6797
6797
6797
6797
6952
6952
6952
6952
6952
6952
6952
6952
6952
6952
6952
6952
6952
6952
6952
6952
6952
6952
6952
6952
6952
6952
6952
6952
6952
6179
6334
6334
6488
6488
6488
6643
6643
6643
6643
6797
6797
6797
6797
6797
6797
6797
6797
6797
6952
6952
6952
6952
6952
6952
6952
6952
6952
6952
6952
6952
6952
6952
6952
6952
6952
6952
6952
6952
6952
6952
6952
6952
6952
6179
6334
6334
6488
6488
6488
6643
6643
6643
6643
6797
6797
6797
6797
6797
6797
6797
6797
6797
6952
6952
6952
6952
6952
6952
6952
6952
6952
6952
6952
6952
6952
6952
6952
6952
6952
6952
6952
6952
6952
6952
6952
6952
6952
6952
6179
6334
6334
6488
6488
6488
6643
6643
6643
6643
6797
6797
6797
6797
6797
6797
6797
6797
6797
6797
6952
6952
6952
6952
6952
6952
6952
6952
6952
6952
6952
6952
6952
6952
6952
6952
6952
6952
6952
6952
6952
6952
6952
6952
6952
6179
6334
6334
6488
6488
6488
6643
6643
6643
6643
6797
6797
6797
6797
6797
6797
6797
6797
6797
6952
6952
6952
6952
6952
6952
6952
6952
6952
6952
6952
6952
6952
6952
6952
6952
6952
6952
6952
6952
6952
6952
6952
6952
6952
6952
6952
6179
6334
6334
6488
6488
6488
6643
6643
6643
6643
6797
6797
6797
6797
6797
6797
6797
6797
6797
6952
6952
6952
6952
6952
6952
6952
6952
6952
6952
6952
6952
6952
6952
6952
6952
6952
6952
6952
6952
6952
6952
6952
6952
6952
6952
6952
6952
6179
6334
6334
6488
6488
6488
6643
6643
6643
6643
6797
6797
6797
6797
6797
6797
6797
6797
6797
6952
6952
6952
6952
6952
6952
6952
6952
6952
6952
6952
6952
6952
6952
6952
6952
6952
6952
6952
6952
6952
6952
6952
6952
6952
6952
6952
6952
7542
7849
8000
8308
8458
7542
7849
8154
8308
8458
7542
7846
8154
8308
8612
7696
8000
8154
8304
8612
7696
8000
8154
8458
8612
7692
8000
8154
8458
8612
7692
8000
8154
8458
8612
7692
8000
8308
8458
8612
7846
8000
8308
8458
8612
7846
8000
8308
8458
8612
8766
7849
8000
8308
8462
8612
8766
7849
8000
8308
8462
8612
8766
7849
8154
8308
8458
8612
8766
7849
8154
8308
8458
8612
8766
7849
8154
8308
8458
8612
8766
7849
8154
8308
8458
8612
8766
7849
8154
8308
8458
8612
8766
7846
8154
8308
8458
8612
8766
8000
8154
8308
8612
8766
8919
8000
8154
8308
8612
8766
8919
