6626
6783
6783
6937
7092
7092
7092
7246
7246
7400
7400
7400
7400
7397
7548
4923
5231
5536
5841
5992
6144
6448
6602
6752
6752
6903
7056
7056
7207
7207
5524
5831
5982
6136
6440
6593
6593
6744
6897
7050
7050
7204
7204
7201
7354
6289
6440
6593
6747
6744
6897
7050
7050
7204
7204
7357
7357
7357
7354
7507
6289
6440
6593
6747
6744
6897
7050
7050
7204
7204
7204
7354
7354
7354
7507
7507
6133
6287
6440
6593
6744
6897
6897
7050
7050
7201
7201
7354
7354
7354
7354
7507
5980
6287
6440
6591
6744
6744
6897
7050
7050
7201
7201
7201
7354
7354
7354
7507
5829
5980
6287
6440
6591
6744
6744
6897
7050
7050
7201
7201
7354
7354
7354
7354
5676
5980
6133
6287
6437
6591
6744
6897
7050
7047
7201
7201
7201
7354
7354
7354
7507
5676
5827
6133
6287
6437
6591
6744
6897
6897
7050
7050
7204
7204
7354
7354
7354
7354
5369
5676
5980
6133
6287
6591
6591
6744
6897
7050
7050
7210
7216
7219
7375
7378
7382
462
616
925
1695
2463
3078
3538
3998
4458
4917
5226
5534
5687
5992
6146
6297
6451
6602
6755
5070
5222
5529
5836
5987
6297
6451
6602
6755
6755
6909
7059
7059
7213
7213
7213
7366
7363
5529
5839
5990
6297
6448
6602
6755
6755
6906
7059
7059
7213
7213
7210
7363
7363
7363
7363
5683
5834
6141
6294
6445
6599
6752
6906
6906
7059
7056
7213
7216
7216
7369
7366
7366
7520
7520
5529
5836
5987
6294
6448
6599
6752
6755
6909
7059
7059
7213
7213
7210
7363
7363
7363
7363
7516
5376
5680
5990
6144
6297
6448
6602
6755
6909
6906
7059
7059
7213
7210
7363
7363
7363
7363
7516
6451
6604
6602
6755
6909
7059
7059
7213
7213
7210
7363
7363
7363
7516
7516
7516
7516
7516
7516
7516
5680
5834
6141
6294
6445
6599
6752
6906
6906
7056
7056
7210
7213
7366
7366
7366
7366
7520
7516
7516
5834
5987
6141
6448
6599
6752
6752
6906
7062
7062
7216
7213
7213
7366
7366
7366
7520
7516
7516
7516
7542
7846
8000
8308
8458
7542
7846
8154
8308
8458
7542
7846
8154
8308
8612
7696
8000
8154
8308
8612
7696
8000
8154
8462
8612
7696
8000
8154
8150
7993
7990
7833
5839
5990
5990
6141
6294
6292
6445
6443
6596
6596
5678
6138
6602
6909
7369
6761
7222
7529
7836
7990
7382
7689
7843
8150
8301
8455
7538
7846
8150
8304
8458
8612
7692
8000
8154
8458
8612
8766
7846
8000
8308
8458
8612
8766
7846
8154
8308
8458
8612
8766
7846
8154
8308
8458
8766
8919
8000
8154
8304
8612
8766
8919
8000
8154
8304
8612
8766
8916
8000
8154
8458
8612
8766
8919
8000
8154
8458
8612
8766
8919
8000
8154
8462
8612
8766
8919
