462
616
925
1694
2617
3230
3844
4458
4917
5376
4456
4609
4917
5376
5834
6141
6445
6596
6903
5220
5527
5834
6141
6448
6599
6906
7056
7210
5527
5834
6138
6445
6596
6906
7059
7213
7363
7516
5529
5834
6141
6445
6752
6903
7056
7207
7363
7520
5683
5987
6294
6599
6752
7056
7210
7360
7513
7667
6445
6752
6906
7210
7363
7513
7513
7667
7820
7817
5831
6138
6445
6752
6906
7059
7210
7363
7516
7667
5680
5985
6292
6596
6749
6903
7213
7366
7516
7516
7670
5529
5834
6138
6445
6749
6903
7056
7207
7363
7516
7670
5834
6138
6445
6749
6903
7056
7207
7360
7513
7664
7817
6906
7059
7210
7363
7516
7667
7667
7820
7970
7970
7970
5985
6289
6599
6752
7059
7210
7363
7516
7667
7667
7820
5834
6138
6445
6596
6903
7056
7213
7366
7516
7670
7667
5834
6138
6445
6749
6903
7056
7207
7360
7513
7670
7827
7823
5836
6141
6445
6752
6903
7056
7363
7360
7513
7667
7820
7817
6906
7213
7363
7516
7516
7667
7820
7820
7973
7970
8123
8123
6292
6596
6749
7056
7213
7366
7516
7670
7670
7820
7973
7973
6138
6292
6596
6903
7056
7207
7360
7516
7670
7670
7823
7973
6138
6445
6596
6903
7053
7207
7360
7513
7664
7817
7820
7977
7973
