7997
8150
8458
8762
8916
8000
8308
8458
8766
8919
8000
8308
8612
8766
9073
8000
8308
8612
8766
8919
8154
8462
8612
8919
9073
8000
8308
8615
8766
9073
8000
8308
8615
8766
9073
9227
8154
8462
8612
8919
9073
9223
8154
8462
8612
8919
9073
9223
8308
8458
8766
8919
9069
9223
8308
8612
8766
8919
9069
9223
8154
8462
8612
8919
9073
9227
8308
8462
8766
8919
9073
9227
8308
8615
8766
9073
9227
9377
8154
8462
8612
8919
9073
9227
8308
8462
8766
8919
9073
9227
8308
8612
8766
9073
9227
9377
9531
8462
8612
8919
9073
9227
9377
9531
8308
8462
8766
8919
9073
9227
9377
8462
8612
8919
9073
9227
9377
9531
6632
6786
6786
6937
7092
7092
7092
7246
7249
7403
7403
7403
7403
7403
7557
6632
6786
6786
6940
7095
7095
7249
7249
7249
7403
7403
7403
7403
7400
7548
4463
4615
4921
5224
5529
5834
5985
6136
6443
6593
6747
6744
6897
7047
7047
6289
6440
6591
6744
6744
6894
7047
7047
7201
7198
7198
7351
7351
7351
7501
6437
6591
6741
6894
6894
7044
7044
7198
7198
7351
7351
7351
7351
7501
7501
7501
6437
6591
6741
6741
6894
7044
7044
7198
7198
7351
7351
7351
7348
7501
7501
7501
6131
6284
6435
6588
6741
6891
6891
7044
7044
7198
7198
7351
7351
7348
7501
7501
6131
6284
6435
6588
6741
6894
6891
7044
7044
7198
7198
7351
7351
7348
7501
7501
5676
5827
6133
6284
6437
6588
6741
6894
6894
7047
7044
7198
7198
7351
7351
7351
5824
5977
6284
6437
6588
6741
6894
6891
7044
7044
7198
7198
7351
7351
7348
7348
7501
5518
5824
5977
6281
6435
6588
6738
6891
6891
7044
7044
7198
7198
7351
7348
7348
7348
5671
5824
6128
6281
6435
6588
6738
6891
6891
7044
7198
7204
7210
7366
7372
7375
7378
7535
462
616
770
1539
2155
2925
3387
4003
4311
4771
5077
5382
5687
5995
6146
6297
6451
6602
6755
5070
5376
5529
5836
5992
6300
6451
6604
6755
6755
6909
7062
7059
7213
7213
7213
7366
7363
5529
5683
5992
6146
6297
6451
6602
6755
6909
6906
7059
7059
7213
7210
7363
7363
7363
7363
7516
462
616
769
1539
2307
2922
3535
3995
4454
4761
5220
5373
5678
5985
6138
6289
6443
6596
6749
6903
4450
4911
5218
5522
5831
5987
6144
6302
6459
6615
6772
6926
6929
7083
7086
7240
7243
7243
7397
6632
6786
6786
6940
6940
7095
7095
7252
7252
7406
7406
7406
7406
7406
7560
7560
7560
7560
7560
7560
6792
6946
6946
7100
7100
7252
7252
7252
7406
7406
7406
7406
7406
7560
7560
7560
7560
7560
7560
7560
6792
6946
6946
7100
7100
7255
7255
7255
7409
7406
7406
7406
7560
7560
7560
7560
7560
7560
7560
7560
