462
616
770
1386
2154
2923
3537
4150
4763
5224
4921
5382
5687
5992
6297
6602
6755
7059
7210
5376
5834
6138
6445
6596
6906
7059
7210
7363
5680
5985
6292
6596
6749
7056
7207
7360
7513
7664
6292
6599
6752
7056
7210
7360
7513
7667
7667
7817
5680
5985
6292
6596
6749
7059
7213
7366
7516
7670
5529
5834
6138
6445
6749
6903
7056
7360
7360
7513
6755
7059
7213
7363
7516
7667
7667
7820
7817
7970
5831
6138
6443
6596
6903
7059
7210
7363
7516
7667
7820
5834
6138
6445
6596
6903
7053
7207
7360
7513
7667
7670
6909
7059
7213
7363
7516
7670
7820
7820
7973
7970
8123
5831
6138
6443
6749
6903
7059
7210
7363
7516
7667
7820
5680
5985
6292
6596
6749
7056
7207
7360
7513
7667
7670
460
614
1075
1842
2609
3222
3835
4293
4753
5060
5518
5824
5977
6281
4295
4600
4907
5213
5518
5824
6131
6284
6588
6741
6894
7047
7201
4753
5060
5520
5824
5977
6284
6437
6591
6894
6894
7047
7201
7354
4448
4909
5215
5520
5827
6133
6284
6591
6744
6894
7047
7201
7201
4446
4602
4907
5367
5671
5977
6131
6437
6588
6741
6894
7047
7201
7354
4446
4755
5062
5369
5673
5980
6133
6437
6591
6744
6897
7047
7201
7354
4140
4448
4909
5215
5673
5827
6131
6437
6591
6744
6894
7047
7201
7201
