6169
6323
6323
6478
6480
6480
6635
6635
6635
6635
6789
6789
6789
6789
6789
6789
6789
6789
6946
6946
6946
6946
6946
6946
6946
6946
6946
6946
6946
6946
6946
6943
6937
6932
5077
5380
5531
5683
5834
5985
6136
6136
6287
6440
6437
6437
6591
6588
6588
6741
6741
6741
6741
6741
6894
6894
6894
6894
6891
6891
6891
6891
6891
6891
6888
6888
6888
6888
4907
5211
5364
5515
5668
5822
5972
6126
6279
6279
6432
6432
6585
6585
6585
6738
6735
6735
6735
6735
6888
6888
6888
6888
6888
6888
6888
6888
6888
6888
6888
6888
6888
6888
6888
4291
4600
4904
5058
5364
5515
5668
5822
5975
6128
6279
6279
6432
6432
6585
6585
6585
6738
6738
6738
6735
6735
6888
6888
6888
6888
6888
6888
6888
6888
6888
6888
6888
6888
6888
5518
5671
5822
5975
6128
6279
6279
6432
6432
6585
6585
6585
6738
6735
6735
6735
6744
6749
6909
6912
6917
6920
6923
6926
6929
6932
6935
6935
6937
6940
6940
6940
6943
6943
6943
6946
1535
2148
2762
3221
3681
3986
4446
4753
5060
5211
5364
5671
5824
5977
5977
6128
6281
6281
6435
6435
6588
6588
6588
6741
6741
6741
6741
6741
6894
6894
6894
6894
6894
6894
6894
6894
4446
4755
5064
5218
5522
5676
5827
5980
6133
6131
6284
6284
6437
6437
6591
6591
6588
6741
6741
6741
6741
6741
6894
6894
6894
6894
6894
6894
6894
6894
6894
6894
6894
6894
6894
6894
6894
4909
5064
5376
5534
5690
5846
6002
6159
6161
6318
6318
6475
6475
6632
6632
6635
6635
6789
6789
6792
6792
6792
6792
6792
6792
6949
6949
6949
6949
6949
6949
6949
6949
6949
6949
6949
6949
6949
6949
6334
6334
6488
6488
6643
6643
6643
6643
6797
6797
6797
6797
6797
6797
6797
6797
6952
6952
6952
6952
6952
6952
6952
6952
6952
6949
6949
6949
6949
6949
6949
6949
6949
6949
6949
6949
6949
6949
6949
6331
6486
6486
6486
6640
6643
6643
6643
6795
6797
6797
6795
6795
6795
6795
6795
6949
6949
6949
6949
6949
6949
6949
6949
6949
6949
6949
6949
6949
6949
6949
6949
6949
6949
6949
6949
6952
6952
6952
6952
6334
6334
6488
6488
6643
6643
6643
6643
6797
6797
6797
6797
6797
6797
6797
6797
6952
6952
6952
6952
6952
6952
6952
6952
6952
6952
6952
6952
6952
6952
6952
6952
6952
6952
6952
6952
6952
6952
6952
6952
6952
6334
6334
6488
6488
6643
6643
6643
6643
6797
6797
6797
6797
6797
6797
6797
6797
6797
6952
6952
6952
6952
6952
6952
6952
6952
6952
6952
6952
6952
6952
6952
6952
6952
6952
6952
6952
6952
6952
6952
6952
6952
6334
6334
6488
6488
6643
6643
6643
6643
6797
6797
6795
6795
6795
6795
6795
6795
6795
6949
6949
6949
6949
6949
6949
6949
6949
6949
6949
6949
6949
6949
6949
6949
6949
6949
6949
6949
6949
6949
6949
6949
6949
6949
6334
6334
6488
6488
6643
6643
6643
6643
6797
6797
6797
6797
6797
6797
6797
6797
6952
6952
6952
6952
6952
6952
6952
6952
6952
6952
6952
6952
6952
6952
6952
6952
6952
6952
6952
6952
6952
6952
6952
6952
6952
6952
6952
6334
6334
6488
6488
6643
6643
6643
6643
6797
6797
6797
6797
6797
6797
6797
6797
6797
6952
6952
6952
6952
6952
6952
6952
6952
6952
6952
6952
6952
6952
6952
6952
6952
6952
6952
6952
6952
6952
6949
6949
6949
6949
6949
6331
6331
6486
6486
6486
6640
6640
6640
6640
6795
6795
6795
6795
6795
6795
6797
6797
6952
6952
6952
6952
6952
6952
6952
6952
6952
6952
6952
6952
6952
6952
6952
6952
6952
6952
6952
6952
6952
6952
6952
6952
6952
6952
6952
6334
6334
6488
6488
6488
6643
6643
6643
6643
6797
6797
6797
6797
6797
6797
6797
6797
6952
6952
6952
6952
6952
6952
6952
6952
6952
6952
6952
6952
6952
6952
6952
6952
6952
6952
6952
6952
6952
6952
6952
6952
6952
6952
6952
6952
6334
6334
6488
6488
6486
6640
6640
6640
6640
6795
6795
6795
6795
6795
6795
6795
6795
6949
6949
6949
6949
6949
6949
6949
6949
6949
6949
6949
6949
6949
6949
6949
6949
6949
6949
6949
6949
6949
6949
6949
6952
6952
6952
6952
6952
6952
6334
6334
6488
6488
6488
6643
6643
6643
6643
6797
6797
6797
6797
6797
6797
6797
6797
6952
6952
6952
6952
6952
6952
6952
6952
6952
6952
6952
6952
6952
6952
6952
6952
6952
6952
6952
6952
6952
6952
6952
6952
6952
6952
6952
6952
6952
6952
6334
6334
6488
6488
6488
6643
6643
6643
6643
6797
6797
6797
6797
6797
6797
6797
6797
6952
6952
6952
6952
6952
6952
6952
6952
6952
6952
6952
6952
6952
6952
6952
6952
6952
6952
6952
6952
6952
6952
6952
6952
6949
6949
6949
6949
6949
6949
6792
6946
6946
7097
7097
7252
7252
7252
7406
7406
7406
7406
7560
7560
6792
6946
6946
7097
7097
7252
7252
7252
7406
7406
7406
7406
7406
7560
7560
6792
6946
6946
7097
7097
7252
7252
7252
7406
7406
7406
7406
7406
7560
7560
6789
6943
6943
7097
7097
7252
7252
7252
7406
7406
7406
7406
7406
7560
7560
6789
6943
6943
7097
7097
7252
7252
7252
7406
7406
7406
7406
7406
7560
7560
7560
6792
6943
6943
7097
7097
7252
7252
7252
7406
7406
7406
7406
7560
7560
7560
7560
6792
6946
6943
7097
7097
7252
7252
7252
7406
7406
7406
7406
7560
7560
7560
7560
6792
6946
6943
7097
7097
7252
7252
7252
7406
7406
7406
7406
7406
7560
7560
7560
7560
6792
6946
7097
7097
7097
7252
7252
7252
7406
7406
7406
7406
7560
7560
7560
7560
7560
6792
6946
7097
7097
7097
7252
7252
7406
7406
7406
7406
7406
7560
7560
7560
7560
7560
6789
6943
6943
7097
7097
7252
7252
7252
7406
7406
7406
7406
7560
7560
7560
7560
7560
6789
6943
7097
7097
7097
7252
7252
7252
7406
7406
7406
7406
7560
7560
7560
7560
7560
7560
6792
6943
7097
7097
7252
7252
7252
7406
7406
7406
7406
7406
7560
7560
7560
7560
7560
7560
6792
6946
7097
7097
7097
7252
7252
7406
7406
7406
7406
7406
7560
7560
7560
7560
7560
7560
6792
6946
7097
7097
7252
7252
7252
7406
7406
7406
7406
7406
7560
7560
7560
7560
7560
7560
6789
6943
7097
7097
7097
7252
7252
7252
7406
7406
7406
7406
7560
7560
7560
7560
7560
7560
7560
6789
6943
6943
7097
7097
7252
7252
7252
7406
7406
7406
7406
7560
7560
7560
7560
7560
7560
7560
6789
6943
7097
7097
7097
7252
7252
7406
7406
7406
7406
7406
7560
7560
7560
7560
7560
7560
7560
7560
6946
6943
7097
7097
7252
7252
7252
7406
7406
7406
7406
7406
7560
7560
7560
7560
7560
7560
7560
7560
6946
6943
7097
7097
7252
7252
7252
7406
7406
7406
7406
7406
7560
7560
7560
7560
7560
7560
7560
7560
8311
8465
8769
8923
9077
8311
8619
8769
8923
9077
8311
8619
8769
8923
9231
8311
8619
8769
8923
9231
8311
8619
8769
8923
9077
8311
8619
8769
9077
9231
8311
8619
8773
8923
9077
9231
8465
8619
8923
9077
9231
8465
8773
8923
9077
9231
8465
8619
8923
9077
9231
8465
8619
8923
9077
9231
9385
8465
8773
8923
9077
9231
9385
8465
8773
8923
9077
9231
9385
8465
8773
8923
9077
9231
9385
8619
8769
9077
9231
9385
9535
8619
8769
8923
9231
9381
9381
8615
8769
9077
9231
9381
9535
8462
8769
8923
9077
9231
9381
9535
8619
8923
9077
9231
9385
9535
8619
8923
9077
9231
9385
9535
