4307
4461
4921
5226
5531
5685
5990
6144
6294
6448
6602
6752
6906
6906
4763
5068
5376
5680
5834
6141
6294
6445
6602
6761
6914
6912
7065
7065
7216
5378
5683
5990
6144
6294
6448
6604
6758
6912
6909
7062
7062
7216
7213
7366
5376
5683
5834
6144
6300
6451
6604
6755
6909
6909
7062
7059
7213
7213
7366
5683
5992
6144
6297
6448
6602
6755
6906
6906
7059
7059
7210
7210
7363
7363
7363
5834
5987
6141
6445
6599
6599
6752
6906
7059
7056
7210
7210
7213
7366
7366
7366
5376
5683
5836
6141
6294
6448
6599
6752
6906
6909
7062
7062
7213
7213
7366
7366
4763
5070
5376
5683
5839
6149
6305
6456
6607
6761
6912
6912
7062
7062
7216
7213
7366
5376
5683
5836
6146
6300
6451
6604
6755
6909
6909
7059
7059
7213
7213
7366
7366
7363
5990
6144
6297
6448
6602
6755
6906
6906
7059
7059
7213
7213
7363
7363
7363
7363
7520
5376
5683
5987
6141
6294
6445
6599
6752
6906
6903
7056
7056
7213
7216
7369
7366
7366
5529
5834
5987
6294
6448
6599
6752
6752
6906
7059
7062
7216
7216
7216
7366
7366
7366
7520
5683
5987
6141
6294
6445
6599
6752
6906
6909
7062
7216
7213
7213
7366
7366
7366
7363
7516
5683
5987
6141
6294
6448
6604
6758
6909
6909
7062
7062
7213
7213
7366
7366
7366
7363
7516
5376
5683
5992
6144
6297
6448
6602
6755
6909
6906
7059
7059
7213
7213
7363
7363
7363
7363
7516
6297
6453
6610
6613
6769
6926
6929
7083
7086
7240
7243
7397
7397
7400
7400
7400
7554
7557
7557
6635
6789
6943
6943
7097
7097
7252
7252
7252
7406
7406
7406
7406
7560
7560
7560
7560
7560
7560
6792
6943
6943
7097
7097
7252
7252
7252
7406
7406
7406
7406
7406
7560
7560
7560
7560
7560
7560
7560
6792
6946
6946
7100
7100
7255
7255
7252
7406
7406
7406
7406
7560
7560
7560
7560
7560
7560
7560
7560
6792
6946
6946
7100
7100
7255
7255
7255
7406
7406
7406
7406
7406
7560
7560
7560
7560
7560
7560
7560
